1577836800000,44.67000000,44.69000000,44.54000000,44.57000000,1017.44120000,1577840399999,45395.98305150,170,668.87752000,29853.39691350,0
1577840400000,44.58000000,44.89000000,44.56000000,44.88000000,747.40031000,1577843999999,33483.95152830,207,444.34872000,19907.93793660,0
1577844000000,44.91000000,45.03000000,44.86000000,45.02000000,350.18785000,1577847599999,15732.55385980,134,157.70335000,7085.68863250,0
1577847600000,44.91000000,45.14000000,44.86000000,45.04000000,571.83103000,1577851199999,25751.05466250,193,314.61665000,14166.41647710,0
1577851200000,44.97000000,45.43000000,44.95000000,45.21000000,1392.86037000,1577854799999,62955.62825340,389,578.03139000,26162.38799440,0
1577854800000,45.21000000,45.32000000,45.20000000,45.21000000,258.35646000,1577858399999,11689.45637380,96,127.46520000,5768.50208590,0
1577858400000,45.21000000,45.59000000,45.21000000,45.57000000,1887.73229000,1577861999999,85962.62466390,504,613.14628000,27922.21854750,0
1577862000000,45.60000000,45.77000000,45.60000000,45.67000000,1401.88123000,1577865599999,64059.54841920,358,929.02553000,42464.99884730,0
1577865600000,45.68000000,45.71000000,45.30000000,45.39000000,2126.63801000,1577869199999,96718.48615600,285,1132.88728000,51524.40601610,0
1577869200000,45.38000000,45.44000000,45.21000000,45.22000000,693.23429000,1577872799999,31409.92832280,203,193.80499000,8782.38764680,0
1577872800000,45.22000000,45.29000000,45.20000000,45.24000000,349.99984000,1577876399999,15837.57782140,140,295.55037000,13374.29487740,0
1577876400000,45.24000000,45.36000000,45.00000000,45.10000000,1868.84226000,1577879999999,84423.63338670,626,934.89485000,42249.41914340,0
1577880000000,45.10000000,45.32000000,45.10000000,45.31000000,300.68521000,1577883599999,13593.25490980,140,118.80259000,5368.23335050,0
1577883600000,45.29000000,45.41000000,45.26000000,45.33000000,293.76831000,1577887199999,13324.62199370,75,204.42786000,9272.39570180,0
1577887200000,45.35000000,45.50000000,45.27000000,45.50000000,265.50732000,1577890799999,12055.53107890,126,133.28402000,6057.93298570,0
1577890800000,45.50000000,45.67000000,45.46000000,45.57000000,407.61879000,1577894399999,18567.96745800,168,326.83748000,14887.81031740,0
1577894400000,45.57000000,45.88000000,45.50000000,45.88000000,879.91900000,1577897999999,40215.62306680,192,604.11602000,27620.50740060,0
1577898000000,45.86000000,45.89000000,45.57000000,45.60000000,719.06789000,1577901599999,32923.98631420,178,127.80019000,5853.58988040,0
1577901600000,45.61000000,45.74000000,45.54000000,45.60000000,419.39495000,1577905199999,19127.44469150,135,220.17641000,10043.60321500,0
1577905200000,45.63000000,45.71000000,45.54000000,45.61000000,227.45162000,1577908799999,10380.28692850,55,146.25714000,6676.51140360,0
1577908800000,45.67000000,45.87000000,45.66000000,45.79000000,1007.81775000,1577912399999,46134.27018420,166,683.14400000,31257.52303020,0
1577912400000,45.79000000,45.88000000,45.76000000,45.80000000,136.47491000,1577915999999,6256.15430780,87,52.26050000,2395.50759600,0
1577916000000,45.80000000,45.85000000,45.73000000,45.84000000,788.18435000,1577919599999,36089.75990340,274,280.33370000,12838.01099610,0
1577919600000,45.85000000,45.88000000,45.76000000,45.82000000,631.34330000,1577923199999,28917.69489430,161,286.73298000,13139.19893100,0
1577923200000,45.82000000,45.90000000,45.72000000,45.84000000,521.23989000,1577926799999,23885.75893140,174,244.38880000,11206.32148030,0
1577926800000,45.85000000,45.87000000,45.64000000,45.77000000,1182.87005000,1577930399999,54096.59401590,273,441.66666000,20195.30843100,0
1577930400000,45.77000000,45.78000000,45.54000000,45.54000000,415.46272000,1577933999999,18949.43361140,139,49.97227000,2279.76844020,0
1577934000000,45.54000000,45.74000000,45.52000000,45.57000000,705.70096000,1577937599999,32215.67544550,243,299.37272000,13671.45050180,0
1577937600000,45.59000000,45.89000000,45.58000000,45.83000000,903.80501000,1577941199999,41371.37395060,244,240.62845000,11011.98212420,0
1577941200000,45.86000000,45.90000000,45.76000000,45.85000000,280.68491000,1577944799999,12866.04357280,113,180.83104000,8289.80370140,0
1577944800000,45.84000000,45.85000000,45.72000000,45.77000000,619.79998000,1577948399999,28375.16988670,193,257.19108000,11776.43538400,0
1577948400000,45.77000000,45.83000000,45.58000000,45.64000000,603.06938000,1577951999999,27556.30072180,207,409.31227000,18703.81395540,0
1577952000000,45.65000000,45.93000000,45.61000000,45.91000000,651.96609000,1577955599999,29802.98872780,145,497.57112000,22739.50682100,0
1577955600000,45.90000000,45.93000000,45.80000000,45.89000000,481.83826000,1577959199999,22104.99662550,152,276.72478000,12698.03833460,0
1577959200000,45.91000000,46.06000000,45.88000000,45.97000000,728.18902000,1577962799999,33492.23040590,231,579.27432000,26647.33187320,0
1577962800000,45.99000000,46.00000000,45.89000000,45.89000000,183.16252000,1577966399999,8413.35948180,58,93.10896000,4277.40526200,0
1577966400000,45.86000000,46.11000000,45.86000000,46.10000000,809.32297000,1577969999999,37225.60380590,229,677.62937000,31173.23472150,0
1577970000000,46.13000000,46.14000000,45.57000000,45.71000000,1004.00869000,1577973599999,45970.67244960,338,398.03302000,18214.55587310,0
1577973600000,45.73000000,46.00000000,45.65000000,45.79000000,628.29033000,1577977199999,28797.79362710,152,320.55017000,14703.64570310,0
1577977200000,45.79000000,45.93000000,45.62000000,45.71000000,690.19512000,1577980799999,31608.78821950,170,421.70386000,19318.16832670,0
1577980800000,45.72000000,45.78000000,45.21000000,45.27000000,2487.39567000,1577984399999,112995.48388430,521,1012.59491000,46027.19230070,0
1577984400000,45.20000000,45.22000000,44.58000000,44.65000000,3319.72341000,1577987999999,148794.02620940,823,1258.55356000,56440.61766110,0
1577988000000,44.64000000,44.64000000,44.34000000,44.46000000,1749.68975000,1577991599999,77736.42841890,610,584.04939000,25955.47745880,0
1577991600000,44.45000000,44.70000000,44.40000000,44.53000000,1614.96113000,1577995199999,71972.89267980,389,764.34189000,34072.68058800,0
1577995200000,44.48000000,44.54000000,44.31000000,44.34000000,666.61889000,1577998799999,29608.16033040,160,259.22940000,11525.10895300,0
1577998800000,44.37000000,44.90000000,44.37000000,44.78000000,715.66939000,1578002399999,31942.07559730,230,409.56724000,18276.96468290,0
1578002400000,44.81000000,45.30000000,44.81000000,45.26000000,1740.15816000,1578005999999,78376.55582510,597,868.97876000,39158.94833160,0
1578006000000,45.30000000,45.56000000,45.23000000,45.50000000,2650.62196000,1578009599999,120418.99154400,613,1103.71856000,50155.30318980,0
1578009600000,45.54000000,45.95000000,45.45000000,45.94000000,1466.84324000,1578013199999,66999.02346650,378,699.73419000,31969.12578850,0
1578013200000,45.96000000,46.58000000,45.93000000,46.48000000,5800.07061000,1578016799999,268032.96036710,1160,2727.05174000,126058.90514280,0
1578016800000,46.47000000,47.01000000,46.38000000,47.01000000,3450.69349000,1578020399999,161262.26516540,848,2025.19354000,94706.45544120,0
1578020400000,47.01000000,47.27000000,46.89000000,47.23000000,2843.90469000,1578023999999,133777.08921880,497,1809.80860000,85108.53260490,0
1578024000000,47.22000000,48.43000000,46.89000000,47.89000000,10670.33016000,1578027599999,507896.59983530,2023,5289.11480000,252247.28975580,0
1578027600000,47.91000000,48.50000000,47.60000000,48.48000000,5494.03513000,1578031199999,264466.43868630,1002,2914.19868000,140397.63171750,0
1578031200000,48.50000000,49.00000000,48.43000000,48.63000000,4983.67595000,1578034799999,243227.17480960,984,2890.56171000,141129.65428670,0
1578034800000,48.66000000,48.71000000,48.27000000,48.35000000,2729.80662000,1578038399999,132317.68839490,676,1288.40796000,62449.43070110,0
1578038400000,48.38000000,49.31000000,48.38000000,48.98000000,5667.44460000,1578041999999,276733.91848700,1191,3428.50315000,167575.01476890,0
1578042000000,49.00000000,50.17000000,48.96000000,50.08000000,7525.70536000,1578045599999,374202.97783470,1526,5340.03399000,265734.15014350,0
1578045600000,50.10000000,50.14000000,49.13000000,49.46000000,7849.40185000,1578049199999,390019.60318610,1470,3287.04988000,163625.14383360,0
1578049200000,49.43000000,49.52000000,49.16000000,49.20000000,2794.74010000,1578052799999,137888.67701050,621,1863.48098000,91945.09801850,0
1578052800000,49.21000000,49.47000000,49.14000000,49.44000000,2836.02371000,1578056399999,139783.45758470,553,1227.06882000,60502.23279250,0
1578056400000,49.46000000,49.79000000,48.82000000,49.23000000,17428.70863000,1578059999999,859700.06032720,3616,8383.16358000,413635.55062050,0
1578060000000,49.27000000,50.04000000,48.49000000,49.90000000,14033.93663000,1578063599999,688811.83856950,3018,7239.10478000,355488.19893560,0
1578063600000,49.87000000,50.23000000,49.34000000,50.10000000,11426.10736000,1578067199999,568119.94413750,2360,6110.45449000,303877.15137560,0
1578067200000,50.22000000,50.44000000,49.95000000,50.18000000,3516.42944000,1578070799999,176384.17843940,557,1086.38298000,54546.31376400,0
1578070800000,50.18000000,50.18000000,49.71000000,49.93000000,1505.26496000,1578074399999,75130.20927170,350,928.63566000,46354.75787870,0
1578074400000,49.93000000,50.37000000,49.76000000,49.98000000,3356.45827000,1578077999999,167968.64839930,639,2271.69555000,113613.51530020,0
1578078000000,50.03000000,50.74000000,49.61000000,50.73000000,8026.84443000,1578081599999,404434.12162310,2008,4956.79877000,249882.80570940,0
1578081600000,50.74000000,50.90000000,50.40000000,50.53000000,4407.28451000,1578085199999,223115.08297580,1097,2398.09983000,121450.30613000,0
1578085200000,50.59000000,50.95000000,50.22000000,50.33000000,6994.55686000,1578088799999,353973.65870310,1690,4342.07752000,219891.77201540,0
1578088800000,50.36000000,51.77000000,50.35000000,51.68000000,18444.37690000,1578092399999,942251.22074310,3953,9729.36732000,496971.76767740,0
1578092400000,51.63000000,51.66000000,50.77000000,50.93000000,3390.56569000,1578095999999,173700.57077560,957,2079.38336000,106577.70191410,0
1578096000000,50.96000000,50.99000000,50.12000000,50.19000000,2890.11772000,1578099599999,145781.59029750,670,1222.27988000,61658.49946790,0
1578099600000,50.16000000,50.21000000,49.91000000,49.94000000,1401.37454000,1578103199999,70118.41544960,420,846.40566000,42373.98983510,0
1578103200000,49.95000000,50.27000000,49.80000000,50.26000000,1203.99462000,1578106799999,60134.02467390,319,605.90485000,30281.48368540,0
1578106800000,50.24000000,50.57000000,50.20000000,50.46000000,2664.36443000,1578110399999,134438.46363550,587,1101.13187000,55522.49373910,0
1578110400000,50.45000000,50.51000000,50.27000000,50.48000000,1433.62983000,1578113999999,72269.78871250,321,685.46976000,34562.35696320,0
1578114000000,50.48000000,50.62000000,50.40000000,50.41000000,1262.52438000,1578117599999,63755.38669900,221,617.03351000,31168.29583130,0
1578117600000,50.41000000,50.79000000,50.41000000,50.68000000,644.34056000,1578121199999,32581.49845350,205,423.42336000,21417.81746380,0
1578121200000,50.70000000,50.79000000,50.48000000,50.61000000,1120.71677000,1578124799999,56718.14615170,225,258.58139000,13095.18014350,0
1578124800000,50.58000000,50.88000000,50.54000000,50.85000000,1645.50679000,1578128399999,83444.37721100,325,1238.15807000,62806.26133170,0
1578128400000,50.81000000,51.05000000,50.72000000,51.03000000,2094.08447000,1578131999999,106522.16860110,475,940.22164000,47859.78473440,0
1578132000000,51.02000000,51.37000000,50.99000000,51.05000000,2039.32831000,1578135599999,104402.92903530,493,1384.85333000,70898.36640250,0
1578135600000,51.05000000,51.11000000,50.83000000,50.93000000,1521.62317000,1578139199999,77567.53490230,397,639.83770000,32627.39979130,0
1578139200000,50.95000000,51.00000000,50.36000000,50.46000000,1000.02991000,1578142799999,50701.67065600,354,294.30078000,14938.26840800,0
1578142800000,50.46000000,50.46000000,50.11000000,50.17000000,1175.71954000,1578146399999,59125.58382860,446,786.66289000,39568.00475130,0
1578146400000,50.16000000,50.80000000,49.87000000,50.30000000,2866.01131000,1578149999999,144248.81829150,657,1384.06748000,69761.16305220,0
1578150000000,50.28000000,50.51000000,50.26000000,50.36000000,886.50311000,1578153599999,44643.46519690,235,412.97416000,20797.22702070,0
1578153600000,50.40000000,50.40000000,50.07000000,50.10000000,2094.88251000,1578157199999,105123.71986430,342,721.03653000,36179.38800010,0
1578157200000,50.10000000,50.27000000,50.00000000,50.27000000,1591.09929000,1578160799999,79634.03014880,304,903.83098000,45231.19433610,0
1578160800000,50.24000000,50.53000000,49.74000000,49.91000000,1220.14338000,1578164399999,61129.59974920,387,565.07090000,28325.43126530,0
1578164400000,49.94000000,50.50000000,49.85000000,50.37000000,1167.62465000,1578167999999,58624.79275520,324,700.64758000,35193.15472310,0
1578168000000,50.35000000,50.49000000,50.25000000,50.26000000,1125.34707000,1578171599999,56694.74233730,291,595.27131000,29992.66249480,0
1578171600000,50.26000000,50.29000000,50.03000000,50.19000000,873.79959000,1578175199999,43847.88091360,254,497.10126000,24961.58082080,0
1578175200000,50.18000000,50.24000000,50.11000000,50.20000000,217.18287000,1578178799999,10901.81928660,80,117.12633000,5880.50675040,0
1578178800000,50.21000000,50.39000000,50.08000000,50.37000000,913.40934000,1578182399999,45869.11847920,211,543.29696000,27287.16725060,0
1578182400000,50.35000000,50.80000000,50.34000000,50.75000000,1943.14684000,1578185999999,98374.83747500,552,1333.35981000,67533.84850190,0
1578186000000,50.77000000,51.40000000,50.77000000,51.14000000,2634.63762000,1578189599999,134702.81648810,603,1869.80703000,95582.09840410,0
1578189600000,51.12000000,51.26000000,50.84000000,50.96000000,749.47120000,1578193199999,38247.77862600,274,359.03028000,18314.68236970,0
1578193200000,50.96000000,51.11000000,50.93000000,51.09000000,987.29458000,1578196799999,50371.23015120,260,521.33382000,26610.80981390,0
1578196800000,51.11000000,51.29000000,51.00000000,51.10000000,1401.89080000,1578200399999,71703.23617830,349,531.86913000,27217.98772280,0
1578200400000,51.13000000,51.67000000,50.85000000,51.63000000,1619.55082000,1578203999999,83051.12062660,403,1208.53143000,62019.80745550,0
1578204000000,51.67000000,52.15000000,51.67000000,52.10000000,1725.27811000,1578207599999,89561.91580640,432,1125.31096000,58413.67556370,0
1578207600000,52.14000000,52.14000000,51.77000000,52.07000000,1266.95308000,1578211199999,65833.92000700,279,638.48439000,33172.05899860,0
1578211200000,52.13000000,52.29000000,51.88000000,51.90000000,3938.02115000,1578214799999,205236.26535830,552,1064.81498000,55482.06250980,0
1578214800000,51.91000000,52.00000000,51.64000000,52.00000000,2255.11530000,1578218399999,116882.34811540,422,1559.07138000,80803.09803350,0
1578218400000,51.97000000,52.30000000,51.85000000,52.27000000,956.50712000,1578221999999,49754.03966370,321,476.10611000,24782.05700860,0
1578222000000,52.26000000,52.57000000,52.13000000,52.30000000,2409.05160000,1578225599999,126285.13687060,530,1276.17698000,66884.65556650,0
1578225600000,52.37000000,52.42000000,51.91000000,52.38000000,4158.90251000,1578229199999,217480.02160120,740,2762.07810000,144502.80707340,0
1578229200000,52.39000000,52.39000000,51.97000000,52.29000000,1399.37862000,1578232799999,73082.74853080,412,663.01022000,34636.01504550,0
1578232800000,52.29000000,52.78000000,52.26000000,52.52000000,2974.01443000,1578236399999,156355.78827260,558,1523.32247000,80052.22093120,0
1578236400000,52.46000000,53.03000000,52.30000000,53.01000000,2749.97572000,1578239999999,145282.81680610,605,1787.84840000,94426.17862620,0
1578240000000,53.03000000,53.53000000,53.00000000,53.36000000,3712.27782000,1578243599999,197803.56743310,576,1767.93415000,94241.50401710,0
1578243600000,53.36000000,53.95000000,53.21000000,53.92000000,2120.63557000,1578247199999,113394.73457260,454,1118.36071000,59812.89565430,0
1578247200000,53.95000000,54.05000000,53.67000000,53.86000000,2826.52285000,1578250799999,152325.71449210,646,1357.42692000,73170.81275280,0
1578250800000,53.88000000,54.26000000,53.88000000,54.21000000,1685.70342000,1578254399999,91269.35141840,486,813.24465000,44025.27552240,0
1578254400000,54.20000000,54.20000000,53.57000000,54.06000000,3617.45963000,1578257999999,194923.60471510,791,1185.57601000,63909.53430070,0
1578258000000,54.02000000,54.06000000,53.33000000,53.71000000,4363.69113000,1578261599999,234280.65009990,953,1852.35933000,99477.04438070,0
1578261600000,53.69000000,53.81000000,53.23000000,53.53000000,1581.99845000,1578265199999,84608.63350620,458,758.18183000,40511.77420050,0
1578265200000,53.50000000,53.74000000,53.28000000,53.69000000,1703.88713000,1578268799999,91287.86876730,396,472.47049000,25320.15526240,0
1578268800000,53.68000000,53.91000000,53.67000000,53.87000000,1042.59330000,1578272399999,56047.63537070,267,459.64574000,24715.19983970,0
1578272400000,53.91000000,54.36000000,53.90000000,54.36000000,2085.56207000,1578275999999,112988.92763620,534,1523.07657000,82536.01717950,0
1578276000000,54.40000000,55.89000000,54.36000000,55.82000000,5800.73836000,1578279599999,319805.53243810,1226,3562.76478000,196226.21996490,0
1578279600000,55.85000000,56.09000000,55.25000000,55.98000000,4037.26469000,1578283199999,225003.20414980,853,1341.96603000,74884.51621080,0
1578283200000,56.00000000,56.26000000,55.72000000,56.02000000,4019.68299000,1578286799999,225212.74854150,652,2106.54448000,118016.05437770,0
1578286800000,56.01000000,56.13000000,55.60000000,55.94000000,2456.25422000,1578290399999,137160.92360530,699,1588.16122000,88705.25119690,0
1578290400000,55.98000000,56.00000000,55.79000000,55.81000000,1118.99343000,1578293999999,62543.58188240,305,406.80016000,22752.82028210,0
1578294000000,55.80000000,56.14000000,55.79000000,56.02000000,2293.65955000,1578297599999,128347.92561380,424,1868.35757000,104542.18804320,0
1578297600000,56.03000000,56.54000000,56.02000000,56.53000000,2253.91481000,1578301199999,126940.54777100,391,1131.24433000,63765.28129000,0
1578301200000,56.55000000,56.55000000,55.83000000,56.10000000,3839.68516000,1578304799999,215765.03958950,765,1393.48366000,78294.60916620,0
1578304800000,56.16000000,56.20000000,55.78000000,55.96000000,3454.41417000,1578308399999,193235.63652920,703,1738.71892000,97267.42517230,0
1578308400000,55.99000000,56.10000000,54.70000000,54.83000000,4202.84523000,1578311999999,231873.22812980,1014,1124.95031000,62184.06252650,0
1578312000000,54.83000000,55.87000000,54.72000000,55.54000000,5288.90327000,1578315599999,292928.28510520,1154,2970.82470000,164383.46030070,0
1578315600000,55.53000000,55.88000000,54.93000000,55.20000000,4067.05134000,1578319199999,226191.96128020,842,2598.67593000,144600.77568820,0
1578319200000,55.17000000,55.30000000,54.92000000,55.28000000,1243.62241000,1578322799999,68510.25480060,328,629.14366000,34671.64974600,0
1578322800000,55.33000000,55.41000000,55.03000000,55.37000000,806.78718000,1578326399999,44608.55767550,261,452.59603000,25034.03707700,0
1578326400000,55.29000000,55.86000000,55.17000000,55.71000000,2485.04327000,1578329999999,138195.41496090,480,1504.93663000,83719.49392030,0
1578330000000,55.72000000,56.00000000,55.69000000,55.90000000,2249.45318000,1578333599999,125715.78731500,289,1960.64856000,109576.44824320,0
1578333600000,55.83000000,56.09000000,55.60000000,55.79000000,1499.18576000,1578337199999,83750.78555550,374,606.66458000,33888.50495670,0
1578337200000,55.84000000,56.64000000,55.81000000,56.49000000,2362.75550000,1578340799999,132789.49584700,599,1580.87834000,88859.53200120,0
1578340800000,56.48000000,56.79000000,56.13000000,56.44000000,2666.80169000,1578344399999,150814.16132430,666,1566.79699000,88644.38408780,0
1578344400000,56.40000000,56.96000000,56.39000000,56.94000000,1348.57055000,1578347999999,76457.25956380,378,843.29830000,47809.84447480,0
1578348000000,56.95000000,58.55000000,56.89000000,58.40000000,4407.97068000,1578351599999,255172.67807950,1290,2888.75010000,167156.48961300,0
1578351600000,58.41000000,59.27000000,58.41000000,58.91000000,3692.01613000,1578355199999,217411.90367220,1228,2393.91653000,141000.30821650,0
1578355200000,58.89000000,60.17000000,58.89000000,59.25000000,6644.04348000,1578358799999,396039.05276120,1644,4098.54266000,244333.68753910,0
1578358800000,59.27000000,59.57000000,58.90000000,59.28000000,3526.87967000,1578362399999,208973.65391050,911,1646.70751000,97575.23119430,0
1578362400000,59.39000000,59.39000000,58.50000000,58.56000000,2811.17661000,1578365999999,165565.91388520,685,919.57577000,54177.34759100,0
1578366000000,58.55000000,58.55000000,57.71000000,57.84000000,4083.66870000,1578369599999,237875.87477350,744,1860.16346000,108467.50671520,0
1578369600000,57.84000000,57.93000000,57.29000000,57.32000000,2886.35688000,1578373199999,166543.55570640,592,1222.24215000,70533.78035260,0
1578373200000,57.32000000,58.00000000,57.17000000,57.91000000,3489.55386000,1578376799999,201263.27971370,667,1787.27137000,102939.43849640,0
1578376800000,57.93000000,58.07000000,57.50000000,57.65000000,2483.15430000,1578380399999,143609.64842070,446,1439.81227000,83306.48337560,0
1578380400000,57.67000000,57.87000000,57.62000000,57.67000000,1365.08634000,1578383999999,78816.13597840,218,660.22984000,38132.47898010,0
1578384000000,57.70000000,57.92000000,57.60000000,57.75000000,1284.68673000,1578387599999,74161.31586340,278,464.10969000,26810.59034540,0
1578387600000,57.77000000,57.77000000,57.33000000,57.45000000,1609.99295000,1578391199999,92671.31794240,352,547.05226000,31469.53146150,0
1578391200000,57.50000000,58.37000000,57.40000000,58.27000000,4926.39079000,1578394799999,285587.18493870,974,2871.70027000,166355.10499550,0
1578394800000,58.33000000,58.57000000,58.04000000,58.04000000,1782.90962000,1578398399999,103941.47508150,430,679.71250000,39656.95879860,0
1578398400000,58.06000000,58.08000000,56.96000000,56.99000000,4497.87351000,1578401999999,259036.87763260,864,3033.13119000,174790.84019760,0
1578402000000,56.97000000,56.97000000,55.97000000,56.33000000,3237.03865000,1578405599999,182260.37176220,891,1533.69460000,86370.33452840,0
1578405600000,56.32000000,56.76000000,55.98000000,56.43000000,2618.10179000,1578409199999,147777.93683910,663,1269.93357000,71700.99271020,0
1578409200000,56.43000000,56.53000000,55.52000000,55.62000000,2554.26815000,1578412799999,143182.01968270,770,1567.02769000,87852.26472190,0
1578412800000,55.65000000,57.22000000,55.40000000,56.71000000,3545.07821000,1578416399999,200731.53625310,956,1685.99331000,95424.88028570,0
1578416400000,56.68000000,56.98000000,56.53000000,56.72000000,1938.68068000,1578419999999,110071.72075950,607,1107.01492000,62891.92684260,0
1578420000000,56.74000000,57.02000000,56.06000000,56.10000000,3892.82285000,1578423599999,220188.96876690,1456,1995.12942000,112974.92096150,0
1578423600000,56.10000000,57.66000000,56.08000000,57.41000000,3115.08594000,1578427199999,177211.11004020,979,2016.54765000,114757.20306800,0
1578427200000,57.42000000,58.90000000,57.17000000,58.87000000,3567.51830000,1578430799999,206881.69233560,1233,2585.30990000,149790.77415020,0
1578430800000,58.87000000,59.50000000,57.70000000,57.97000000,6678.30382000,1578434399999,392638.29020150,1472,3234.84511000,190167.91193820,0
1578434400000,57.92000000,58.31000000,57.53000000,58.20000000,1682.49098000,1578437999999,97547.45023490,492,924.89703000,53618.31329630,0
1578438000000,58.22000000,59.11000000,58.03000000,58.36000000,2221.97047000,1578441599999,130093.50416560,582,1263.99743000,73983.86495740,0
1578441600000,58.36000000,59.85000000,58.20000000,59.77000000,3179.34759000,1578445199999,187198.60856630,995,1903.47765000,112152.03855240,0
1578445200000,59.79000000,60.33000000,58.95000000,58.96000000,5117.03546000,1578448799999,305232.22388890,1251,2539.17774000,151550.79824210,0
1578448800000,58.99000000,59.33000000,58.07000000,58.16000000,2500.24928000,1578452399999,146663.31949130,496,960.16169000,56417.32789440,0
1578452400000,58.25000000,58.43000000,57.81000000,58.16000000,2219.37952000,1578455999999,129076.11806590,890,1217.85965000,70899.61415620,0
1578456000000,58.15000000,58.45000000,58.04000000,58.20000000,1658.17062000,1578459599999,96644.94657390,706,829.20654000,48335.99836680,0
1578459600000,58.27000000,58.28000000,57.31000000,57.45000000,4090.16198000,1578463199999,236335.60680510,1586,1541.10635000,88996.96295790,0
1578463200000,57.46000000,57.89000000,57.31000000,57.72000000,3023.07771000,1578466799999,174407.87871510,710,993.07199000,57207.78834840,0
1578466800000,57.71000000,58.39000000,57.50000000,57.82000000,3691.99293000,1578470399999,214225.16102870,1056,2081.91975000,120804.24651150,0
1578470400000,57.79000000,58.00000000,57.40000000,57.84000000,1661.79927000,1578473999999,95980.43324340,507,613.37339000,35451.17784370,0
1578474000000,57.83000000,58.43000000,57.66000000,58.05000000,2651.88002000,1578477599999,153874.52266080,708,1169.80962000,67864.39346960,0
1578477600000,58.04000000,58.50000000,58.00000000,58.09000000,1641.39623000,1578481199999,95739.56692830,440,595.21681000,34703.90646700,0
1578481200000,58.09000000,58.30000000,57.82000000,57.82000000,748.69903000,1578484799999,43508.69618190,243,343.57563000,19986.66789630,0
1578484800000,57.79000000,58.08000000,57.75000000,58.03000000,738.09180000,1578488399999,42784.55752590,236,486.70209000,28225.66268640,0
1578488400000,57.96000000,58.41000000,57.47000000,57.84000000,4221.14848000,1578491999999,244509.50318770,1460,1522.36695000,88171.53598470,0
1578492000000,57.84000000,57.84000000,56.75000000,57.26000000,3070.80894000,1578495599999,175752.71262530,856,1415.42862000,80990.48175090,0
1578495600000,57.30000000,57.34000000,56.42000000,56.86000000,2411.83017000,1578499199999,137085.01107440,738,1027.94643000,58462.63906780,0
1578499200000,56.88000000,57.16000000,55.23000000,55.67000000,5181.48623000,1578502799999,290330.54301500,1168,2276.17144000,127947.64710910,0
1578502800000,55.70000000,56.37000000,55.52000000,56.20000000,2185.49887000,1578506399999,122211.27663830,590,1316.44691000,73676.37027830,0
1578506400000,56.10000000,57.48000000,56.07000000,57.41000000,1750.40271000,1578509999999,99605.99765860,745,1123.53346000,63931.84127590,0
1578510000000,57.34000000,57.68000000,57.08000000,57.17000000,2637.89590000,1578513599999,151419.25361290,830,835.64190000,48007.38331570,0
1578513600000,57.19000000,57.68000000,56.77000000,57.65000000,2192.62066000,1578517199999,125182.11665910,666,1084.70253000,61949.89931860,0
1578517200000,57.57000000,58.42000000,57.07000000,58.42000000,1777.42102000,1578520799999,102821.92366710,715,1092.58007000,63268.13335860,0
1578520800000,58.46000000,59.00000000,58.37000000,58.68000000,2216.00385000,1578524399999,130225.75752160,801,1274.04599000,74844.61266530,0
1578524400000,58.66000000,59.93000000,58.38000000,59.44000000,6722.31607000,1578527999999,398699.41193670,1539,4282.49976000,253742.03867310,0
1578528000000,59.46000000,59.51000000,57.57000000,57.60000000,4260.09559000,1578531599999,248162.22973420,1374,1973.24311000,115030.42992220,0
1578531600000,57.62000000,58.16000000,57.23000000,57.96000000,1758.74537000,1578535199999,101570.68754830,469,982.91771000,56805.80187670,0
1578535200000,57.97000000,58.25000000,57.75000000,58.00000000,1744.54503000,1578538799999,101162.66098880,440,868.32352000,50344.08424000,0
1578538800000,57.94000000,58.08000000,57.69000000,57.83000000,1120.59311000,1578542399999,64827.45795350,333,816.86258000,47257.94871710,0
1578542400000,57.87000000,57.92000000,57.31000000,57.69000000,1599.44158000,1578545999999,92108.08735280,545,763.16838000,43947.63623090,0
1578546000000,57.72000000,57.72000000,57.23000000,57.33000000,929.42059000,1578549599999,53407.64338560,220,573.24743000,32930.87571800,0
1578549600000,57.27000000,57.60000000,57.25000000,57.50000000,953.10688000,1578553199999,54794.37550780,360,547.64093000,31490.74576480,0
1578553200000,57.49000000,57.86000000,57.47000000,57.75000000,901.39721000,1578556799999,52003.68387110,361,284.19781000,16391.42176510,0
1578556800000,57.72000000,57.91000000,57.58000000,57.81000000,948.11876000,1578560399999,54772.55149030,323,383.77434000,22185.96756850,0
1578560400000,57.78000000,57.78000000,57.25000000,57.27000000,1458.39682000,1578563999999,83863.12978460,554,652.99890000,37579.49012950,0
1578564000000,57.24000000,58.61000000,57.11000000,58.32000000,3234.93441000,1578567599999,188130.88143160,1142,1880.55006000,109200.75834990,0
1578567600000,58.34000000,58.60000000,57.54000000,58.58000000,3769.65453000,1578571199999,219237.22273680,1197,1720.48107000,100006.14786880,0
1578571200000,58.57000000,58.70000000,58.28000000,58.28000000,1746.34701000,1578574799999,102123.69775810,449,957.58140000,56001.96720440,0
1578574800000,58.35000000,59.31000000,58.31000000,59.03000000,4427.07231000,1578578399999,260711.65396500,1154,2735.46009000,161073.29549900,0
1578578400000,59.00000000,59.03000000,58.09000000,58.22000000,2329.57895000,1578581999999,136307.82062120,796,1033.60471000,60440.44132810,0
1578582000000,58.22000000,58.53000000,57.76000000,58.13000000,3220.33101000,1578585599999,187307.81025200,989,1608.93495000,93639.88255320,0
1578585600000,58.13000000,58.24000000,56.76000000,57.51000000,4115.58159000,1578589199999,236532.32782310,1446,2219.49760000,127597.20392290,0
1578589200000,57.51000000,58.09000000,57.04000000,57.81000000,4161.20799000,1578592799999,239498.26677370,1465,2298.82417000,132258.51234850,0
1578592800000,57.82000000,58.50000000,57.80000000,58.45000000,2208.20673000,1578596399999,128759.70767280,723,1059.61807000,61770.03714330,0
1578596400000,58.50000000,59.12000000,58.45000000,58.53000000,3351.58535000,1578599999999,196924.63283770,928,1528.10148000,89776.03298550,0
1578600000000,58.51000000,59.53000000,58.08000000,58.44000000,6110.15528000,1578603599999,360418.82262970,1611,3178.57678000,187702.10675220,0
1578603600000,58.41000000,58.76000000,57.89000000,58.47000000,2289.00446000,1578607199999,133585.68132840,680,1616.34040000,94311.96597880,0
1578607200000,58.47000000,58.95000000,58.40000000,58.55000000,2581.08318000,1578610799999,151377.14664930,673,1176.67090000,68993.20469050,0
1578610800000,58.49000000,59.18000000,58.40000000,58.68000000,2984.20189000,1578614399999,175599.47402150,838,1786.61885000,105073.27426220,0
1578614400000,58.68000000,59.16000000,58.66000000,58.74000000,2232.92598000,1578617999999,131545.33367390,753,1148.07115000,67619.46044190,0
1578618000000,58.76000000,58.80000000,58.32000000,58.50000000,845.11876000,1578621599999,49532.92023520,410,382.39225000,22414.02126110,0
1578621600000,58.48000000,58.71000000,58.34000000,58.50000000,1369.19944000,1578625199999,80104.36117020,348,881.47164000,51551.83664020,0
1578625200000,58.50000000,58.70000000,57.81000000,58.04000000,2575.16769000,1578628799999,149833.60677940,824,1242.24407000,72272.59859560,0
1578628800000,58.07000000,58.13000000,57.78000000,57.94000000,1093.29164000,1578632399999,63305.85554560,404,873.74540000,50596.52530750,0
1578632400000,57.92000000,57.97000000,57.60000000,57.69000000,1957.12692000,1578635999999,113114.83090170,470,980.33791000,56687.23606720,0
1578636000000,57.63000000,57.75000000,57.36000000,57.50000000,2007.86390000,1578639599999,115544.49650190,652,800.78022000,46080.83489590,0
1578639600000,57.50000000,57.84000000,57.34000000,57.64000000,2035.05088000,1578643199999,117197.13009740,608,1046.19551000,60279.54216060,0
1578643200000,57.65000000,57.70000000,56.77000000,56.90000000,2570.56999000,1578646799999,146746.26071470,731,729.80701000,41701.53463610,0
1578646800000,56.92000000,57.58000000,56.88000000,57.48000000,2214.82667000,1578650399999,126999.80983110,800,1112.62046000,63728.05855900,0
1578650400000,57.48000000,58.00000000,57.24000000,57.47000000,3428.84518000,1578653999999,197328.40022010,1353,1642.81358000,94574.20304330,0
1578654000000,57.47000000,58.02000000,57.46000000,57.93000000,3245.19261000,1578657599999,187469.84862160,878,1657.92491000,95852.31094980,0
1578657600000,57.93000000,58.23000000,57.80000000,58.16000000,2304.07541000,1578661199999,133679.38421370,832,1205.81686000,69975.64361200,0
1578661200000,58.16000000,58.57000000,58.02000000,58.04000000,6089.84509000,1578664799999,354405.49643220,1688,2337.13272000,136021.06840540,0
1578664800000,58.02000000,59.12000000,58.02000000,59.10000000,9896.70103000,1578668399999,581195.97238490,2864,6364.16567000,373743.37617420,0
1578668400000,59.13000000,59.60000000,58.79000000,59.16000000,8677.64604000,1578671999999,513430.51258450,2042,4488.31512000,265678.37066470,0
1578672000000,59.22000000,59.65000000,58.14000000,58.28000000,5879.38373000,1578675599999,345638.80484770,1548,1832.99221000,107748.99974560,0
1578675600000,58.27000000,58.39000000,57.90000000,58.31000000,2246.75021000,1578679199999,130645.94721210,486,762.72865000,44359.34102560,0
1578679200000,58.39000000,59.33000000,58.34000000,58.64000000,3920.98747000,1578682799999,230460.36767620,1236,1937.06919000,113914.37427510,0
1578682800000,58.67000000,59.40000000,58.43000000,59.07000000,3036.94828000,1578686399999,179357.24360640,955,1335.90364000,78860.01889950,0
1578686400000,59.00000000,59.38000000,58.65000000,58.75000000,2181.73801000,1578689999999,128820.94671420,799,956.56168000,56499.29757630,0
1578690000000,58.72000000,59.17000000,57.64000000,57.88000000,6984.77311000,1578693599999,408109.40771120,1750,3059.94228000,178831.86743770,0
1578693600000,57.88000000,58.08000000,57.43000000,58.03000000,3140.74104000,1578697199999,181601.03836910,882,1352.23851000,78233.54901970,0
1578697200000,58.03000000,58.65000000,57.95000000,58.42000000,4528.84194000,1578700799999,263978.50430540,847,2243.80955000,130862.07635190,0
1578700800000,58.43000000,60.27000000,57.90000000,59.90000000,10551.76190000,1578704399999,626068.63908940,2385,6349.04920000,376951.22634130,0
1578704400000,59.91000000,61.21000000,59.84000000,60.50000000,9341.35145000,1578707999999,566675.60050470,2118,4792.57673000,290663.92917900,0
1578708000000,60.50000000,60.50000000,59.70000000,59.91000000,2286.77113000,1578711599999,137071.17502590,880,1034.16289000,62000.95024120,0
1578711600000,59.94000000,60.00000000,59.42000000,59.79000000,2496.21938000,1578715199999,149156.03147990,796,1188.76734000,71128.59390140,0
1578715200000,59.78000000,60.02000000,59.53000000,59.86000000,3031.74714000,1578718799999,181469.56088660,693,1542.86177000,92331.48543070,0
1578718800000,59.84000000,59.86000000,58.96000000,59.26000000,1626.34131000,1578722399999,96330.92773080,501,499.74921000,29605.65648430,0
1578722400000,59.25000000,59.37000000,58.75000000,58.96000000,2883.09928000,1578725999999,170238.11216970,771,1214.31908000,71707.19564580,0
1578726000000,58.99000000,59.27000000,58.89000000,59.01000000,1952.69781000,1578729599999,115407.11535760,433,802.76968000,47453.07297410,0
1578729600000,59.03000000,59.67000000,58.69000000,59.35000000,3052.24689000,1578733199999,180801.95983190,779,2316.38103000,137321.10271830,0
1578733200000,59.35000000,59.85000000,59.35000000,59.59000000,1000.08992000,1578736799999,59632.68334200,320,515.72292000,30754.30895680,0
1578736800000,59.57000000,59.67000000,58.85000000,58.92000000,2211.88359000,1578740399999,131183.68081670,657,1149.07125000,68155.07397180,0
1578740400000,58.91000000,58.99000000,58.49000000,58.70000000,2489.94072000,1578743999999,146321.85158630,908,1443.41347000,84839.43625240,0
1578744000000,58.60000000,59.09000000,58.57000000,59.09000000,1781.68126000,1578747599999,104975.83549070,548,824.22282000,48525.65663180,0
1578747600000,59.06000000,59.82000000,58.97000000,59.66000000,3309.89792000,1578751199999,196832.67763980,774,1890.39677000,112398.72329240,0
1578751200000,59.69000000,59.72000000,59.26000000,59.26000000,5392.96702000,1578754799999,321363.27838920,639,3194.98875000,190593.56851690,0
1578754800000,59.27000000,60.52000000,59.27000000,60.47000000,9805.72957000,1578758399999,587977.75750330,1464,5009.11706000,300148.03862910,0
1578758400000,60.43000000,63.24000000,60.12000000,63.00000000,14306.51722000,1578761999999,891627.70671520,3416,7430.90704000,462786.50140680,0
1578762000000,63.00000000,64.07000000,62.38000000,62.38000000,10103.10652000,1578765599999,639105.10124460,2880,4566.69911000,288749.64442130,0
1578765600000,62.40000000,64.15000000,62.18000000,63.97000000,8008.58534000,1578769199999,507970.69388550,2706,3957.98548000,250709.57124900,0
1578769200000,64.05000000,64.25000000,61.03000000,61.14000000,17573.16547000,1578772799999,1094680.42976650,4482,7601.08657000,473014.52723700,0
1578772800000,61.09000000,61.18000000,58.90000000,59.87000000,19486.99706000,1578776399999,1166568.74854630,5098,10108.26230000,605282.01491310,0
1578776400000,59.88000000,60.44000000,58.32000000,58.85000000,6539.72794000,1578779999999,388991.18935480,1394,3337.84990000,198854.03442920,0
1578780000000,58.81000000,59.46000000,58.25000000,59.25000000,3615.15833000,1578783599999,212977.77706050,960,1888.57571000,111358.50749260,0
1578783600000,59.22000000,59.26000000,58.07000000,58.25000000,1958.20473000,1578787199999,114749.91638230,540,1374.57186000,80518.32269890,0
1578787200000,58.17000000,58.23000000,57.26000000,58.15000000,3958.38375000,1578790799999,228350.77394390,1062,1811.47924000,104410.66253960,0
1578790800000,58.06000000,58.64000000,58.05000000,58.54000000,1940.18357000,1578794399999,113244.04793330,525,790.27479000,46113.52495550,0
1578794400000,58.52000000,58.87000000,58.28000000,58.87000000,1211.94053000,1578797999999,70914.30465450,416,1024.91305000,59973.87396260,0
1578798000000,58.84000000,59.06000000,58.77000000,58.77000000,2386.97788000,1578801599999,140654.77151350,571,775.55576000,45694.01889670,0
1578801600000,58.79000000,58.95000000,58.33000000,58.38000000,1342.73583000,1578805199999,78701.12924900,392,636.34235000,37329.58194780,0
1578805200000,58.39000000,58.65000000,58.39000000,58.58000000,948.26389000,1578808799999,55496.81239980,311,469.71351000,27488.07908530,0
1578808800000,58.61000000,58.86000000,58.41000000,58.50000000,928.59503000,1578812399999,54535.94632770,385,468.00264000,27490.57936630,0
1578812400000,58.49000000,58.69000000,58.41000000,58.52000000,1083.35636000,1578815999999,63432.99898280,319,695.39376000,40717.43985050,0
1578816000000,58.53000000,58.90000000,58.53000000,58.88000000,1421.39918000,1578819599999,83513.28669680,487,874.68573000,51404.67826560,0
1578819600000,58.87000000,59.10000000,58.75000000,59.09000000,1014.46001000,1578823199999,59784.45860450,356,573.77387000,33832.03173290,0
1578823200000,59.10000000,59.21000000,58.50000000,58.76000000,3736.06548000,1578826799999,219815.30134810,781,1836.88431000,107877.45837930,0
1578826800000,58.73000000,58.90000000,58.43000000,58.86000000,807.97986000,1578830399999,47431.17119450,386,432.00142000,25372.26517640,0
1578830400000,58.90000000,59.99000000,58.88000000,59.65000000,3566.52945000,1578833999999,212471.38022050,1042,1690.62929000,100662.57523000,0
1578834000000,59.68000000,59.75000000,59.24000000,59.25000000,2459.41536000,1578837599999,146293.71597590,709,1044.52316000,62109.02842000,0
1578837600000,59.29000000,59.35000000,58.62000000,58.71000000,3912.90142000,1578841199999,230879.60260670,802,2382.30643000,140571.23672420,0
1578841200000,58.70000000,58.75000000,58.50000000,58.56000000,3025.03254000,1578844799999,177446.45531890,548,2351.26393000,137980.10022360,0
1578844800000,58.55000000,59.11000000,58.43000000,58.63000000,3304.90004000,1578848399999,194127.63930840,816,2065.76000000,121278.49025810,0
1578848400000,58.57000000,59.16000000,58.29000000,58.64000000,1765.47354000,1578851999999,103596.16820050,656,852.78397000,50053.19268880,0
1578852000000,58.65000000,58.99000000,58.62000000,58.81000000,681.14591000,1578855599999,40051.81228060,328,422.81795000,24859.91872180,0
1578855600000,58.80000000,59.00000000,58.73000000,58.79000000,702.58099000,1578859199999,41340.07888850,235,99.56170000,5858.35562920,0
1578859200000,58.82000000,58.93000000,58.61000000,58.76000000,1325.54674000,1578862799999,77904.26728040,408,704.89699000,41432.76627510,0
1578862800000,58.77000000,58.94000000,58.61000000,58.62000000,912.09558000,1578866399999,53597.02386920,196,294.08919000,17288.34318480,0
1578866400000,58.62000000,59.18000000,58.60000000,59.14000000,775.55118000,1578869999999,45743.85799830,232,368.62039000,21741.21897200,0
1578870000000,59.17000000,59.28000000,58.87000000,59.19000000,638.83190000,1578873599999,37770.30730070,281,273.04921000,16152.98652630,0
1578873600000,59.21000000,59.22000000,58.56000000,58.77000000,1378.51123000,1578877199999,81190.77716120,531,809.01466000,47655.66117900,0
1578877200000,58.77000000,58.99000000,58.60000000,58.97000000,548.47421000,1578880799999,32275.65087160,264,379.23228000,22323.34197380,0
1578880800000,58.97000000,58.99000000,58.37000000,58.48000000,558.36781000,1578884399999,32725.52441840,295,322.84421000,18920.65722150,0
1578884400000,58.49000000,58.58000000,58.15000000,58.22000000,1710.17153000,1578887999999,99737.78864510,595,726.07395000,42322.83902530,0
1578888000000,58.24000000,58.38000000,58.12000000,58.26000000,1140.03679000,1578891599999,66416.13386710,333,541.72864000,31581.11790510,0
1578891600000,58.22000000,58.35000000,57.97000000,58.04000000,800.16158000,1578895199999,46465.82899490,269,338.16200000,19642.36739070,0
1578895200000,58.06000000,58.21000000,57.83000000,57.88000000,601.77900000,1578898799999,34887.43456910,264,375.36218000,21766.06936470,0
1578898800000,57.84000000,58.23000000,57.77000000,58.23000000,1209.25299000,1578902399999,70052.37802140,454,762.42702000,44180.05009780,0
1578902400000,58.19000000,58.20000000,57.86000000,58.13000000,1021.47089000,1578905999999,59291.60379290,361,410.64156000,23843.30680630,0
1578906000000,58.12000000,58.20000000,57.52000000,57.62000000,2059.29564000,1578909599999,119103.98480910,403,542.43857000,31419.10838900,0
1578909600000,57.65000000,58.29000000,57.60000000,58.12000000,2034.90981000,1578913199999,118305.79051560,583,1358.48177000,78953.32611860,0
1578913200000,58.14000000,58.20000000,58.03000000,58.09000000,2154.81957000,1578916799999,125342.49477620,422,1749.93857000,101815.57698900,0
1578916800000,58.05000000,58.12000000,57.62000000,57.76000000,3058.95705000,1578920399999,176914.63301380,600,1499.04292000,86673.73791970,0
1578920400000,57.74000000,57.76000000,56.66000000,57.18000000,12157.28325000,1578923999999,695844.27831320,1829,5016.40434000,287001.12234800,0
1578924000000,57.18000000,57.25000000,56.70000000,56.97000000,3408.60075000,1578927599999,194099.58911280,672,2180.06287000,124099.93537550,0
1578927600000,56.96000000,57.08000000,56.77000000,56.78000000,1442.49655000,1578931199999,82058.12069880,357,639.26636000,36386.95121310,0
1578931200000,56.79000000,57.88000000,56.77000000,57.63000000,6284.57453000,1578934799999,360868.79868890,1611,3487.76222000,200028.14555720,0
1578934800000,57.63000000,57.72000000,57.18000000,57.31000000,2591.73777000,1578938399999,148692.54326070,510,1137.80970000,65250.76371750,0
1578938400000,57.29000000,58.07000000,57.23000000,58.01000000,2084.44887000,1578941999999,120475.55960280,488,1295.22907000,74854.33745500,0
1578942000000,58.00000000,58.06000000,57.44000000,57.52000000,3023.53903000,1578945599999,174642.56256210,529,1231.66117000,71115.08414210,0
1578945600000,57.52000000,57.82000000,57.47000000,57.82000000,1280.96775000,1578949199999,73790.05679450,219,495.39883000,28536.33277240,0
1578949200000,57.86000000,57.88000000,57.33000000,57.54000000,1321.96838000,1578952799999,76020.04259890,271,429.03878000,24692.96310630,0
1578952800000,57.56000000,57.92000000,57.49000000,57.82000000,1013.42825000,1578956399999,58423.70836910,348,722.35341000,41635.15482870,0
1578956400000,57.83000000,57.99000000,57.72000000,57.72000000,832.95600000,1578959999999,48259.66337380,220,534.72767000,30988.61226860,0
1578960000000,57.79000000,58.54000000,57.69000000,58.32000000,3923.63178000,1578963599999,228228.16350270,793,2745.93042000,159752.46461580,0
1578963600000,58.38000000,59.49000000,58.24000000,59.49000000,5708.62460000,1578967199999,336642.47357480,1226,3198.55847000,188712.64559880,0
1578967200000,59.48000000,59.56000000,59.30000000,59.39000000,1922.33511000,1578970799999,114249.66259670,446,911.26150000,54164.60721560,0
1578970800000,59.39000000,59.96000000,59.33000000,59.96000000,1742.24882000,1578974399999,103886.30351130,436,1325.29826000,79051.54174310,0
1578974400000,59.91000000,60.56000000,59.68000000,60.55000000,4324.42388000,1578977999999,259694.54348810,898,2254.29646000,135457.45793240,0
1578978000000,60.55000000,61.43000000,60.36000000,60.86000000,6850.25549000,1578981599999,418259.34873500,1411,3089.29007000,188527.12324310,0
1578981600000,60.83000000,61.00000000,60.70000000,60.87000000,2825.58589000,1578985199999,171909.43637740,446,1548.02860000,94199.57422190,0
1578985200000,60.85000000,61.44000000,60.70000000,61.31000000,1332.91647000,1578988799999,81456.64299160,461,817.88532000,50005.79384460,0
1578988800000,61.34000000,61.38000000,60.66000000,61.23000000,4254.00928000,1578992399999,259679.94436440,1218,1769.33156000,108010.80332820,0
1578992400000,61.20000000,61.62000000,60.97000000,61.18000000,3550.84142000,1578995999999,217830.93105640,895,1762.00056000,108082.83680160,0
1578996000000,61.18000000,61.43000000,61.13000000,61.19000000,6379.47331000,1578999599999,390637.76460190,957,3977.17652000,243468.46608440,0
1578999600000,61.20000000,61.28000000,60.77000000,60.89000000,4531.72833000,1579003199999,276360.83410680,673,2270.22177000,138403.79526260,0
1579003200000,60.89000000,60.99000000,59.66000000,59.89000000,8338.71535000,1579006799999,503860.18367040,1370,3641.40475000,220126.16058890,0
1579006800000,59.86000000,60.59000000,59.83000000,60.59000000,8605.54415000,1579010399999,517933.28003130,1281,4850.72410000,291920.15204880,0
1579010400000,60.59000000,62.00000000,60.43000000,61.90000000,7191.65559000,1579013999999,439987.76907590,1526,3965.82043000,242783.11303690,0
1579014000000,61.97000000,61.97000000,60.55000000,60.99000000,7119.03926000,1579017599999,435414.25748710,1486,2781.80282000,170226.45171340,0
1579017600000,60.99000000,61.12000000,58.10000000,61.12000000,13852.47048000,1579021199999,825812.40672920,2819,7393.06182000,440917.04690630,0
1579021200000,61.12000000,62.09000000,60.35000000,61.88000000,11295.47939000,1579024799999,692243.52441170,2288,4653.23183000,285193.90753440,0
1579024800000,61.88000000,62.43000000,60.85000000,61.68000000,6902.13386000,1579028399999,426935.40000290,1861,3626.11678000,224370.59755410,0
1579028400000,61.68000000,62.13000000,61.05000000,61.82000000,2724.12234000,1579031999999,167796.79174860,854,1543.08023000,95155.11711970,0
1579032000000,61.80000000,61.99000000,61.11000000,61.31000000,1426.62334000,1579035599999,87649.03155170,392,600.92084000,36941.35084320,0
1579035600000,61.38000000,62.86000000,61.15000000,62.50000000,4334.93597000,1579039199999,270080.27829970,1086,2256.63427000,140300.99677020,0
1579039200000,62.55000000,62.95000000,62.31000000,62.49000000,2423.54637000,1579042799999,152050.47214770,795,1320.42396000,82848.02073840,0
1579042800000,62.59000000,63.05000000,62.23000000,62.55000000,2693.11383000,1579046399999,168981.89320800,828,1180.58968000,74053.89395110,0
1579046400000,62.47000000,69.36000000,61.81000000,67.48000000,36714.39567000,1579049999999,2446105.75993490,7548,19014.61870000,1261718.66400970,0
1579050000000,67.45000000,69.06000000,64.15000000,66.41000000,26101.03984000,1579053599999,1733588.36823380,5882,14185.80702000,943475.22786150,0
1579053600000,66.46000000,67.31000000,65.58000000,66.09000000,5248.39634000,1579057199999,348845.92488710,1066,2096.53734000,139388.21502690,0
1579057200000,66.03000000,66.42000000,63.74000000,64.00000000,14207.28430000,1579060799999,921222.29187810,3379,5815.82735000,377752.32299250,0
1579060800000,64.00000000,64.44000000,62.80000000,62.92000000,5263.51066000,1579064399999,334810.64101330,1366,2750.22452000,175216.30512480,0
1579064400000,62.82000000,63.24000000,62.16000000,62.53000000,4118.43094000,1579067999999,257750.32344830,1162,2083.59338000,130273.33591280,0
1579068000000,62.51000000,64.11000000,62.51000000,63.82000000,2942.67809000,1579071599999,187261.49817710,862,1433.08266000,91147.70012930,0
1579071600000,63.83000000,64.26000000,63.10000000,63.19000000,2431.56516000,1579075199999,154460.77256340,762,994.41350000,63120.85992570,0
1579075200000,63.15000000,64.55000000,63.02000000,64.34000000,2721.37620000,1579078799999,173732.57213070,782,1771.19888000,113137.43725980,0
1579078800000,64.34000000,66.60000000,64.28000000,66.34000000,7326.87495000,1579082399999,481393.05293500,1784,4098.86051000,269495.31067210,0
1579082400000,66.35000000,66.60000000,65.48000000,66.40000000,3813.19886000,1579085999999,251885.28342080,1267,1456.93724000,96300.33097000,0
1579086000000,66.60000000,66.69000000,65.64000000,65.77000000,6588.98582000,1579089599999,435420.56832220,1158,2127.97710000,140586.91744780,0
1579089600000,65.79000000,67.67000000,65.71000000,66.59000000,8135.34720000,1579093199999,542005.11379200,1889,4367.56550000,291191.72785260,0
1579093200000,66.59000000,66.88000000,65.46000000,66.39000000,6087.99811000,1579096799999,402929.41575800,1650,3040.79365000,201413.47517140,0
1579096800000,66.43000000,66.54000000,63.99000000,65.10000000,10159.61848000,1579100399999,662980.47404040,2333,4947.60720000,323146.18723910,0
1579100400000,65.07000000,65.37000000,64.21000000,64.21000000,4224.00703000,1579103999999,273529.74535520,1108,2121.20763000,137437.69254150,0
1579104000000,64.26000000,65.59000000,64.09000000,64.84000000,5034.49469000,1579107599999,328060.72514370,1087,2867.91274000,187057.71561240,0
1579107600000,64.87000000,66.17000000,64.44000000,66.13000000,3513.04705000,1579111199999,229382.38096750,797,1714.84638000,112377.09754300,0
1579111200000,66.04000000,66.14000000,64.85000000,66.02000000,2825.98212000,1579114799999,185522.05263150,776,1179.19747000,77442.26884940,0
1579114800000,66.03000000,66.36000000,65.55000000,65.66000000,1842.48043000,1579118399999,121441.32087280,579,890.11190000,58755.42517790,0
1579118400000,65.66000000,66.89000000,65.42000000,66.39000000,3096.37357000,1579121999999,205219.22334520,764,1825.81645000,121163.94530000,0
1579122000000,66.32000000,66.75000000,66.15000000,66.54000000,1487.64575000,1579125599999,98866.48657170,376,600.75721000,39949.13811050,0
1579125600000,66.49000000,69.00000000,66.49000000,68.64000000,8215.97413000,1579129199999,560401.41038130,2340,4562.96297000,311043.07597800,0
1579129200000,68.82000000,68.86000000,67.47000000,68.47000000,4375.22865000,1579132799999,298534.24899600,950,2428.00042000,165824.27701260,0
1579132800000,68.48000000,69.00000000,67.00000000,67.06000000,4424.10884000,1579136399999,300108.43303030,1226,2384.32413000,161559.62285550,0
1579136400000,67.09000000,67.15000000,63.65000000,63.75000000,7303.07950000,1579139999999,474596.71643530,2171,3293.14260000,213626.34406600,0
1579140000000,63.81000000,65.79000000,63.36000000,63.78000000,6954.70936000,1579143599999,448829.74277920,1937,3401.44738000,219514.65977150,0
1579143600000,63.77000000,63.81000000,62.58000000,62.82000000,2474.89068000,1579147199999,156288.97069550,777,633.89176000,40066.54476230,0
1579147200000,62.75000000,63.49000000,62.60000000,63.23000000,1440.03228000,1579150799999,90826.20193420,537,601.55763000,37983.62491900,0
1579150800000,63.23000000,66.30000000,63.16000000,65.95000000,4831.15408000,1579154399999,313252.31132780,1537,2816.70001000,182127.03201950,0
1579154400000,65.87000000,66.10000000,65.18000000,65.41000000,2557.02377000,1579157999999,167951.44541900,740,1168.34934000,76761.15613500,0
1579158000000,65.40000000,65.51000000,63.95000000,64.10000000,2632.94700000,1579161599999,169911.18937150,777,1051.77262000,67822.00742160,0
1579161600000,64.10000000,64.88000000,64.00000000,64.35000000,1411.91138000,1579165199999,90907.98312790,363,675.38597000,43518.73979040,0
1579165200000,64.38000000,64.40000000,63.61000000,64.25000000,1202.09641000,1579168799999,76932.42364280,333,430.82464000,27591.57429490,0
1579168800000,64.25000000,64.70000000,64.01000000,64.48000000,1548.24306000,1579172399999,99554.27589150,485,921.24817000,59271.47544930,0
1579172400000,64.50000000,65.81000000,64.34000000,65.21000000,2477.45740000,1579175999999,160958.37854520,650,1225.08727000,79548.58533460,0
1579176000000,65.22000000,65.94000000,64.97000000,65.30000000,4603.84555000,1579179599999,301329.66143090,1024,2362.93397000,154694.36858820,0
1579179600000,65.46000000,65.46000000,64.21000000,64.27000000,1561.99806000,1579183199999,101094.01470100,401,660.37337000,42695.80296030,0
1579183200000,64.31000000,64.59000000,63.59000000,64.54000000,4510.93476000,1579186799999,289106.06274450,729,2213.27619000,141779.38559450,0
1579186800000,64.57000000,65.28000000,64.45000000,64.72000000,2971.88939000,1579190399999,193050.24445390,598,1603.05132000,104312.40298170,0
1579190400000,64.79000000,65.14000000,64.18000000,64.87000000,3417.67409000,1579193999999,220903.44217170,656,1871.64214000,120838.87896200,0
1579194000000,64.96000000,65.80000000,64.87000000,65.68000000,3182.60080000,1579197599999,208280.13652240,981,1906.78528000,124824.08559780,0
1579197600000,65.65000000,65.98000000,65.42000000,65.61000000,1632.27098000,1579201199999,107277.10933050,606,878.93771000,57830.27747380,0
1579201200000,65.63000000,65.97000000,65.53000000,65.67000000,1173.70940000,1579204799999,77186.14619540,381,682.41628000,44909.31007140,0
1579204800000,65.80000000,66.01000000,65.54000000,66.01000000,2200.77791000,1579208399999,144762.85521290,479,1369.89790000,90141.93398500,0
1579208400000,66.00000000,66.07000000,65.25000000,65.52000000,1675.85293000,1579211999999,109876.06720670,548,795.94092000,52227.14426460,0
1579212000000,65.50000000,66.02000000,65.39000000,65.88000000,1546.62476000,1579215599999,101670.86569490,449,679.18486000,44610.40896530,0
1579215600000,65.89000000,66.14000000,65.58000000,65.63000000,789.99379000,1579219199999,52008.89346990,275,471.32833000,31040.04894500,0
1579219200000,65.65000000,65.84000000,64.11000000,64.13000000,2659.77325000,1579222799999,172380.72469920,839,1170.62588000,75779.15385900,0
1579222800000,64.11000000,64.90000000,64.05000000,64.82000000,1027.06886000,1579226399999,66328.56302450,392,625.99710000,40424.60231050,0
1579226400000,64.83000000,65.44000000,64.62000000,65.13000000,1125.83295000,1579229999999,73147.87015550,355,518.34763000,33712.98984010,0
1579230000000,65.11000000,65.92000000,65.11000000,65.65000000,1468.62907000,1579233599999,96355.32321940,500,863.76712000,56671.42357060,0
1579233600000,65.65000000,66.00000000,65.51000000,66.00000000,1978.22705000,1579237199999,130038.57176300,571,1108.49145000,72897.46925520,0
1579237200000,65.97000000,66.81000000,65.75000000,66.76000000,2177.51018000,1579240799999,144236.63961530,793,1031.46299000,68262.22415000,0
1579240800000,66.72000000,67.02000000,66.19000000,66.22000000,4223.52610000,1579244399999,281158.45468100,1175,2332.00535000,155178.20604400,0
1579244400000,66.26000000,66.83000000,66.18000000,66.67000000,1456.18331000,1579247999999,96894.54090580,411,946.02866000,62939.23109650,0
1579248000000,66.69000000,67.72000000,66.52000000,66.90000000,2779.20535000,1579251599999,186564.57487470,804,1343.17322000,90194.14335430,0
1579251600000,66.90000000,67.20000000,66.67000000,67.19000000,1489.65096000,1579255199999,99696.11491300,610,606.01189000,40599.08635580,0
1579255200000,67.19000000,67.57000000,66.35000000,67.02000000,3123.10612000,1579258799999,209000.89180200,902,1515.77602000,101503.05171520,0
1579258800000,67.01000000,67.17000000,66.59000000,66.64000000,867.87052000,1579262399999,58128.54236960,348,561.32046000,37615.08304500,0
1579262400000,66.64000000,66.81000000,65.40000000,66.11000000,3803.54510000,1579265999999,251190.15857270,1014,1786.63918000,117797.37681900,0
1579266000000,66.13000000,66.32000000,66.01000000,66.22000000,936.80109000,1579269599999,61967.24460820,481,543.50862000,35962.57948210,0
1579269600000,66.16000000,66.19000000,64.77000000,65.25000000,3835.27047000,1579273199999,251153.63775940,1129,1285.68033000,84230.02043750,0
1579273200000,65.16000000,66.28000000,65.01000000,65.95000000,1371.75337000,1579276799999,89954.18843530,507,975.05558000,63903.04263550,0
1579276800000,65.92000000,68.44000000,65.67000000,68.44000000,6205.59769000,1579280399999,416342.95207440,1902,3292.25034000,220964.81172540,0
1579280400000,68.42000000,71.54000000,67.70000000,70.56000000,23047.11768000,1579283999999,1615693.14740370,5181,12129.68045000,849619.85751460,0
1579284000000,70.55000000,72.00000000,69.67000000,71.70000000,6032.51372000,1579287599999,427780.97816610,1623,2594.92064000,184420.03267110,0
1579287600000,71.78000000,71.78000000,67.09000000,68.45000000,7767.78889000,1579291199999,537993.22799840,1972,3620.77747000,249831.17583910,0
1579291200000,68.57000000,69.81000000,68.11000000,68.11000000,6075.86168000,1579294799999,419073.15228080,1266,2325.56324000,160363.84515240,0
1579294800000,68.11000000,68.55000000,67.71000000,68.55000000,1982.09851000,1579298399999,134993.74862760,543,1232.36991000,83960.78208010,0
1579298400000,68.42000000,69.52000000,68.23000000,69.43000000,2887.08613000,1579301999999,198980.96318070,788,1259.54266000,86750.38455560,0
1579302000000,69.43000000,69.90000000,68.95000000,68.95000000,2331.29284000,1579305599999,162015.07088420,521,1124.86806000,78293.26066240,0
1579305600000,68.92000000,70.31000000,68.62000000,69.93000000,1968.20645000,1579309199999,137287.53553870,643,1130.42723000,78897.71354640,0
1579309200000,69.93000000,70.02000000,68.79000000,69.11000000,1734.62651000,1579312799999,120110.37032890,430,752.43375000,52086.77259570,0
1579312800000,69.04000000,69.35000000,68.54000000,69.00000000,1117.99857000,1579316399999,77080.00314150,347,549.30461000,37910.09142140,0
1579316400000,68.96000000,68.99000000,68.24000000,68.58000000,1943.08139000,1579319999999,133081.53531090,498,560.25305000,38388.82063440,0
1579320000000,68.56000000,68.56000000,66.44000000,66.49000000,3423.26490000,1579323599999,229734.04205180,907,897.81852000,60555.41485660,0
1579323600000,66.60000000,67.02000000,66.43000000,66.63000000,1657.41151000,1579327199999,110530.05353670,465,604.87845000,40351.08884450,0
1579327200000,66.60000000,67.69000000,66.15000000,67.28000000,2765.93695000,1579330799999,185119.97090350,885,1390.69193000,93005.47795240,0
1579330800000,67.28000000,68.25000000,66.94000000,68.16000000,2391.75947000,1579334399999,162576.06956170,691,1087.70543000,73888.23101480,0
1579334400000,68.21000000,69.24000000,68.08000000,69.17000000,2275.18697000,1579337999999,156510.60531170,657,757.08491000,52064.07222160,0
1579338000000,69.17000000,69.90000000,69.10000000,69.85000000,1700.79887000,1579341599999,118429.74936280,477,832.31729000,57947.26796660,0
1579341600000,69.84000000,70.94000000,69.79000000,70.29000000,4821.91205000,1579345199999,339885.60383940,913,2243.52152000,158025.76386010,0
1579345200000,70.30000000,70.30000000,68.93000000,69.50000000,2355.36135000,1579348799999,163469.25862140,605,1202.02996000,83343.39066890,0
1579348800000,69.56000000,70.38000000,69.39000000,70.35000000,3816.49832000,1579352399999,266965.56556530,793,1503.66840000,105088.87026170,0
1579352400000,70.33000000,70.74000000,70.04000000,70.24000000,2118.02439000,1579355999999,149206.15437270,744,993.58556000,70012.34365960,0
1579356000000,70.21000000,70.85000000,70.21000000,70.33000000,3148.96397000,1579359599999,222395.21247880,583,2019.00792000,142669.59608940,0
1579359600000,70.40000000,70.67000000,69.28000000,69.76000000,3167.13532000,1579363199999,221161.15856010,893,1902.67424000,132811.92385810,0
1579363200000,69.79000000,69.84000000,68.11000000,68.92000000,2451.58427000,1579366799999,168811.40437660,924,1252.96315000,86196.33870540,0
1579366800000,68.90000000,69.28000000,68.70000000,69.09000000,1185.13014000,1579370399999,81850.74520740,353,436.11082000,30110.17137250,0
1579370400000,69.00000000,69.20000000,68.48000000,68.83000000,1356.45001000,1579373999999,93451.90657820,366,430.75129000,29705.76968890,0
1579374000000,68.84000000,68.88000000,68.57000000,68.71000000,417.14170000,1579377599999,28645.73567890,157,86.11779000,5913.23473320,0
1579377600000,68.77000000,69.12000000,67.89000000,67.99000000,3023.97773000,1579381199999,207051.06327650,776,906.69671000,62066.15506870,0
1579381200000,68.03000000,68.05000000,67.64000000,67.78000000,985.39322000,1579384799999,66854.54576370,405,555.20098000,37664.42048160,0
1579384800000,67.78000000,68.13000000,67.60000000,67.77000000,2344.55133000,1579388399999,158740.00461720,485,1457.89059000,98664.99867050,0
1579388400000,67.88000000,67.88000000,66.91000000,67.00000000,4055.28125000,1579391999999,272773.47532340,975,1972.28610000,132615.64671750,0
1579392000000,67.00000000,67.15000000,66.58000000,66.78000000,1863.62950000,1579395599999,124464.56645550,640,911.30903000,60879.16336710,0
1579395600000,66.81000000,68.88000000,66.77000000,67.65000000,5868.33711000,1579399199999,398420.64421150,1954,2975.81811000,201676.71908320,0
1579399200000,67.69000000,67.98000000,67.26000000,67.57000000,1499.38737000,1579402799999,101270.31724810,382,556.39262000,37614.21538510,0
1579402800000,67.62000000,68.07000000,67.57000000,67.77000000,1017.22005000,1579406399999,68985.63149200,420,596.09635000,40421.91925800,0
1579406400000,67.80000000,68.72000000,67.51000000,68.66000000,2038.75527000,1579409999999,138975.46393830,412,1387.76288000,94478.79413730,0
1579410000000,68.72000000,69.47000000,68.65000000,68.90000000,2451.01176000,1579413599999,169233.92472410,470,802.37219000,55418.17599520,0
1579413600000,68.86000000,69.41000000,67.52000000,68.06000000,5333.81574000,1579417199999,364792.46085110,862,1789.16737000,122588.23672910,0
1579417200000,67.99000000,68.61000000,67.79000000,68.32000000,938.20604000,1579420799999,63986.46325130,240,430.32395000,29323.37563370,0
1579420800000,68.35000000,68.57000000,68.17000000,68.56000000,857.12739000,1579424399999,58571.49968270,137,506.79772000,34641.41249800,0
1579424400000,68.53000000,68.75000000,68.20000000,68.36000000,439.45964000,1579427999999,30080.97202800,178,201.02181000,13765.25879070,0
1579428000000,68.28000000,68.59000000,68.10000000,68.11000000,603.48934000,1579431599999,41257.12195800,153,265.92682000,18178.76529460,0
1579431600000,68.11000000,68.19000000,64.65000000,65.51000000,7118.96560000,1579435199999,467261.60008960,2015,2777.98097000,182309.58970270,0
1579435200000,65.41000000,65.41000000,63.66000000,64.50000000,2871.44421000,1579438799999,184746.65300660,733,1285.04589000,82549.77817300,0
1579438800000,64.27000000,64.57000000,62.74000000,63.78000000,3724.82338000,1579442399999,236486.13690650,853,1733.48390000,110067.27522440,0
1579442400000,63.86000000,64.39000000,63.58000000,63.99000000,1458.06098000,1579445999999,93277.26477420,292,658.06507000,42172.17828980,0
1579446000000,63.92000000,65.23000000,63.77000000,65.14000000,1353.48284000,1579449599999,87188.54027440,445,911.00204000,58773.94364010,0
1579449600000,65.06000000,65.77000000,64.56000000,64.99000000,1911.26221000,1579453199999,124433.35771620,550,1244.10605000,81007.87661690,0
1579453200000,64.87000000,64.96000000,64.70000000,64.82000000,329.57024000,1579456799999,21354.48299450,142,82.35111000,5340.16831970,0
1579456800000,64.74000000,64.88000000,64.50000000,64.58000000,1169.17071000,1579460399999,75654.67450350,241,767.23099000,49673.11313440,0
1579460400000,64.50000000,64.67000000,64.00000000,64.00000000,684.55472000,1579463999999,44019.65282160,295,306.70257000,19743.67239100,0
1579464000000,64.05000000,64.24000000,64.00000000,64.06000000,655.42812000,1579467599999,41990.45097100,154,209.37071000,13431.01032770,0
1579467600000,64.10000000,65.06000000,64.07000000,64.98000000,490.42843000,1579471199999,31703.72012440,253,339.89972000,21953.27673920,0
1579471200000,64.98000000,65.14000000,63.01000000,64.35000000,2556.36212000,1579474799999,163804.08011270,572,604.59786000,38787.12189100,0
1579474800000,64.40000000,65.36000000,64.30000000,65.17000000,1448.75685000,1579478399999,93788.39693870,426,617.86255000,40131.76573200,0
1579478400000,65.23000000,65.40000000,64.78000000,64.99000000,996.62624000,1579481999999,64831.90959000,337,232.67751000,15152.01814900,0
1579482000000,64.87000000,65.10000000,64.45000000,64.64000000,940.42917000,1579485599999,60839.21655790,233,403.93579000,26134.14252570,0
1579485600000,64.71000000,64.86000000,64.44000000,64.64000000,354.18288000,1579489199999,22897.40305530,150,203.12382000,13134.31959500,0
1579489200000,64.69000000,64.80000000,64.41000000,64.57000000,440.75369000,1579492799999,28462.97693300,193,193.52784000,12507.50515540,0
1579492800000,64.79000000,64.80000000,64.14000000,64.17000000,454.43106000,1579496399999,29329.72040570,175,226.80418000,14657.00899360,0
1579496400000,64.18000000,64.88000000,64.11000000,64.83000000,235.55113000,1579499999999,15199.13472200,211,108.16023000,6982.16538560,0
1579500000000,64.88000000,64.95000000,64.59000000,64.66000000,273.83223000,1579503599999,17721.42337510,138,118.78667000,7684.18088400,0
1579503600000,64.67000000,64.87000000,64.50000000,64.61000000,185.87627000,1579507199999,12024.97117070,113,83.59275000,5409.31272560,0
1579507200000,64.67000000,64.76000000,63.81000000,64.10000000,709.44579000,1579510799999,45610.50346490,288,225.71309000,14479.50774510,0
1579510800000,64.20000000,64.42000000,64.01000000,64.28000000,287.48033000,1579514399999,18463.81767000,171,206.16483000,13244.02914540,0
1579514400000,64.35000000,64.62000000,64.10000000,64.55000000,634.85378000,1579517999999,40906.12354070,330,370.34472000,23867.76357600,0
1579518000000,64.54000000,64.88000000,63.56000000,63.65000000,2466.49570000,1579521599999,158463.09692270,612,572.46206000,36893.24195980,0
1579521600000,63.63000000,63.74000000,62.68000000,62.73000000,3087.33514000,1579525199999,195037.94631910,789,922.21805000,58242.10939130,0
1579525200000,62.81000000,64.00000000,62.17000000,63.61000000,3282.09447000,1579528799999,206576.03818530,919,1400.11119000,88310.34461720,0
1579528800000,63.55000000,64.63000000,63.50000000,64.63000000,3505.39029000,1579532399999,225403.60301550,527,1790.46169000,115047.42503730,0
1579532400000,64.63000000,65.73000000,64.08000000,65.03000000,2410.94595000,1579535999999,156973.35706010,550,1896.29837000,123587.37590450,0
1579536000000,65.12000000,65.70000000,64.73000000,65.08000000,1863.68968000,1579539599999,121407.58230400,456,890.47146000,58066.55458280,0
1579539600000,65.04000000,65.20000000,64.85000000,64.93000000,788.92699000,1579543199999,51305.66437100,243,285.30869000,18570.50416760,0
1579543200000,64.92000000,65.15000000,64.43000000,64.77000000,1130.30300000,1579546799999,73204.02245320,353,324.30432000,21058.41698770,0
1579546800000,64.71000000,65.60000000,64.64000000,65.35000000,1167.78173000,1579550399999,76124.93378730,370,763.57660000,49763.37382070,0
1579550400000,65.32000000,66.33000000,65.16000000,66.03000000,2239.56965000,1579553999999,147522.29614550,641,1550.78411000,102175.05008420,0
1579554000000,66.03000000,66.20000000,65.65000000,66.03000000,1378.58741000,1579557599999,90899.39412820,442,874.52858000,57696.23355230,0
1579557600000,66.06000000,66.53000000,65.51000000,65.59000000,1981.50376000,1579561199999,131001.41304820,624,717.87949000,47415.29919820,0
1579561200000,65.50000000,65.61000000,64.90000000,64.96000000,2100.64471000,1579564799999,137015.53287240,439,785.05755000,51233.55680450,0
1579564800000,64.98000000,65.10000000,64.68000000,64.77000000,680.31623000,1579568399999,44146.88706040,247,420.93866000,27325.77902720,0
1579568400000,64.78000000,64.99000000,64.74000000,64.82000000,135.19542000,1579571999999,8769.87120210,93,68.68450000,4455.79051000,0
1579572000000,64.93000000,65.38000000,64.88000000,65.19000000,262.55266000,1579575599999,17135.51607530,161,161.27627000,10531.70418450,0
1579575600000,65.30000000,66.32000000,65.30000000,65.96000000,1981.64241000,1579579199999,130751.80044100,449,683.51970000,45010.19568870,0
1579579200000,65.86000000,65.96000000,65.61000000,65.80000000,200.75195000,1579582799999,13202.01828280,141,131.89779000,8673.25392410,0
1579582800000,65.76000000,65.86000000,65.21000000,65.23000000,1129.70185000,1579586399999,73961.53003770,268,839.35983000,54945.68877880,0
1579586400000,65.42000000,65.50000000,64.79000000,65.50000000,1071.16572000,1579589999999,69792.48350550,326,313.50253000,20399.27946720,0
1579590000000,65.41000000,65.49000000,64.76000000,64.85000000,741.75232000,1579593599999,48317.45289860,295,138.89794000,9038.79754650,0
1579593600000,64.86000000,65.49000000,64.75000000,65.39000000,750.20257000,1579597199999,48923.19292470,277,345.46547000,22565.70672110,0
1579597200000,65.38000000,65.72000000,65.25000000,65.50000000,1519.43215000,1579600799999,99565.97595630,321,391.27012000,25602.38182680,0
1579600800000,65.50000000,65.68000000,65.02000000,65.42000000,1452.48166000,1579604399999,95002.67437870,330,438.19782000,28678.80625760,0
1579604400000,65.39000000,65.87000000,65.39000000,65.58000000,588.82163000,1579607999999,38665.72706980,212,166.12011000,10904.21593490,0
1579608000000,65.57000000,65.84000000,65.21000000,65.73000000,655.63408000,1579611599999,42981.02049490,298,330.94807000,21702.72789590,0
1579611600000,65.74000000,66.40000000,65.43000000,66.39000000,1910.80693000,1579615199999,125828.48950400,619,844.70816000,55662.12457490,0
1579615200000,66.39000000,66.44000000,65.91000000,66.16000000,2196.05154000,1579618799999,145174.37105080,505,1185.26907000,78258.15477250,0
1579618800000,66.10000000,66.56000000,66.05000000,66.34000000,644.63422000,1579622399999,42760.92706820,309,313.42502000,20783.24785750,0
1579622400000,66.37000000,66.88000000,65.86000000,66.47000000,1711.91406000,1579625999999,113709.47983650,631,915.91552000,60940.03973370,0
1579626000000,66.50000000,66.56000000,65.67000000,65.85000000,638.64493000,1579629599999,42191.56606310,279,212.62065000,14039.43417150,0
1579629600000,65.90000000,65.90000000,65.46000000,65.48000000,798.34238000,1579633199999,52364.40650080,223,338.33191000,22192.81038260,0
1579633200000,65.58000000,65.70000000,64.07000000,64.51000000,2258.99432000,1579636799999,146513.09868340,646,970.57792000,63008.15409740,0
1579636800000,64.45000000,66.21000000,64.45000000,66.19000000,1656.97383000,1579640399999,108921.41056110,592,663.61903000,43572.52848310,0
1579640400000,66.21000000,66.75000000,65.73000000,65.84000000,1455.41986000,1579643999999,96253.95357840,403,583.08854000,38578.61630200,0
1579644000000,65.85000000,65.95000000,65.52000000,65.74000000,442.27795000,1579647599999,29040.06727090,197,232.80648000,15284.59025140,0
1579647600000,65.67000000,66.16000000,65.67000000,65.87000000,450.73819000,1579651199999,29690.86123070,207,219.23592000,14443.03278830,0
1579651200000,65.97000000,66.12000000,65.64000000,66.03000000,384.67794000,1579654799999,25347.94422200,210,188.52327000,12428.32471820,0
1579654800000,66.03000000,66.32000000,65.62000000,66.32000000,471.27176000,1579658399999,31076.56783360,238,388.03851000,25598.66381870,0
1579658400000,66.28000000,66.40000000,65.96000000,66.02000000,362.23192000,1579661999999,24010.10285570,167,175.19172000,11613.64434740,0
1579662000000,66.10000000,66.19000000,65.53000000,65.83000000,1919.82532000,1579665599999,126360.83599380,480,871.04082000,57292.68469130,0
1579665600000,65.85000000,65.91000000,65.20000000,65.91000000,2105.32630000,1579669199999,137922.91879560,593,1032.91032000,67643.11837010,0
1579669200000,65.91000000,65.96000000,65.72000000,65.94000000,226.71270000,1579672799999,14932.28375260,138,153.08320000,10084.90695700,0
1579672800000,65.95000000,66.06000000,65.63000000,66.00000000,400.22810000,1579676399999,26387.76796650,243,211.47312000,13947.52732990,0
1579676400000,66.06000000,66.55000000,65.57000000,65.88000000,3015.46098000,1579679999999,199163.47232650,608,1199.68055000,79332.91062060,0
1579680000000,65.96000000,66.02000000,65.10000000,65.28000000,2646.74819000,1579683599999,173493.84511760,631,757.08445000,49633.27201760,0
1579683600000,65.26000000,65.33000000,65.06000000,65.27000000,1261.50944000,1579687199999,82263.87281440,483,617.05198000,40258.64103390,0
1579687200000,65.28000000,65.81000000,65.18000000,65.25000000,1259.76513000,1579690799999,82477.57101150,391,828.29456000,54241.64021380,0
1579690800000,65.25000000,65.34000000,64.82000000,65.06000000,2185.22749000,1579694399999,142137.30120610,444,370.32313000,24115.63241540,0
1579694400000,64.96000000,65.27000000,64.90000000,65.09000000,335.13961000,1579697999999,21813.67961870,179,182.73001000,11900.46880510,0
1579698000000,65.08000000,65.15000000,64.72000000,64.76000000,559.29374000,1579701599999,36296.22919250,243,139.45228000,9049.95684680,0
1579701600000,64.81000000,65.23000000,64.81000000,65.00000000,1095.56172000,1579705199999,71198.71271980,395,512.86914000,33346.97988710,0
1579705200000,64.99000000,65.17000000,64.86000000,64.91000000,294.40237000,1579708799999,19129.21267880,137,45.38291000,2950.85920870,0
1579708800000,64.95000000,65.40000000,64.54000000,65.00000000,2843.83083000,1579712399999,185070.27573740,784,1888.84032000,122948.85648740,0
1579712400000,64.99000000,65.28000000,64.80000000,64.97000000,347.00581000,1579715999999,22544.35052150,137,66.63811000,4334.93840370,0
1579716000000,64.96000000,64.96000000,64.41000000,64.52000000,1202.72335000,1579719599999,77766.42245940,391,200.77817000,12974.97055470,0
1579719600000,64.52000000,64.79000000,64.35000000,64.79000000,531.26512000,1579723199999,34305.80397790,253,304.29579000,19655.59888720,0
1579723200000,64.79000000,64.80000000,64.42000000,64.53000000,886.57905000,1579726799999,57332.84930200,221,519.68792000,33592.84504670,0
1579726800000,64.53000000,65.18000000,64.48000000,64.94000000,1028.79064000,1579730399999,66696.21009020,347,589.43877000,38175.52425070,0
1579730400000,64.83000000,65.10000000,64.71000000,64.90000000,283.29754000,1579733999999,18398.54528150,137,98.70682000,6416.10683960,0
1579734000000,64.97000000,65.15000000,64.89000000,65.00000000,279.94172000,1579737599999,18199.18145800,128,132.34438000,8601.24213890,0
1579737600000,65.09000000,65.09000000,64.31000000,64.53000000,1792.53957000,1579741199999,115720.30512950,213,164.53305000,10635.85902750,0
1579741200000,64.55000000,64.59000000,64.02000000,64.05000000,912.50996000,1579744799999,58695.59716850,293,452.11051000,29127.72303700,0
1579744800000,64.06000000,64.15000000,63.83000000,64.09000000,977.02053000,1579748399999,62528.54377470,333,264.28550000,16912.14943220,0
1579748400000,64.05000000,64.13000000,63.66000000,63.70000000,355.36238000,1579751999999,22719.45137930,232,139.63449000,8930.52213080,0
1579752000000,63.69000000,63.86000000,63.61000000,63.73000000,361.30875000,1579755599999,23012.79063640,141,293.73599000,18707.94357540,0
1579755600000,63.66000000,63.74000000,63.10000000,63.18000000,1615.97235000,1579759199999,102385.80468790,556,902.45310000,57184.36666560,0
1579759200000,63.21000000,63.36000000,62.72000000,62.96000000,1264.51993000,1579762799999,79541.76348860,447,555.14651000,34921.59003850,0
1579762800000,62.92000000,63.43000000,62.69000000,63.15000000,1025.99228000,1579766399999,64685.59784530,338,712.74658000,44910.51240820,0
1579766400000,63.15000000,63.46000000,62.51000000,62.51000000,2101.07619000,1579769999999,132267.86732240,444,952.02917000,59963.00677630,0
1579770000000,62.50000000,62.51000000,62.06000000,62.27000000,1222.02393000,1579773599999,76137.18424300,445,511.67962000,31868.99094970,0
1579773600000,62.16000000,62.68000000,62.04000000,62.41000000,925.33845000,1579777199999,57710.92277920,366,473.11281000,29523.77146250,0
1579777200000,62.39000000,62.45000000,62.07000000,62.10000000,486.84008000,1579780799999,30286.87425020,278,207.89164000,12935.14717350,0
1579780800000,62.11000000,62.30000000,61.59000000,61.77000000,2149.82162000,1579784399999,133049.69126110,581,950.39206000,58759.33729090,0
1579784400000,61.77000000,61.94000000,61.15000000,61.71000000,1654.00320000,1579787999999,101685.92741890,613,757.79805000,46631.12360310,0
1579788000000,61.64000000,62.61000000,61.64000000,61.91000000,1304.10172000,1579791599999,81019.79535740,459,473.80614000,29418.31848620,0
1579791600000,61.86000000,62.43000000,61.62000000,61.89000000,804.89635000,1579795199999,50029.08744420,307,511.24174000,31785.76747430,0
1579795200000,61.97000000,62.36000000,61.72000000,62.26000000,1229.14010000,1579798799999,76339.15265980,370,438.69339000,27252.83297400,0
1579798800000,62.26000000,62.51000000,61.82000000,61.86000000,712.74756000,1579802399999,44287.73098890,330,302.02401000,18788.13251950,0
1579802400000,61.96000000,61.96000000,61.47000000,61.50000000,776.68462000,1579805999999,47853.65333990,291,219.72666000,13529.13404870,0
1579806000000,61.50000000,61.87000000,61.50000000,61.77000000,355.73968000,1579809599999,21944.35527910,157,256.14936000,15802.75958980,0
1579809600000,61.79000000,61.80000000,61.43000000,61.49000000,236.08728000,1579813199999,14537.22724820,127,117.97010000,7272.23431120,0
1579813200000,61.40000000,62.02000000,61.40000000,61.84000000,894.05138000,1579816799999,55313.71383680,254,653.25925000,40412.99602280,0
1579816800000,61.80000000,62.72000000,61.79000000,62.56000000,955.94411000,1579820399999,59624.49431700,326,792.73352000,49445.63884590,0
1579820400000,62.57000000,62.75000000,62.16000000,62.55000000,528.93588000,1579823999999,32976.64151520,215,238.57327000,14884.89078840,0
1579824000000,62.57000000,62.60000000,62.34000000,62.42000000,61.50491000,1579827599999,3838.16049140,52,23.70626000,1479.30886870,0
1579827600000,62.44000000,62.44000000,62.00000000,62.03000000,754.95416000,1579831199999,46895.58606390,305,166.41183000,10341.77519960,0
1579831200000,62.01000000,62.06000000,60.28000000,60.28000000,1993.06616000,1579834799999,121567.88205440,678,602.19103000,36624.97727360,0
1579834800000,60.32000000,60.43000000,59.60000000,59.83000000,2187.35807000,1579838399999,131119.44439410,769,828.55903000,49638.74330060,0
1579838400000,59.83000000,59.94000000,59.28000000,59.28000000,1599.71595000,1579841999999,95422.03349460,501,559.47009000,33410.09739510,0
1579842000000,59.28000000,59.72000000,59.15000000,59.28000000,2207.76117000,1579845599999,131086.28731480,585,967.89409000,57499.38937670,0
1579845600000,59.29000000,59.53000000,59.06000000,59.10000000,1139.51603000,1579849199999,67544.67305540,370,504.95271000,29958.48402820,0
1579849200000,59.15000000,59.79000000,59.15000000,59.56000000,2155.54258000,1579852799999,128338.58011670,498,1435.20033000,85422.40279750,0
1579852800000,59.56000000,59.79000000,59.43000000,59.53000000,733.44399000,1579856399999,43712.89778140,217,402.33580000,23977.53665480,0
1579856400000,59.59000000,59.60000000,58.54000000,58.57000000,5666.41650000,1579859999999,333641.57624270,906,1906.15833000,112017.76168380,0
1579860000000,58.56000000,59.11000000,58.00000000,58.19000000,3566.67895000,1579863599999,208297.22968040,928,1488.03896000,87007.73584650,0
1579863600000,58.18000000,60.56000000,58.13000000,60.46000000,4666.04749000,1579867199999,278206.10883900,1126,2834.09424000,168734.46274270,0
1579867200000,60.56000000,61.70000000,60.14000000,61.49000000,4543.64753000,1579870799999,277015.38746500,1081,2470.52475000,150533.41896300,0
1579870800000,61.54000000,61.77000000,60.73000000,61.66000000,3865.30226000,1579874399999,236517.61158980,928,1965.17791000,120291.22588820,0
1579874400000,61.67000000,62.06000000,61.30000000,61.58000000,3632.94563000,1579877999999,224301.29783480,866,2168.49925000,133882.87428450,0
1579878000000,61.63000000,62.48000000,61.03000000,62.46000000,4751.67394000,1579881599999,293487.06591780,1093,2634.64265000,162800.16420320,0
1579881600000,62.42000000,62.85000000,61.80000000,61.80000000,2003.61519000,1579885199999,125111.16364460,686,1006.76251000,62849.03975770,0
1579885200000,61.76000000,62.99000000,61.72000000,61.86000000,4672.30344000,1579888799999,291933.89688400,1129,2521.44348000,157484.96029000,0
1579888800000,61.86000000,62.28000000,61.66000000,61.77000000,786.05718000,1579892399999,48706.14729240,273,275.96196000,17102.66834180,0
1579892400000,61.73000000,62.89000000,61.71000000,62.52000000,1747.64284000,1579895999999,109045.10277080,434,875.08469000,54589.39519290,0
1579896000000,62.52000000,62.90000000,62.35000000,62.62000000,1024.86425000,1579899599999,64167.77324150,350,412.51829000,25842.21192810,0
1579899600000,62.61000000,62.90000000,62.46000000,62.51000000,916.50207000,1579903199999,57410.91558250,295,356.86474000,22365.43592190,0
1579903200000,62.53000000,62.69000000,61.93000000,62.03000000,710.71780000,1579906799999,44176.03407570,257,377.85033000,23462.81091930,0
1579906800000,62.06000000,62.06000000,61.55000000,61.67000000,1259.37350000,1579910399999,77725.38668800,299,537.86208000,33186.16688070,0
1579910400000,61.65000000,61.70000000,60.20000000,60.29000000,1813.28377000,1579913999999,110325.20847750,593,545.18950000,33193.97644500,0
1579914000000,60.27000000,60.55000000,60.06000000,60.21000000,1011.27122000,1579917599999,60945.37507180,221,333.32490000,20092.24074470,0
1579917600000,60.23000000,60.57000000,60.23000000,60.52000000,219.61232000,1579921199999,13273.65351050,149,152.36598000,9213.24600320,0
1579921200000,60.48000000,60.67000000,60.07000000,60.17000000,808.71027000,1579924799999,48901.13555450,256,444.67233000,26927.39197310,0
1579924800000,60.15000000,60.27000000,60.03000000,60.12000000,399.29081000,1579928399999,24018.89891660,165,178.94335000,10769.36663780,0
1579928400000,60.13000000,60.35000000,59.87000000,60.28000000,1485.58076000,1579931999999,89223.48881920,426,704.90975000,42333.29148320,0
1579932000000,60.28000000,60.57000000,60.22000000,60.39000000,514.16423000,1579935599999,31074.11894090,167,356.90606000,21569.78253340,0
1579935600000,60.39000000,60.57000000,60.35000000,60.45000000,277.87208000,1579939199999,16791.52957410,186,214.82434000,12979.62092000,0
1579939200000,60.42000000,61.17000000,60.39000000,61.10000000,432.03897000,1579942799999,26271.14662480,260,328.63168000,19972.06229140,0
1579942800000,61.16000000,61.62000000,60.91000000,61.45000000,1625.34207000,1579946399999,99572.38099230,311,1196.24844000,73366.36677490,0
1579946400000,61.54000000,61.72000000,61.21000000,61.31000000,1261.95405000,1579949999999,77530.58232270,384,638.29071000,39212.22036180,0
1579950000000,61.23000000,61.48000000,61.21000000,61.24000000,656.93791000,1579953599999,40293.02825340,263,400.10414000,24548.21380960,0
1579953600000,61.24000000,61.32000000,60.99000000,61.13000000,194.25952000,1579957199999,11878.74887030,115,100.43289000,6145.14770260,0
1579957200000,61.00000000,61.61000000,61.00000000,61.40000000,928.98332000,1579960799999,57117.02726570,325,457.53102000,28117.27025820,0
1579960800000,61.41000000,61.61000000,61.28000000,61.28000000,485.51647000,1579964399999,29832.34425170,251,130.79862000,8042.16742700,0
1579964400000,61.19000000,61.85000000,61.04000000,61.30000000,3207.95088000,1579967999999,197021.03455040,664,1570.03245000,96394.25356830,0
1579968000000,61.28000000,61.41000000,61.05000000,61.37000000,615.30489000,1579971599999,37714.05304810,206,439.98219000,26973.99368610,0
1579971600000,61.38000000,61.51000000,61.08000000,61.15000000,295.85524000,1579975199999,18120.50218100,113,101.96076000,6246.00055010,0
1579975200000,61.16000000,61.21000000,61.01000000,61.21000000,233.82658000,1579978799999,14292.86518770,91,41.93268000,2563.45030170,0
1579978800000,61.21000000,62.00000000,61.17000000,61.68000000,682.61631000,1579982399999,42069.27861540,299,343.39147000,21152.84675030,0
1579982400000,61.75000000,62.14000000,61.59000000,62.08000000,538.78087000,1579985999999,33378.38147980,277,201.99979000,12515.22696050,0
1579986000000,62.14000000,62.57000000,62.00000000,62.23000000,799.80795000,1579989599999,49835.18246920,316,507.26196000,31624.97523330,0
1579989600000,62.21000000,62.36000000,61.58000000,61.71000000,1529.28644000,1579993199999,94624.32037220,307,161.03356000,9975.69163540,0
1579993200000,61.74000000,61.89000000,61.33000000,61.35000000,231.74923000,1579996799999,14304.82609290,124,140.87739000,8703.01427980,0
1579996800000,61.25000000,61.28000000,60.79000000,61.12000000,848.03038000,1580000399999,51760.16840560,323,320.01691000,19537.36627670,0
1580000400000,61.11000000,61.49000000,61.08000000,61.43000000,426.65551000,1580003999999,26147.57023840,188,371.82059000,22786.24890070,0
1580004000000,61.45000000,61.45000000,61.13000000,61.17000000,260.19434000,1580007599999,15942.79842210,117,74.58143000,4572.06879950,0
1580007600000,61.24000000,61.73000000,61.16000000,61.64000000,364.20041000,1580011199999,22410.07201360,173,272.93860000,16802.57619300,0
1580011200000,61.63000000,61.68000000,61.38000000,61.60000000,308.96982000,1580014799999,19017.53826810,236,177.62187000,10937.52905590,0
1580014800000,61.68000000,61.82000000,61.62000000,61.78000000,391.48013000,1580018399999,24170.12711810,173,137.39659000,8481.88465140,0
1580018400000,61.84000000,62.13000000,61.68000000,62.01000000,311.35565000,1580021999999,19288.63458290,188,174.83565000,10834.83476830,0
1580022000000,61.98000000,62.57000000,61.97000000,62.47000000,1010.34102000,1580025599999,63046.07819720,373,465.69188000,29032.33671390,0
1580025600000,62.47000000,63.12000000,62.43000000,62.68000000,3405.41634000,1580029199999,213805.79342930,1179,2056.64327000,129223.99177540,0
1580029200000,62.74000000,62.84000000,62.50000000,62.82000000,2062.16911000,1580032799999,129132.19829520,620,655.69419000,41057.90931710,0
1580032800000,62.86000000,63.32000000,62.68000000,63.30000000,1257.38999000,1580036399999,79170.49171130,360,558.57633000,35179.02988660,0
1580036400000,63.30000000,63.49000000,63.12000000,63.49000000,952.67779000,1580039999999,60308.95653190,362,533.58040000,33772.10973040,0
1580040000000,63.50000000,63.57000000,63.13000000,63.35000000,742.91203000,1580043599999,47051.50892550,365,172.62652000,10936.66185970,0
1580043600000,63.38000000,63.50000000,63.04000000,63.05000000,530.06343000,1580047199999,33549.34975540,241,285.12526000,18036.00744260,0
1580047200000,63.07000000,63.53000000,62.87000000,63.28000000,646.27551000,1580050799999,40767.02482850,307,290.78849000,18350.82519130,0
1580050800000,63.26000000,63.58000000,63.26000000,63.32000000,560.63994000,1580054399999,35569.54529470,253,268.68543000,17049.89203520,0
1580054400000,63.40000000,63.74000000,63.27000000,63.60000000,1926.15152000,1580057999999,122366.40747220,543,1582.10062000,100515.60248990,0
1580058000000,63.60000000,64.82000000,63.53000000,64.18000000,4682.55736000,1580061599999,300425.44739560,1350,2929.71884000,187950.41855330,0
1580061600000,64.18000000,64.25000000,63.87000000,63.91000000,1083.79452000,1580065199999,69418.37458470,415,398.59853000,25539.02724410,0
1580065200000,63.95000000,64.11000000,63.69000000,63.90000000,644.19527000,1580068799999,41155.15492640,360,239.41318000,15300.90281780,0
1580068800000,63.86000000,64.39000000,63.85000000,64.10000000,1179.90470000,1580072399999,75787.42014750,434,392.78937000,25223.51320850,0
1580072400000,64.09000000,64.21000000,63.51000000,63.95000000,1301.84799000,1580075999999,83074.15180810,479,609.03907000,38833.15995960,0
1580076000000,63.93000000,64.00000000,63.19000000,63.37000000,1357.76374000,1580079599999,86416.43648020,406,343.34252000,21843.56891980,0
1580079600000,63.40000000,64.01000000,63.34000000,63.97000000,904.88577000,1580083199999,57609.98761380,447,517.81112000,32983.02666300,0
1580083200000,64.02000000,64.55000000,63.83000000,63.96000000,1533.18686000,1580086799999,98305.43784970,440,763.56164000,48952.96323980,0
1580086800000,64.03000000,64.53000000,63.89000000,63.93000000,1634.27240000,1580090399999,104928.18784110,395,1192.18610000,76586.24864640,0
1580090400000,63.95000000,64.03000000,63.46000000,63.73000000,3124.62291000,1580093999999,198985.79003300,575,812.70512000,51806.21249490,0
1580094000000,63.73000000,64.05000000,63.67000000,64.00000000,1247.16813000,1580097599999,79597.07168260,267,834.24734000,53278.74075380,0
1580097600000,63.92000000,64.53000000,63.92000000,64.29000000,2269.51343000,1580101199999,145925.24985670,721,1657.72275000,106600.61231520,0
1580101200000,64.30000000,64.67000000,64.17000000,64.39000000,1079.49985000,1580104799999,69549.94982620,425,568.22572000,36602.95780620,0
1580104800000,64.43000000,64.83000000,64.33000000,64.49000000,1519.73045000,1580108399999,98263.98263330,524,722.41053000,46712.86308600,0
1580108400000,64.48000000,64.53000000,64.27000000,64.39000000,455.23182000,1580111999999,29325.72237520,193,273.86477000,17644.99176630,0
1580112000000,64.49000000,64.51000000,63.41000000,63.65000000,1195.97822000,1580115599999,76441.16505810,412,343.20175000,21934.74105510,0
1580115600000,63.65000000,63.82000000,63.48000000,63.71000000,664.61442000,1580119199999,42318.29819100,221,256.96441000,16367.22085780,0
1580119200000,63.71000000,64.09000000,63.68000000,64.06000000,925.28373000,1580122799999,59104.82625760,233,381.08518000,24362.49092570,0
1580122800000,64.01000000,64.98000000,64.00000000,64.89000000,1502.56256000,1580126399999,96936.03793660,642,1017.11635000,65622.87372220,0
1580126400000,64.90000000,65.50000000,64.85000000,65.12000000,2299.66620000,1580129999999,149808.89543650,679,1182.70112000,77122.04022400,0
1580130000000,65.13000000,65.59000000,65.08000000,65.12000000,1110.66359000,1580133599999,72527.30619540,351,634.72826000,41502.83406640,0
1580133600000,65.09000000,65.23000000,64.88000000,65.18000000,1082.91714000,1580137199999,70456.93546570,306,513.58405000,33419.85291940,0
1580137200000,65.14000000,65.67000000,65.14000000,65.52000000,985.59442000,1580140799999,64510.54618800,372,609.49173000,39896.15298650,0
1580140800000,65.47000000,65.69000000,65.01000000,65.01000000,2218.49197000,1580144399999,144962.34595830,634,1099.96508000,71947.80348070,0
1580144400000,65.09000000,65.34000000,64.50000000,64.59000000,1091.96116000,1580147999999,70765.97094270,353,425.58764000,27605.24446870,0
1580148000000,64.60000000,65.81000000,64.52000000,65.74000000,2106.41954000,1580151599999,137381.62040560,445,1929.65444000,125872.27596780,0
1580151600000,65.81000000,65.84000000,64.78000000,64.99000000,2574.71159000,1580155199999,168091.18244440,837,1097.52604000,71656.76746520,0
1580155200000,64.97000000,65.56000000,64.69000000,65.24000000,3224.97032000,1580158799999,209805.91466670,681,1213.29742000,79025.84441060,0
1580158800000,65.22000000,66.32000000,65.20000000,66.16000000,2167.92682000,1580162399999,142849.41410910,745,1123.37710000,73975.33679000,0
1580162400000,66.09000000,66.13000000,65.43000000,65.57000000,852.46742000,1580165999999,56067.81870460,406,327.18172000,21525.83063130,0
1580166000000,65.61000000,65.89000000,65.35000000,65.44000000,1433.87709000,1580169599999,94019.60879330,306,1092.75030000,71643.24569150,0
1580169600000,65.48000000,66.96000000,65.48000000,66.54000000,2207.60015000,1580173199999,146323.63880270,668,1344.40910000,89191.76166510,0
1580173200000,66.52000000,67.32000000,66.52000000,67.08000000,2251.28892000,1580176799999,150605.98251600,567,1209.81191000,80967.16913450,0
1580176800000,67.09000000,67.10000000,66.70000000,66.79000000,1869.53939000,1580180399999,125253.60499180,361,488.25832000,32694.49227340,0
1580180400000,66.79000000,66.80000000,66.20000000,66.22000000,1183.52524000,1580183999999,78662.18072920,285,299.74999000,19924.83042150,0
1580184000000,66.27000000,66.45000000,65.69000000,65.69000000,849.95106000,1580187599999,56244.47655650,299,323.27570000,21412.93453740,0
1580187600000,65.82000000,66.03000000,65.21000000,65.93000000,3005.02513000,1580191199999,197504.89644700,644,1348.20518000,88617.06600910,0
1580191200000,65.82000000,65.86000000,65.57000000,65.67000000,993.33126000,1580194799999,65291.61360170,270,362.18482000,23805.50031310,0
1580194800000,65.67000000,66.13000000,65.60000000,66.07000000,744.15243000,1580198399999,49053.37874510,252,537.14265000,35407.73715220,0
1580198400000,66.06000000,66.17000000,65.42000000,65.81000000,1406.75752000,1580201999999,92535.39884920,466,676.64611000,44489.81854930,0
1580202000000,65.81000000,65.81000000,65.35000000,65.72000000,1929.17481000,1580205599999,126359.30821970,432,617.71744000,40477.31855850,0
1580205600000,65.70000000,66.13000000,65.41000000,65.90000000,2079.89526000,1580209199999,137141.19854310,384,702.66818000,46338.39821270,0
1580209200000,65.89000000,66.48000000,65.69000000,66.14000000,2367.32653000,1580212799999,156267.44197050,502,1132.03678000,74750.64568450,0
1580212800000,66.14000000,66.23000000,65.53000000,65.83000000,3875.79441000,1580216399999,254636.40735600,749,1488.51883000,97819.40256660,0
1580216400000,65.80000000,66.48000000,65.68000000,66.45000000,927.75488000,1580219999999,61377.08286620,341,384.15412000,25414.22839030,0
1580220000000,66.38000000,67.37000000,66.26000000,66.46000000,2436.45959000,1580223599999,162707.36443230,914,1169.68600000,78084.17339870,0
1580223600000,66.32000000,66.38000000,65.62000000,66.05000000,1339.94628000,1580227199999,88407.82201670,488,628.71337000,41511.37688100,0
1580227200000,66.05000000,66.20000000,65.47000000,65.59000000,1612.46606000,1580230799999,106102.79919780,876,493.08562000,32475.16042640,0
1580230800000,65.58000000,65.95000000,65.13000000,65.88000000,2454.70956000,1580234399999,160967.17010940,1378,1077.70786000,70785.59799620,0
1580234400000,65.88000000,66.01000000,65.70000000,65.79000000,593.11305000,1580237999999,39050.08441050,246,401.52220000,26443.96034430,0
1580238000000,65.77000000,66.30000000,65.76000000,65.97000000,1268.21904000,1580241599999,83688.83914950,337,553.37478000,36502.47662200,0
1580241600000,66.03000000,66.60000000,66.03000000,66.34000000,1057.18226000,1580245199999,70116.53815720,311,518.24953000,34423.22079380,0
1580245200000,66.32000000,66.60000000,66.00000000,66.05000000,1056.22350000,1580248799999,70051.53829540,301,695.67722000,46142.41439150,0
1580248800000,66.11000000,66.68000000,66.05000000,66.43000000,437.09947000,1580252399999,29045.44442090,180,238.98386000,15881.24273530,0
1580252400000,66.42000000,67.90000000,66.37000000,67.71000000,4212.94747000,1580255999999,283971.21933970,1171,2341.52265000,157811.64717460,0
1580256000000,67.87000000,67.96000000,67.34000000,67.74000000,1886.07780000,1580259599999,127857.89753530,430,640.29145000,43372.25523730,0
1580259600000,67.77000000,68.11000000,67.61000000,67.80000000,1343.93528000,1580263199999,91301.12574890,367,692.95412000,47117.72935100,0
1580263200000,67.80000000,67.91000000,67.46000000,67.60000000,1140.40597000,1580266799999,77158.64149180,174,647.62337000,43788.02201550,0
1580266800000,67.65000000,67.89000000,67.57000000,67.70000000,860.39126000,1580270399999,58280.31611190,279,285.16799000,19318.32144730,0
1580270400000,67.72000000,68.03000000,67.63000000,67.81000000,1126.32333000,1580273999999,76388.17556910,816,474.39817000,32189.75509810,0
1580274000000,67.84000000,68.25000000,67.81000000,68.25000000,2240.20975000,1580277599999,152404.44586580,957,1349.38441000,91798.00645070,0
1580277600000,68.25000000,68.57000000,68.21000000,68.31000000,3308.95630000,1580281199999,226209.67674120,1461,1850.20287000,126446.32184290,0
1580281200000,68.32000000,68.71000000,68.16000000,68.69000000,1867.56226000,1580284799999,127929.53534210,898,728.16439000,49906.76659920,0
1580284800000,68.69000000,68.81000000,68.36000000,68.79000000,2558.70287000,1580288399999,175541.70355090,1612,1129.91524000,77544.17141160,0
1580288400000,68.79000000,68.79000000,68.10000000,68.27000000,2707.42321000,1580291999999,184904.49713550,1557,654.60727000,44693.24241590,0
1580292000000,68.29000000,69.17000000,67.68000000,69.00000000,2883.08602000,1580295599999,197388.27574750,1582,1500.81065000,102946.02821910,0
1580295600000,69.08000000,69.08000000,67.52000000,68.04000000,3820.58320000,1580299199999,260297.51195400,1484,1564.60007000,106596.14523050,0
1580299200000,68.10000000,68.34000000,67.67000000,68.23000000,3773.69320000,1580302799999,256614.30029890,1711,1220.72602000,83120.99559210,0
1580302800000,68.22000000,68.97000000,68.22000000,68.74000000,1540.42981000,1580306399999,105697.39054750,580,645.62025000,44319.01031660,0
1580306400000,68.76000000,69.30000000,68.58000000,68.83000000,2327.27385000,1580309999999,160438.30324690,692,1166.61251000,80465.39061120,0
1580310000000,68.89000000,68.89000000,68.64000000,68.65000000,1378.90400000,1580313599999,94802.93527230,412,428.54764000,29477.27031620,0
1580313600000,68.65000000,69.90000000,68.48000000,69.53000000,6663.05490000,1580317199999,462678.28228340,2268,3139.61972000,218169.59031300,0
1580317200000,69.57000000,70.15000000,69.37000000,69.88000000,3203.70899000,1580320799999,223710.52103130,752,1586.98773000,110861.07288920,0
1580320800000,69.87000000,70.27000000,69.85000000,70.03000000,3232.10574000,1580324399999,226667.84825320,564,2106.14909000,147693.57596130,0
1580324400000,70.10000000,70.55000000,69.87000000,70.26000000,1508.63990000,1580327999999,106025.82126080,559,848.85306000,59720.01352050,0
1580328000000,70.35000000,70.66000000,70.01000000,70.48000000,1031.04277000,1580331599999,72533.61694870,330,601.85633000,42362.65404050,0
1580331600000,70.50000000,70.84000000,69.80000000,70.28000000,2355.84440000,1580335199999,165543.47127910,625,987.16376000,69436.65175240,0
1580335200000,70.27000000,70.32000000,69.94000000,70.29000000,791.82995000,1580338799999,55558.09631900,241,431.82059000,30300.36362150,0
1580338800000,70.25000000,70.46000000,69.70000000,70.02000000,1924.02592000,1580342399999,134937.72572070,577,892.88513000,62656.47359820,0
1580342400000,69.93000000,70.20000000,68.69000000,69.30000000,3962.42310000,1580345999999,274833.29051640,1246,1841.28660000,127722.53624030,0
1580346000000,69.31000000,69.46000000,68.90000000,69.46000000,1258.82582000,1580349599999,87164.87659260,364,813.22871000,56367.04710520,0
1580349600000,69.44000000,69.89000000,69.21000000,69.73000000,884.26235000,1580353199999,61556.21278970,325,312.32664000,21742.04812770,0
1580353200000,69.74000000,69.92000000,69.57000000,69.68000000,1295.24595000,1580356799999,90284.51501360,372,433.87654000,30252.74489750,0
1580356800000,69.75000000,70.27000000,69.74000000,69.99000000,2133.89394000,1580360399999,149512.68509520,532,1354.70085000,94927.49572050,0
1580360400000,70.01000000,70.09000000,69.85000000,69.89000000,983.39494000,1580363999999,68799.65607550,257,592.49948000,41466.68705640,0
1580364000000,69.87000000,70.17000000,69.80000000,69.95000000,1451.30151000,1580367599999,101564.90137240,368,989.86659000,69278.29827350,0
1580367600000,69.98000000,70.20000000,69.87000000,70.04000000,1237.33880000,1580371199999,86683.00691310,440,478.83506000,33551.91385590,0
1580371200000,70.11000000,70.13000000,69.68000000,69.70000000,1673.94534000,1580374799999,116986.56524580,498,532.94524000,37250.65978470,0
1580374800000,69.71000000,69.98000000,69.00000000,69.34000000,3702.13637000,1580378399999,256827.06477470,947,1854.99613000,128756.60692640,0
1580378400000,69.33000000,69.96000000,69.22000000,69.30000000,4622.90077000,1580381999999,321538.86300550,768,2640.48230000,183617.47714350,0
1580382000000,69.30000000,69.37000000,68.92000000,69.27000000,3105.76928000,1580385599999,214912.70000750,670,1582.35403000,109527.46619530,0
1580385600000,69.25000000,69.60000000,68.96000000,69.39000000,3663.38186000,1580389199999,253397.78516440,794,1902.21832000,131582.73415720,0
1580389200000,69.43000000,69.64000000,68.94000000,69.38000000,3304.93115000,1580392799999,229069.38999020,879,1486.71410000,103110.84069510,0
1580392800000,69.39000000,69.57000000,68.44000000,68.68000000,4522.93541000,1580396399999,311262.97364330,1063,1710.94386000,117789.25031150,0
1580396400000,68.69000000,69.21000000,68.46000000,69.21000000,1036.83274000,1580399999999,71419.06113560,432,575.46691000,39695.17825680,0
1580400000000,69.21000000,70.71000000,68.66000000,69.61000000,9838.03951000,1580403599999,686897.37086690,2051,3579.71492000,249841.79362370,0
1580403600000,69.53000000,71.57000000,69.52000000,70.78000000,6038.41973000,1580407199999,427181.47402510,1403,3183.14122000,225264.21096120,0
1580407200000,70.77000000,71.19000000,70.68000000,70.86000000,1625.32175000,1580410799999,115323.04052180,458,656.49746000,46585.86704150,0
1580410800000,70.94000000,71.36000000,70.51000000,71.36000000,2006.86142000,1580414399999,142280.16733790,483,864.63248000,61336.54152490,0
1580414400000,71.36000000,72.22000000,71.26000000,71.77000000,2350.00009000,1580417999999,168791.77423470,820,1280.42077000,91949.78366110,0
1580418000000,71.80000000,73.20000000,71.64000000,73.18000000,5772.97662000,1580421599999,419900.21464810,1343,3354.99549000,244097.22722380,0
1580421600000,73.18000000,74.49000000,73.11000000,74.49000000,6026.52843000,1580425199999,445642.50893230,1473,3138.00767000,231958.93616020,0
1580425200000,74.48000000,75.02000000,73.90000000,74.83000000,4434.51167000,1580428799999,330864.74683440,1277,2350.65665000,175547.35423640,0
1580428800000,74.90000000,76.02000000,74.14000000,74.29000000,12251.47378000,1580432399999,921222.14056210,1919,5961.58674000,447988.08707920,0
1580432400000,74.31000000,74.39000000,73.13000000,73.23000000,5750.11922000,1580435999999,423879.65407030,1238,2206.71117000,162830.73812400,0
1580436000000,73.23000000,73.29000000,72.11000000,72.72000000,6587.99425000,1580439599999,478176.07961310,1183,2592.00638000,188127.55482350,0
1580439600000,72.73000000,73.91000000,72.55000000,73.09000000,5840.64973000,1580443199999,427141.36730930,1384,2966.29137000,217000.65875410,0
1580443200000,73.06000000,73.07000000,70.84000000,70.95000000,8436.70619000,1580446799999,605807.16066070,1637,2527.25134000,181139.98037690,0
1580446800000,71.06000000,71.89000000,70.10000000,70.27000000,3077.77763000,1580450399999,218660.87653530,713,1498.51722000,106650.48587810,0
1580450400000,70.19000000,71.38000000,70.15000000,71.36000000,4492.50579000,1580453999999,318498.33603350,903,2565.69202000,182053.58512990,0
1580454000000,71.39000000,71.39000000,70.10000000,70.65000000,3618.20181000,1580457599999,255786.22530500,797,1719.93645000,121646.59041910,0
1580457600000,70.59000000,71.19000000,70.29000000,70.50000000,3872.45205000,1580461199999,273973.75639340,559,1142.34434000,80779.80055200,0
1580461200000,70.50000000,71.93000000,70.36000000,71.62000000,4991.62105000,1580464799999,356113.01435440,873,3289.94625000,234984.44334130,0
1580464800000,71.61000000,71.61000000,69.83000000,70.67000000,4977.45524000,1580468399999,351172.35314580,1048,2336.92399000,164957.84790230,0
1580468400000,70.67000000,71.08000000,69.89000000,70.93000000,4620.27386000,1580471999999,324965.51405980,820,2819.23819000,198623.14788960,0
1580472000000,70.93000000,70.93000000,69.90000000,70.42000000,2444.23786000,1580475599999,172169.98297520,515,998.10826000,70390.58391720,0
1580475600000,70.47000000,70.60000000,69.37000000,69.93000000,3412.46921000,1580479199999,238637.31829990,730,728.42524000,50962.06413120,0
1580479200000,69.99000000,70.30000000,69.46000000,70.15000000,4081.76563000,1580482799999,285301.22065260,594,3452.31802000,241344.63126850,0
1580482800000,70.14000000,70.77000000,69.92000000,70.75000000,1618.72691000,1580486399999,113977.92640280,445,887.13969000,62521.21837330,0
1580486400000,70.75000000,71.22000000,70.74000000,71.14000000,4086.86856000,1580489999999,290437.63604110,762,1972.90306000,140233.96272750,0
1580490000000,71.14000000,71.14000000,70.62000000,70.82000000,1124.86276000,1580493599999,79648.88068930,351,628.28984000,44491.98738970,0
1580493600000,70.78000000,71.11000000,70.78000000,70.94000000,932.36837000,1580497199999,66142.19916700,218,709.99522000,50380.39649330,0
1580497200000,70.87000000,71.18000000,70.67000000,71.17000000,1385.87308000,1580500799999,98146.59630780,321,1192.77419000,84480.88746540,0
1580500800000,71.15000000,72.17000000,71.15000000,72.13000000,1778.16210000,1580504399999,127461.19654790,610,1288.97033000,92407.96056200,0
1580504400000,72.17000000,72.43000000,71.92000000,71.97000000,2567.56262000,1580507999999,185209.33334450,595,1104.10677000,79612.34366900,0
1580508000000,71.93000000,72.97000000,71.82000000,72.45000000,2028.05772000,1580511599999,146957.34537480,585,1485.95742000,107672.73995050,0
1580511600000,72.45000000,72.59000000,71.84000000,72.16000000,1910.12638000,1580515199999,138125.76637360,447,857.74955000,62048.10959750,0
