TIMESTAMP,WOJ_OPEN_PRICE_USD,WOJ_HIGH_PRICE_USD,WOJ_LOW_PRICE_USD,WOJ_CLOSE_PRICE_USD,WOJ_VOLUME_USD,WOJ_DIVIDENDS_USD,WOJ_STOCK_SPLITS_USD
2021-10-05 00:00:00+00:00,0.0031870000530034304,0.004197999835014343,0.0019259999971836805,0.0031510000117123127,1120757,0.0,0.0
2021-10-06 00:00:00+00:00,0.0031500000040978193,0.100552998483181,0.0011139999842271209,0.07109899818897247,15744541,0.0,0.0
2021-10-07 00:00:00+00:00,0.07114200294017792,0.07917100191116333,0.0058280001394450665,0.055080998688936234,18372546,0.0,0.0
2021-10-08 00:00:00+00:00,0.05508499965071678,0.061524998396635056,0.047067999839782715,0.056380998343229294,4098820,0.0,0.0
2021-10-09 00:00:00+00:00,0.05639199912548065,0.07001599669456482,0.054062001407146454,0.06822200119495392,1339081,0.0,0.0
2021-10-10 00:00:00+00:00,0.06824000179767609,0.07069399952888489,0.006668999791145325,0.06357099860906601,997977,0.0,0.0
2021-10-11 00:00:00+00:00,0.06348899751901627,0.06851200014352798,0.055806998163461685,0.0592929981648922,836874,0.0,0.0
2021-10-12 00:00:00+00:00,0.05923699960112572,0.06929899752140045,0.05553499981760979,0.06766200065612793,789436,0.0,0.0
2021-10-13 00:00:00+00:00,0.06773199886083603,0.07249200344085693,0.06203699856996536,0.0622900016605854,831932,0.0,0.0
2021-10-14 00:00:00+00:00,0.06230900064110756,0.0691090002655983,0.029387999325990677,0.06429900228977203,672592,0.0,0.0
2021-10-15 00:00:00+00:00,0.06430300325155258,0.12620499730110168,0.04434400051832199,0.06578300148248672,800510,0.0,0.0
2021-10-16 00:00:00+00:00,0.06576299667358398,0.06613799929618835,0.05890899896621704,0.05983300134539604,754070,0.0,0.0
2021-10-17 00:00:00+00:00,0.059790000319480896,0.06355799734592438,0.030067000538110733,0.05969399958848953,547774,0.0,0.0
2021-10-18 00:00:00+00:00,0.05969100072979927,0.062132999300956726,0.05764999985694885,0.05965099856257439,614853,0.0,0.0
2021-10-19 00:00:00+00:00,0.059661999344825745,0.06068199872970581,0.05517899990081787,0.05716999992728233,577029,0.0,0.0
2021-10-20 00:00:00+00:00,0.05718399956822395,0.059053000062704086,0.0512549988925457,0.05218200013041496,569182,0.0,0.0
2021-10-21 00:00:00+00:00,0.05221199989318848,0.05717800185084343,0.04743500053882599,0.05127999931573868,508379,0.0,0.0
2021-10-22 00:00:00+00:00,0.051245998591184616,0.05753999948501587,0.04558899998664856,0.054058998823165894,414680,0.0,0.0
2021-10-23 00:00:00+00:00,0.054055001586675644,0.058552999049425125,0.04979800060391426,0.05852700024843216,405331,0.0,0.0
2021-10-24 00:00:00+00:00,0.0585159994661808,0.06370499730110168,0.05345899984240532,0.0634630024433136,518682,0.0,0.0
2021-10-25 00:00:00+00:00,0.06346400082111359,0.06434600055217743,0.06109600141644478,0.06199900060892105,513337,0.0,0.0
2021-10-26 00:00:00+00:00,0.06199299916625023,0.0631060004234314,0.056223999708890915,0.05758100003004074,469022,0.0,0.0
2021-10-27 00:00:00+00:00,0.05756700038909912,0.06009199842810631,0.04736899957060814,0.05042000114917755,432921,0.0,0.0
2021-10-28 00:00:00+00:00,0.050415001809597015,0.055289000272750854,0.047936998307704926,0.0549280010163784,490062,0.0,0.0
2021-10-29 00:00:00+00:00,0.054924000054597855,0.06123499944806099,0.051357999444007874,0.06100599840283394,536735,0.0,0.0
2021-10-30 00:00:00+00:00,0.06099899858236313,0.06184700131416321,0.051513999700546265,0.05251799896359444,557695,0.0,0.0
2021-10-31 00:00:00+00:00,0.052521001547575,0.054113999009132385,0.05189000070095062,0.05361900106072426,499436,0.0,0.0
2021-11-01 00:00:00+00:00,0.05362499877810478,0.055105000734329224,0.052306998521089554,0.05358299985527992,389611,0.0,0.0
2021-11-02 00:00:00+00:00,0.053592000156641006,0.05512699857354164,0.05090700089931488,0.051040999591350555,434995,0.0,0.0
2021-11-03 00:00:00+00:00,0.05107299983501434,0.05234900116920471,0.049633998423814774,0.05189400166273117,383996,0.0,0.0
2021-11-04 00:00:00+00:00,0.05192200094461441,0.05272800102829933,0.04918200150132179,0.05099499970674515,336309,0.0,0.0
2021-11-05 00:00:00+00:00,0.05095899850130081,0.05279900133609772,0.05095899850130081,0.05277299880981445,385057,0.0,0.0
2021-11-06 00:00:00+00:00,0.05278699845075607,0.05316200107336044,0.04867099970579147,0.05081100016832352,320056,0.0,0.0
2021-11-07 00:00:00+00:00,0.05081799998879433,0.05329599976539612,0.04744099825620651,0.04918299987912178,413441,0.0,0.0
2021-11-08 00:00:00+00:00,0.049192000180482864,0.05055199936032295,0.04801899939775467,0.04888800159096718,391936,0.0,0.0
2021-11-09 00:00:00+00:00,0.048888999968767166,0.06850100308656693,0.041255999356508255,0.06850100308656693,755152,0.0,0.0
2021-11-10 00:00:00+00:00,0.0684330016374588,0.08386799693107605,0.059094998985528946,0.06517799943685532,1258515,0.0,0.0
2021-11-11 00:00:00+00:00,0.06521199643611908,0.07446099817752838,0.06439399719238281,0.07219699770212173,935718,0.0,0.0
2021-11-12 00:00:00+00:00,0.07216499745845795,0.0789399966597557,0.057920001447200775,0.06694500148296356,476028,0.0,0.0
2021-11-13 00:00:00+00:00,0.06702300161123276,0.07472799718379974,0.06454399973154068,0.07422000169754028,615166,0.0,0.0
2021-11-14 00:00:00+00:00,0.0742190033197403,0.07509200274944305,0.06502699851989746,0.06919199973344803,685863,0.0,0.0
2021-11-15 00:00:00+00:00,0.069193996489048,0.07076500356197357,0.05842600017786026,0.06372100114822388,523743,0.0,0.0
2021-11-16 00:00:00+00:00,0.06373699754476547,0.06589999794960022,0.05479799956083298,0.06352300196886063,546507,0.0,0.0
2021-11-17 00:00:00+00:00,0.06351800262928009,0.0644489973783493,0.05467500165104866,0.055723998695611954,455502,0.0,0.0
2021-11-18 00:00:00+00:00,0.055709000676870346,0.06252499669790268,0.050282999873161316,0.05206099897623062,439458,0.0,0.0
2021-11-19 00:00:00+00:00,0.05209999904036522,0.059335000813007355,0.05072600021958351,0.05835999920964241,453244,0.0,0.0
2021-11-20 00:00:00+00:00,0.05837000161409378,0.0584929995238781,0.05242599919438362,0.05354800075292587,540664,0.0,0.0
2021-11-21 00:00:00+00:00,0.053509000688791275,0.06055999919772148,0.051375001668930054,0.06027299910783768,590250,0.0,0.0
2021-11-22 00:00:00+00:00,0.06024099886417389,0.06374099850654602,0.054416999220848083,0.06250599771738052,643399,0.0,0.0
2021-11-23 00:00:00+00:00,0.06251099705696106,0.07564599812030792,0.05790900066494942,0.06199000030755997,529469,0.0,0.0
2021-11-24 00:00:00+00:00,0.06197800114750862,0.06593099981546402,0.055066000670194626,0.057440001517534256,341326,0.0,0.0
2021-11-25 00:00:00+00:00,0.05841299891471863,0.05992100015282631,0.05382400006055832,0.05688700079917908,306735,0.0,0.0
2021-11-26 00:00:00+00:00,0.05448099970817566,0.05542299896478653,0.04396900162100792,0.054016001522541046,345037,0.0,0.0
2021-11-27 00:00:00+00:00,0.054003000259399414,0.05415299907326698,0.045701999217271805,0.04798699915409088,371698,0.0,0.0
2021-11-28 00:00:00+00:00,0.047979000955820084,0.05483900010585785,0.0443280003964901,0.04803600162267685,391908,0.0,0.0
2021-11-29 00:00:00+00:00,0.048027001321315765,0.054069001227617264,0.04304499924182892,0.04767100140452385,392889,0.0,0.0
2021-11-30 00:00:00+00:00,0.04766499996185303,0.051858000457286835,0.03411699831485748,0.04386100172996521,455995,0.0,0.0
2021-12-01 00:00:00+00:00,0.043834999203681946,0.04525800049304962,0.04151099920272827,0.043953001499176025,671211,0.0,0.0
2021-12-02 00:00:00+00:00,0.04396500065922737,0.04491699859499931,0.03931400179862976,0.04096699878573418,591265,0.0,0.0
2021-12-03 00:00:00+00:00,0.04092400148510933,0.04314099997282028,0.0387209989130497,0.042075999081134796,396972,0.0,0.0
2021-12-04 00:00:00+00:00,0.04207700118422508,0.04322100058197975,0.03140399977564812,0.03406799957156181,245339,0.0,0.0
2021-12-05 00:00:00+00:00,0.034070998430252075,0.03454900160431862,0.030844999477267265,0.0318170003592968,288968,0.0,0.0
2021-12-06 00:00:00+00:00,0.03184200078248978,0.03345600143074989,0.031300999224185944,0.03228599950671196,263693,0.0,0.0
2021-12-07 00:00:00+00:00,0.03231000155210495,0.03324899822473526,0.03088200092315674,0.03183100000023842,217405,0.0,0.0
2021-12-08 00:00:00+00:00,0.03184499964118004,0.06608100235462189,0.03098299913108349,0.06360399723052979,988585,0.0,0.0
2021-12-09 00:00:00+00:00,0.06350000202655792,0.06464499980211258,0.054806001484394073,0.057381998747587204,1074408,0.0,0.0
2021-12-10 00:00:00+00:00,0.057301998138427734,0.06043799966573715,0.046546000987291336,0.04860199987888336,516124,0.0,0.0
2021-12-11 00:00:00+00:00,0.0485600009560585,0.05916000157594681,0.04505100101232529,0.05562400072813034,343000,0.0,0.0
2021-12-12 00:00:00+00:00,0.055615998804569244,0.05620000138878822,0.05073300004005432,0.052976999431848526,335476,0.0,0.0
2021-12-13 00:00:00+00:00,0.05299000069499016,0.05491400137543678,0.04240100085735321,0.04557200148701668,408640,0.0,0.0
2021-12-14 00:00:00+00:00,0.04556800052523613,0.04801600053906441,0.04200100153684616,0.04600999876856804,298694,0.0,0.0
2021-12-15 00:00:00+00:00,0.04600699990987778,0.07334999740123749,0.043083999305963516,0.0703049972653389,1018548,0.0,0.0
2021-12-16 00:00:00+00:00,0.07031799852848053,0.1253110021352768,0.06864699721336365,0.10110899806022644,3140512,0.0,0.0
2021-12-17 00:00:00+00:00,0.10110899806022644,0.19155900180339813,0.10110899806022644,0.15831400454044342,6197985,0.0,0.0
2021-12-18 00:00:00+00:00,0.15836100280284882,0.2758539915084839,0.13647200167179108,0.22469699382781982,7163503,0.0,0.0
2021-12-19 00:00:00+00:00,0.2247070074081421,0.2770639955997467,0.21036699414253235,0.2579599916934967,7480884,0.0,0.0
2021-12-20 00:00:00+00:00,0.2578980028629303,0.258897989988327,0.2096260040998459,0.22705399990081787,5454089,0.0,0.0
2021-12-21 00:00:00+00:00,0.22714999318122864,0.2558090090751648,0.19057199358940125,0.24831099808216095,4129473,0.0,0.0
2021-12-22 00:00:00+00:00,0.24817900359630585,0.25481700897216797,0.21323099732398987,0.22639200091362,2934420,0.0,0.0
2021-12-23 00:00:00+00:00,0.2264070063829422,0.2336840033531189,0.2064650058746338,0.2179509997367859,2478426,0.0,0.0
2021-12-24 00:00:00+00:00,0.21805499494075775,0.25153398513793945,0.207506000995636,0.2323170006275177,2873651,0.0,0.0
2021-12-25 00:00:00+00:00,0.23202000558376312,0.23684200644493103,0.22322100400924683,0.22895899415016174,2428461,0.0,0.0
2021-12-26 00:00:00+00:00,0.2291959971189499,0.2291959971189499,0.2073490023612976,0.21063800156116486,2090303,0.0,0.0
2021-12-27 00:00:00+00:00,0.21046899259090424,0.21220999956130981,0.18857400119304657,0.18974900245666504,2306914,0.0,0.0
2021-12-28 00:00:00+00:00,0.18962399661540985,0.21573300659656525,0.1757889986038208,0.19846799969673157,2473089,0.0,0.0
2021-12-29 00:00:00+00:00,0.1981460005044937,0.20153500139713287,0.181535005569458,0.18917100131511688,1573238,0.0,0.0
2021-12-30 00:00:00+00:00,0.18928000330924988,0.19333499670028687,0.1772170066833496,0.17966899275779724,1449928,0.0,0.0
2021-12-31 00:00:00+00:00,0.1795870065689087,0.18787099421024323,0.1619569957256317,0.17226099967956543,1918519,0.0,0.0
2022-01-01 00:00:00+00:00,0.17224499583244324,0.17646199464797974,0.15323199331760406,0.17034900188446045,1975150,0.0,0.0
2022-01-02 00:00:00+00:00,0.17034700512886047,0.17859800159931183,0.14010900259017944,0.14855000376701355,2705830,0.0,0.0
2022-01-03 00:00:00+00:00,0.14854900538921356,0.15304100513458252,0.13876299560070038,0.14476799964904785,2562917,0.0,0.0
2022-01-04 00:00:00+00:00,0.14476700127124786,0.14932399988174438,0.13422299921512604,0.14908400177955627,1763748,0.0,0.0
2022-01-05 00:00:00+00:00,0.14908400177955627,0.15606500208377838,0.1258399933576584,0.13207200169563293,1938678,0.0,0.0
2022-01-06 00:00:00+00:00,0.13207200169563293,0.1340930014848709,0.12025599926710129,0.12512199580669403,1667124,0.0,0.0
2022-01-07 00:00:00+00:00,0.125123992562294,0.12650799751281738,0.10492999851703644,0.11880599707365036,1638697,0.0,0.0
2022-01-08 00:00:00+00:00,0.11880599707365036,0.1262110024690628,0.10420399904251099,0.11465799808502197,1763907,0.0,0.0
2022-01-09 00:00:00+00:00,0.11465799808502197,0.11597300320863724,0.10437999665737152,0.11391299962997437,2060061,0.0,0.0
2022-01-10 00:00:00+00:00,0.11391299962997437,0.1159219965338707,0.09604500234127045,0.10257299989461899,1694437,0.0,0.0
2022-01-11 00:00:00+00:00,0.10257299989461899,0.14843499660491943,0.09877700358629227,0.13213899731636047,2427615,0.0,0.0
2022-01-12 00:00:00+00:00,0.13213999569416046,0.14747899770736694,0.12561999261379242,0.13543300330638885,2245371,0.0,0.0
2022-01-13 00:00:00+00:00,0.13543300330638885,0.22670599818229675,0.13196900486946106,0.20074599981307983,4586587,0.0,0.0
2022-01-14 00:00:00+00:00,0.2007479965686798,0.20860999822616577,0.167603999376297,0.177823007106781,4092140,0.0,0.0
2022-01-15 00:00:00+00:00,0.17782500386238098,0.17782500386238098,0.15524199604988098,0.1580359935760498,2293162,0.0,0.0
2022-01-16 00:00:00+00:00,0.15804100036621094,0.181878000497818,0.14914800226688385,0.1684570014476776,2403112,0.0,0.0
2022-01-17 00:00:00+00:00,0.1684589982032776,0.1696919947862625,0.14876100420951843,0.15887700021266937,2117501,0.0,0.0
2022-01-18 00:00:00+00:00,0.1588750034570694,0.16021999716758728,0.1373559981584549,0.1519709974527359,1724455,0.0,0.0
2022-01-19 00:00:00+00:00,0.1519699990749359,0.15509499609470367,0.13759000599384308,0.13759000599384308,1573654,0.0,0.0
2022-01-20 00:00:00+00:00,0.13759000599384308,0.1494629979133606,0.12977799773216248,0.14091399312019348,1913925,0.0,0.0
2022-01-21 00:00:00+00:00,0.14091399312019348,0.15075699985027313,0.11687900125980377,0.11760900169610977,2567921,0.0,0.0
2022-01-22 00:00:00+00:00,0.11761000007390976,0.12599700689315796,0.10285399854183197,0.11271499842405319,2512173,0.0,0.0
2022-01-23 00:00:00+00:00,0.11271499842405319,0.1328050047159195,0.1087770015001297,0.1249610036611557,2265265,0.0,0.0
2022-01-24 00:00:00+00:00,0.1249610036611557,0.12509100139141083,0.10566700249910355,0.12229300290346146,2167916,0.0,0.0
2022-01-25 00:00:00+00:00,0.12229300290346146,0.12512899935245514,0.11506599932909012,0.12070400267839432,1838079,0.0,0.0
2022-01-26 00:00:00+00:00,0.12070400267839432,0.13697899878025055,0.11697100102901459,0.12020400166511536,1977014,0.0,0.0
2022-01-27 00:00:00+00:00,0.12020400166511536,0.13903599977493286,0.11672099679708481,0.13903500139713287,2209518,0.0,0.0
2022-01-28 00:00:00+00:00,0.13903500139713287,0.14052200317382812,0.1274539977312088,0.1298229992389679,2942341,0.0,0.0
2022-01-29 00:00:00+00:00,0.1298229992389679,0.13378700613975525,0.12344799935817719,0.1240210011601448,3001297,0.0,0.0
2022-01-30 00:00:00+00:00,0.12403000146150589,0.16397200524806976,0.11850199848413467,0.14517299830913544,4248027,0.0,0.0
2022-01-31 00:00:00+00:00,0.14517399668693542,0.1874369978904724,0.14118899405002594,0.18123799562454224,6131732,0.0,0.0
2022-02-01 00:00:00+00:00,0.1812410056591034,0.1812410056591034,0.14955200254917145,0.15218399465084076,4538548,0.0,0.0
2022-02-02 00:00:00+00:00,0.15218399465084076,0.1548140048980713,0.13680100440979004,0.1393440067768097,3692984,0.0,0.0
2022-02-03 00:00:00+00:00,0.13934500515460968,0.14620600640773773,0.12963099777698517,0.14361199736595154,3350698,0.0,0.0
2022-02-04 00:00:00+00:00,0.14361299574375153,0.14465899765491486,0.13321800529956818,0.14053399860858917,3341527,0.0,0.0
2022-02-05 00:00:00+00:00,0.14053399860858917,0.14416000247001648,0.1349720060825348,0.13572700321674347,3226820,0.0,0.0
2022-02-06 00:00:00+00:00,0.13572600483894348,0.13789600133895874,0.12288700044155121,0.12599599361419678,3338177,0.0,0.0
2022-02-07 00:00:00+00:00,0.12599599361419678,0.13611699640750885,0.12318500131368637,0.13298499584197998,3731141,0.0,0.0
2022-02-08 00:00:00+00:00,0.13298499584197998,0.13298499584197998,0.11285299807786942,0.12390399724245071,3646801,0.0,0.0
2022-02-09 00:00:00+00:00,0.12390299886465073,0.12841199338436127,0.12199600040912628,0.12497500330209732,3493079,0.0,0.0
2022-02-10 00:00:00+00:00,0.12497399747371674,0.12868699431419373,0.1162559986114502,0.12345399707555771,3189833,0.0,0.0
2022-02-11 00:00:00+00:00,0.12345399707555771,0.12345399707555771,0.10740000009536743,0.11078500002622604,3024619,0.0,0.0
2022-02-12 00:00:00+00:00,0.11078400164842606,0.11621999740600586,0.1064630001783371,0.11399800330400467,3361743,0.0,0.0
2022-02-13 00:00:00+00:00,0.11399699747562408,0.1175839975476265,0.08878099918365479,0.10479900240898132,3892569,0.0,0.0
2022-02-14 00:00:00+00:00,0.10479900240898132,0.13155099749565125,0.09898599982261658,0.11124800145626068,4517195,0.0,0.0
2022-02-15 00:00:00+00:00,0.11124800145626068,0.12297499924898148,0.10698600113391876,0.11421699821949005,3755052,0.0,0.0
2022-02-16 00:00:00+00:00,0.11421599984169006,0.1205039992928505,0.10888899862766266,0.11119499802589417,3156294,0.0,0.0
2022-02-17 00:00:00+00:00,0.11119599640369415,0.11293499916791916,0.09984400123357773,0.10191699862480164,3152803,0.0,0.0
2022-02-18 00:00:00+00:00,0.10191600024700165,0.11137700080871582,0.09819500148296356,0.10459499806165695,2875385,0.0,0.0
2022-02-19 00:00:00+00:00,0.10459399968385696,0.1104850023984909,0.0971129983663559,0.10155999660491943,3375770,0.0,0.0
2022-02-20 00:00:00+00:00,0.10155999660491943,0.10506399720907211,0.08747299760580063,0.09645800292491913,3407139,0.0,0.0
2022-02-21 00:00:00+00:00,0.09645800292491913,0.10222800076007843,0.08102600276470184,0.08152700215578079,3272973,0.0,0.0
2022-02-22 00:00:00+00:00,0.08152399957180023,0.08853600174188614,0.07273899763822556,0.08554600179195404,2904567,0.0,0.0
2022-02-23 00:00:00+00:00,0.08554700016975403,0.08856900036334991,0.07582700252532959,0.07675399631261826,2966558,0.0,0.0
2022-02-24 00:00:00+00:00,0.07675900310277939,0.07983499765396118,0.0639680027961731,0.07031799852848053,2952271,0.0,0.0
2022-02-25 00:00:00+00:00,0.07031799852848053,0.07414700090885162,0.06918700039386749,0.07328599691390991,2535237,0.0,0.0
2022-02-26 00:00:00+00:00,0.0732870027422905,0.08152200281620026,0.07213400304317474,0.07362700253725052,3347322,0.0,0.0
2022-02-27 00:00:00+00:00,0.07362700253725052,0.07555299997329712,0.07015600055456161,0.072673000395298,2796647,0.0,0.0
2022-02-28 00:00:00+00:00,0.07267399877309799,0.07712200284004211,0.07009900361299515,0.07471799850463867,2892873,0.0,0.0
2022-03-01 00:00:00+00:00,0.07471899688243866,0.08287300169467926,0.07311899960041046,0.07311899960041046,2720943,0.0,0.0
2022-03-02 00:00:00+00:00,0.07311899960041046,0.0767659991979599,0.06764700263738632,0.07018399983644485,2643787,0.0,0.0
2022-03-03 00:00:00+00:00,0.07018399983644485,0.07164999842643738,0.06491400301456451,0.06918799877166748,2589008,0.0,0.0
2022-03-04 00:00:00+00:00,0.06918799877166748,0.07043500244617462,0.06447300314903259,0.06532400101423264,2765275,0.0,0.0
2022-03-05 00:00:00+00:00,0.06532400101423264,0.06837300211191177,0.06331200152635574,0.06400500237941742,2470685,0.0,0.0
2022-03-06 00:00:00+00:00,0.06400500237941742,0.06663300096988678,0.06184399873018265,0.06295199692249298,2800887,0.0,0.0
2022-03-07 00:00:00+00:00,0.06295300275087357,0.063291996717453,0.05561700090765953,0.05572199821472168,2499286,0.0,0.0
2022-03-08 00:00:00+00:00,0.055720001459121704,0.05943100154399872,0.05540499836206436,0.05730599910020828,2586223,0.0,0.0
2022-03-09 00:00:00+00:00,0.05730599910020828,0.06232399865984917,0.053373999893665314,0.0558059997856617,2097101,0.0,0.0
2022-03-10 00:00:00+00:00,0.05580500140786171,0.05649400129914284,0.05077100172638893,0.053661998361349106,2302300,0.0,0.0
2022-03-11 00:00:00+00:00,0.05366300046443939,0.053957998752593994,0.04648600146174431,0.04876599833369255,2237932,0.0,0.0
2022-03-12 00:00:00+00:00,0.04876700043678284,0.050273001194000244,0.04602799937129021,0.04823800176382065,2545872,0.0,0.0
2022-03-13 00:00:00+00:00,0.04823699966073036,0.05004199966788292,0.04584600031375885,0.04753199964761734,2736196,0.0,0.0
2022-03-14 00:00:00+00:00,0.04753199964761734,0.07965900003910065,0.04468600079417229,0.061188001185655594,3827274,0.0,0.0
2022-03-15 00:00:00+00:00,0.061188001185655594,0.061994001269340515,0.056370001286268234,0.05838000029325485,3118290,0.0,0.0
2022-03-16 00:00:00+00:00,0.05838000029325485,0.05838000029325485,0.05255800113081932,0.05325699970126152,2459289,0.0,0.0
2022-03-17 00:00:00+00:00,0.05325699970126152,0.057110998779535294,0.05146300047636032,0.054910000413656235,2281756,0.0,0.0
2022-03-18 00:00:00+00:00,0.05490899831056595,0.0562559999525547,0.05142899975180626,0.05238499864935875,1007322,0.0,0.0
2022-03-19 00:00:00+00:00,0.05238499864935875,0.054354000836610794,0.04934699833393097,0.051006000488996506,2317204,0.0,0.0
2022-03-20 00:00:00+00:00,0.051006000488996506,0.0525749996304512,0.04921000078320503,0.05045999959111214,2327142,0.0,0.0
2022-03-21 00:00:00+00:00,0.05045900121331215,0.05239500105381012,0.04878100007772446,0.05027399957180023,2499904,0.0,0.0
2022-03-22 00:00:00+00:00,0.05027399957180023,0.052250999957323074,0.04919400066137314,0.05112700164318085,2945424,0.0,0.0
2022-03-23 00:00:00+00:00,0.051128000020980835,0.052698999643325806,0.04937300086021423,0.05157800018787384,2532606,0.0,0.0
2022-03-24 00:00:00+00:00,0.051580000668764114,0.05202599987387657,0.049609001725912094,0.05013599991798401,2239849,0.0,0.0
2022-03-25 00:00:00+00:00,0.050136998295784,0.05241899937391281,0.050050001591444016,0.05148899927735329,2506770,0.0,0.0
2022-03-26 00:00:00+00:00,0.05149000138044357,0.05203099921345711,0.05023299902677536,0.05071600154042244,2161821,0.0,0.0
2022-03-27 00:00:00+00:00,0.05071600154042244,0.05198099836707115,0.04964900016784668,0.05173499882221222,2496612,0.0,0.0
2022-03-28 00:00:00+00:00,0.05173499882221222,0.059783998876810074,0.05087200179696083,0.05866200104355812,3075949,0.0,0.0
2022-03-29 00:00:00+00:00,0.05866200104355812,0.05961500108242035,0.052838001400232315,0.05374100059270859,2584695,0.0,0.0
2022-03-30 00:00:00+00:00,0.0537399984896183,0.056171998381614685,0.05143599957227707,0.0525129996240139,2311777,0.0,0.0
2022-03-31 00:00:00+00:00,0.0525129996240139,0.05328499898314476,0.050025999546051025,0.05008599907159805,2518952,0.0,0.0
2022-04-01 00:00:00+00:00,0.05008599907159805,0.05115700140595436,0.04715299978852272,0.050147999078035355,2433823,0.0,0.0
2022-04-02 00:00:00+00:00,0.05014900118112564,0.05107799917459488,0.04853300005197525,0.04946399852633476,2422464,0.0,0.0
2022-04-03 00:00:00+00:00,0.04946500062942505,0.049779001623392105,0.04641000181436539,0.04693099856376648,2400564,0.0,0.0
2022-04-04 00:00:00+00:00,0.046932000666856766,0.04895399883389473,0.04429600015282631,0.04505100101232529,2585104,0.0,0.0
2022-04-05 00:00:00+00:00,0.04505100101232529,0.04865400120615959,0.04259999841451645,0.04404899850487709,2507192,0.0,0.0
2022-04-06 00:00:00+00:00,0.04404899850487709,0.044780001044273376,0.03800699859857559,0.04109400138258934,2427929,0.0,0.0
2022-04-07 00:00:00+00:00,0.04109400138258934,0.04223199933767319,0.03885899856686592,0.03972100093960762,2641267,0.0,0.0
2022-04-08 00:00:00+00:00,0.03972100093960762,0.042038001120090485,0.03816699981689453,0.03943699970841408,2838870,0.0,0.0
2022-04-09 00:00:00+00:00,0.03943699970841408,0.04208099842071533,0.038757000118494034,0.04062400013208389,2685924,0.0,0.0
2022-04-10 00:00:00+00:00,0.040623001754283905,0.04145900160074234,0.038722001016139984,0.0396450012922287,2648728,0.0,0.0
2022-04-11 00:00:00+00:00,0.03964399918913841,0.040084000676870346,0.035232000052928925,0.03696700185537338,2588027,0.0,0.0
2022-04-12 00:00:00+00:00,0.03696700185537338,0.03959700092673302,0.0353970006108284,0.0375869981944561,2359170,0.0,0.0
2022-04-13 00:00:00+00:00,0.0375869981944561,0.05002700164914131,0.03595000132918358,0.0474729984998703,2797943,0.0,0.0
2022-04-14 00:00:00+00:00,0.0474729984998703,0.05387699976563454,0.04427700117230415,0.05340199917554855,2800496,0.0,0.0
2022-04-15 00:00:00+00:00,0.05340199917554855,0.053589001297950745,0.04539300128817558,0.04604899883270264,2245192,0.0,0.0
2022-04-16 00:00:00+00:00,0.04604899883270264,0.051920000463724136,0.04375600069761276,0.044162001460790634,2396851,0.0,0.0
2022-04-17 00:00:00+00:00,0.044162001460790634,0.0466339997947216,0.038159001618623734,0.03859499841928482,1937635,0.0,0.0
2022-04-18 00:00:00+00:00,0.03859600052237511,0.04232599958777428,0.036552999168634415,0.03853499889373779,2388768,0.0,0.0
2022-04-19 00:00:00+00:00,0.03853499889373779,0.04397999867796898,0.03658200055360794,0.03874700143933296,2609383,0.0,0.0
2022-04-20 00:00:00+00:00,0.03874700143933296,0.04108399897813797,0.03681100159883499,0.03775100037455559,2365132,0.0,0.0
2022-04-21 00:00:00+00:00,0.03775100037455559,0.0400799997150898,0.03574800118803978,0.03670499846339226,2356335,0.0,0.0
2022-04-22 00:00:00+00:00,0.03670400008559227,0.038054000586271286,0.032586999237537384,0.03483999893069267,2361606,0.0,0.0
2022-04-23 00:00:00+00:00,0.03483999893069267,0.04344400018453598,0.033434998244047165,0.036681998521089554,2421689,0.0,0.0
2022-04-24 00:00:00+00:00,0.036681000143289566,0.03895600140094757,0.03392999991774559,0.034595999866724014,2503003,0.0,0.0
2022-04-25 00:00:00+00:00,0.034596998244524,0.03654000163078308,0.03340800106525421,0.03461899980902672,2151403,0.0,0.0
2022-04-26 00:00:00+00:00,0.03461899980902672,0.03569300100207329,0.03147200122475624,0.03411899879574776,2390740,0.0,0.0
2022-04-27 00:00:00+00:00,0.03411899879574776,0.03543100133538246,0.03225100040435791,0.03286999836564064,2323814,0.0,0.0
2022-04-28 00:00:00+00:00,0.03286999836564064,0.03479599952697754,0.0315530002117157,0.03283499926328659,1956230,0.0,0.0
2022-04-29 00:00:00+00:00,0.03283499926328659,0.035808999091386795,0.03039800003170967,0.0339290015399456,2450207,0.0,0.0
2022-04-30 00:00:00+00:00,0.0339290015399456,0.035041000694036484,0.03220300003886223,0.032228000462055206,2187576,0.0,0.0
2022-05-01 00:00:00+00:00,0.032228000462055206,0.032930999994277954,0.03017299994826317,0.03135700151324272,2138578,0.0,0.0
2022-05-02 00:00:00+00:00,0.03135700151324272,0.03252499923110008,0.030337000265717506,0.03226900100708008,2131145,0.0,0.0
2022-05-03 00:00:00+00:00,0.03226900100708008,0.032993000000715256,0.029218999668955803,0.030053000897169113,2494622,0.0,0.0
2022-05-04 00:00:00+00:00,0.030052000656723976,0.031870998442173004,0.028449999168515205,0.029758000746369362,2375979,0.0,0.0
2022-05-05 00:00:00+00:00,0.02975899912416935,0.029857000336050987,0.023574000224471092,0.026971999555826187,1984517,0.0,0.0
2022-05-06 00:00:00+00:00,0.026971999555826187,0.027897000312805176,0.024414999410510063,0.02510800026357174,2144756,0.0,0.0
2022-05-07 00:00:00+00:00,0.02510800026357174,0.02592100016772747,0.024685999378561974,0.02541700005531311,2236180,0.0,0.0
2022-05-08 00:00:00+00:00,0.02541700005531311,0.025477999821305275,0.02400599978864193,0.02408899925649166,1982781,0.0,0.0
2022-05-09 00:00:00+00:00,0.024089999496936798,0.024150999262928963,0.020566999912261963,0.02074900083243847,1851228,0.0,0.0
2022-05-10 00:00:00+00:00,0.020749999210238457,0.022492000833153725,0.020041000097990036,0.021571999415755272,2357355,0.0,0.0
2022-05-11 00:00:00+00:00,0.021571999415755272,0.021685000509023666,0.014298999682068825,0.015479999594390392,1548896,0.0,0.0
2022-05-12 00:00:00+00:00,0.015479999594390392,0.016506999731063843,0.011362999677658081,0.012609999626874924,1676237,0.0,0.0
2022-05-13 00:00:00+00:00,0.012609000317752361,0.016527000814676285,0.011429999954998493,0.015537000261247158,2398561,0.0,0.0
2022-05-14 00:00:00+00:00,0.015537000261247158,0.015537000261247158,0.013117000460624695,0.014611000195145607,2567435,0.0,0.0
2022-05-15 00:00:00+00:00,0.014611000195145607,0.01655299961566925,0.013195999898016453,0.015258999541401863,2631998,0.0,0.0
2022-05-16 00:00:00+00:00,0.015258999541401863,0.01659099943935871,0.014018000103533268,0.014866000041365623,2529326,0.0,0.0
2022-05-17 00:00:00+00:00,0.014864999800920486,0.015181999653577805,0.014097999781370163,0.014918000437319279,2451404,0.0,0.0
2022-05-18 00:00:00+00:00,0.014918000437319279,0.015092999674379826,0.013976000249385834,0.014295999892055988,1770368,0.0,0.0
2022-05-19 00:00:00+00:00,0.014295999892055988,0.0150950001552701,0.014295999892055988,0.014585000462830067,141883,0.0,0.0
2022-05-20 00:00:00+00:00,0.014585000462830067,0.015054999850690365,0.014162999577820301,0.01438200008124113,131270,0.0,0.0
2022-05-21 00:00:00+00:00,0.01438200008124113,0.014809999614953995,0.01397900003939867,0.014518000185489655,132195,0.0,0.0
2022-05-22 00:00:00+00:00,0.014518000185489655,0.01476799976080656,0.014085999689996243,0.014337999746203423,133480,0.0,0.0
2022-05-23 00:00:00+00:00,0.014337999746203423,0.014627000316977501,0.013926000334322453,0.0139340003952384,133122,0.0,0.0
2022-05-24 00:00:00+00:00,0.0139340003952384,0.014406000263988972,0.013546000234782696,0.013981999829411507,140820,0.0,0.0
2022-05-25 00:00:00+00:00,0.013981999829411507,0.014375999569892883,0.013686999678611755,0.013818000443279743,129551,0.0,0.0
2022-05-26 00:00:00+00:00,0.013818000443279743,0.014046999625861645,0.012517999857664108,0.013094999827444553,147251,0.0,0.0
2022-05-27 00:00:00+00:00,0.013093999586999416,0.013093999586999416,0.012276999652385712,0.012411000207066536,139311,0.0,0.0
2022-05-28 00:00:00+00:00,0.012411000207066536,0.012737000361084938,0.01218200009316206,0.012492000125348568,112568,0.0,0.0
2022-05-29 00:00:00+00:00,0.012594999745488167,0.012667999602854252,0.011947999708354473,0.012052999809384346,156379,0.0,0.0
2022-05-30 00:00:00+00:00,0.012052999809384346,0.013124000281095505,0.011087000370025635,0.012601000256836414,139992,0.0,0.0
2022-05-31 00:00:00+00:00,0.012601000256836414,0.012694000266492367,0.01193500030785799,0.012075000442564487,148501,0.0,0.0
2022-06-01 00:00:00+00:00,0.012075000442564487,0.012635000050067902,0.01171599980443716,0.0119439996778965,135993,0.0,0.0
2022-06-02 00:00:00+00:00,0.0119439996778965,0.012032999657094479,0.011486999690532684,0.011776999570429325,127834,0.0,0.0
2022-06-03 00:00:00+00:00,0.011776000261306763,0.011873999610543251,0.010603000409901142,0.011206000111997128,119611,0.0,0.0
2022-06-04 00:00:00+00:00,0.011206000111997128,0.011536000296473503,0.010883999988436699,0.011363999918103218,131737,0.0,0.0
2022-06-05 00:00:00+00:00,0.011363999918103218,0.011521000415086746,0.01100900024175644,0.011215000413358212,83816,0.0,0.0
2022-06-06 00:00:00+00:00,0.011215000413358212,0.012028000317513943,0.010781999677419662,0.011156000196933746,138052,0.0,0.0
2022-06-07 00:00:00+00:00,0.011156000196933746,0.01123099960386753,0.01032199990004301,0.010730000212788582,154884,0.0,0.0
2022-06-08 00:00:00+00:00,0.010730000212788582,0.011727999895811081,0.01052900031208992,0.010974000208079815,142802,0.0,0.0
2022-06-09 00:00:00+00:00,0.010974000208079815,0.011862999759614468,0.010885999538004398,0.01117399986833334,165902,0.0,0.0
2022-06-10 00:00:00+00:00,0.01117399986833334,0.011365000158548355,0.010793999768793583,0.010986000299453735,160178,0.0,0.0
2022-06-11 00:00:00+00:00,0.010986000299453735,0.011211000382900238,0.010127999819815159,0.010944999754428864,152798,0.0,0.0
2022-06-12 00:00:00+00:00,0.010944999754428864,0.010987999849021435,0.00942699983716011,0.010181000456213951,154415,0.0,0.0
2022-06-13 00:00:00+00:00,0.010181000456213951,0.010293999686837196,0.007872000336647034,0.00863299984484911,124915,0.0,0.0
2022-06-14 00:00:00+00:00,0.00863299984484911,0.01001800037920475,0.008384999819099903,0.01000600028783083,157337,0.0,0.0
2022-06-15 00:00:00+00:00,0.01000600028783083,0.010262999683618546,0.008847000077366829,0.010245000012218952,169047,0.0,0.0
2022-06-16 00:00:00+00:00,0.010245000012218952,0.01037800032645464,0.009224999696016312,0.009251999668776989,121261,0.0,0.0
2022-06-17 00:00:00+00:00,0.009251999668776989,0.009717999957501888,0.009251999668776989,0.009368999861180782,128287,0.0,0.0
2022-06-18 00:00:00+00:00,0.009368999861180782,0.009390000253915787,0.008817000314593315,0.009198999963700771,159298,0.0,0.0
2022-06-19 00:00:00+00:00,0.009198999963700771,0.011482000350952148,0.009087000042200089,0.011051000095903873,236028,0.0,0.0
2022-06-20 00:00:00+00:00,0.011051000095903873,0.011397000402212143,0.010645999573171139,0.011074000038206577,221594,0.0,0.0
2022-06-21 00:00:00+00:00,0.011074000038206577,0.0115769999101758,0.010983999818563461,0.011281000450253487,190665,0.0,0.0
2022-06-22 00:00:00+00:00,0.011281000450253487,0.011316999793052673,0.010387999936938286,0.010420000180602074,177411,0.0,0.0
2022-06-23 00:00:00+00:00,0.010420000180602074,0.01079500000923872,0.010420000180602074,0.01076900027692318,180644,0.0,0.0
2022-06-24 00:00:00+00:00,0.01076900027692318,0.011003999970853329,0.010742000304162502,0.010796000249683857,176338,0.0,0.0
2022-06-25 00:00:00+00:00,0.01079699955880642,0.010850000195205212,0.010449999943375587,0.010653999634087086,170018,0.0,0.0
2022-06-26 00:00:00+00:00,0.010653999634087086,0.010724999941885471,0.010350000113248825,0.010363000445067883,159723,0.0,0.0
2022-06-27 00:00:00+00:00,0.010363000445067883,0.010703999549150467,0.010347000323235989,0.010418999940156937,165862,0.0,0.0
2022-06-28 00:00:00+00:00,0.010418999940156937,0.010676000267267227,0.010112999938428402,0.01011900044977665,169398,0.0,0.0
2022-06-29 00:00:00+00:00,0.01011900044977665,0.01017799973487854,0.00977800041437149,0.010081999935209751,204665,0.0,0.0
2022-06-30 00:00:00+00:00,0.010081999935209751,0.010088999755680561,0.009233999997377396,0.00939099956303835,201077,0.0,0.0
2022-07-01 00:00:00+00:00,0.00939099956303835,0.009820000268518925,0.009318999946117401,0.009410999715328217,195328,0.0,0.0
2022-07-02 00:00:00+00:00,0.009410999715328217,0.009460999630391598,0.009034999646246433,0.00930699985474348,162717,0.0,0.0
2022-07-03 00:00:00+00:00,0.00930699985474348,0.009325000457465649,0.008403999730944633,0.008712000213563442,197434,0.0,0.0
2022-07-04 00:00:00+00:00,0.008712000213563442,0.008942999877035618,0.008481999859213829,0.008936000056564808,184782,0.0,0.0
2022-07-05 00:00:00+00:00,0.008936000056564808,0.009045000188052654,0.00849900022149086,0.008736000396311283,97121,0.0,0.0
2022-07-06 00:00:00+00:00,0.008736000396311283,0.008944000117480755,0.00865000020712614,0.00887299980968237,105358,0.0,0.0
2022-07-07 00:00:00+00:00,0.00887299980968237,0.008988999761641026,0.008623000234365463,0.00892999954521656,95371,0.0,0.0
2022-07-08 00:00:00+00:00,0.00892999954521656,0.008983000181615353,0.008624999783933163,0.008813999593257904,92019,0.0,0.0
2022-07-09 00:00:00+00:00,0.008813999593257904,0.008949999697506428,0.008515000343322754,0.008856999687850475,90365,0.0,0.0
2022-07-10 00:00:00+00:00,0.008856999687850475,0.008856999687850475,0.008071999996900558,0.008383000269532204,92484,0.0,0.0
2022-07-11 00:00:00+00:00,0.008383000269532204,0.00851100031286478,0.008179999887943268,0.008244000375270844,91733,0.0,0.0
2022-07-12 00:00:00+00:00,0.008244000375270844,0.008251000195741653,0.00785799976438284,0.007860000245273113,108010,0.0,0.0
2022-07-13 00:00:00+00:00,0.007860000245273113,0.00798999983817339,0.007325000129640102,0.007868999615311623,125022,0.0,0.0
2022-07-14 00:00:00+00:00,0.007868999615311623,0.008275999687612057,0.007860000245273113,0.008196000009775162,134514,0.0,0.0
2022-07-15 00:00:00+00:00,0.008196000009775162,0.008426000364124775,0.008050000295042992,0.008338999934494495,143748,0.0,0.0
2022-07-16 00:00:00+00:00,0.008338999934494495,0.008515000343322754,0.008169000037014484,0.008461999706923962,136507,0.0,0.0
2022-07-17 00:00:00+00:00,0.008461999706923962,0.0086260000243783,0.008194000460207462,0.00827999971807003,126410,0.0,0.0
2022-07-18 00:00:00+00:00,0.00827999971807003,0.008654000237584114,0.00827999971807003,0.008531000465154648,132309,0.0,0.0
2022-07-19 00:00:00+00:00,0.008531000465154648,0.008648999966681004,0.008310999721288681,0.008453000336885452,142265,0.0,0.0
2022-07-20 00:00:00+00:00,0.008453000336885452,0.008472000248730183,0.008077999576926231,0.008111000061035156,136718,0.0,0.0
2022-07-21 00:00:00+00:00,0.008111000061035156,0.008214999921619892,0.007706000003963709,0.007763000205159187,135586,0.0,0.0
2022-07-22 00:00:00+00:00,0.007763000205159187,0.008055999875068665,0.007668000180274248,0.007833000272512436,155754,0.0,0.0
2022-07-23 00:00:00+00:00,0.007833000272512436,0.007915000431239605,0.007571000140160322,0.007646999787539244,149163,0.0,0.0
2022-07-24 00:00:00+00:00,0.007646999787539244,0.007884000428020954,0.007621999830007553,0.007853999733924866,164842,0.0,0.0
2022-07-25 00:00:00+00:00,0.007853999733924866,0.007853999733924866,0.007501000072807074,0.007577000185847282,162776,0.0,0.0
2022-07-26 00:00:00+00:00,0.007577000185847282,0.007579000201076269,0.007172999903559685,0.00737799983471632,165661,0.0,0.0
2022-07-27 00:00:00+00:00,0.00737799983471632,0.007770999800413847,0.007290000095963478,0.0075599998235702515,172268,0.0,0.0
2022-07-28 00:00:00+00:00,0.0075610000640153885,0.007823999971151352,0.007331999950110912,0.0076430002227425575,163341,0.0,0.0
2022-07-29 00:00:00+00:00,0.0076430002227425575,0.008286000229418278,0.007457000203430653,0.007540999911725521,158175,0.0,0.0
2022-07-30 00:00:00+00:00,0.007540999911725521,0.009491000324487686,0.00749000022187829,0.008441000245511532,201483,0.0,0.0
2022-07-31 00:00:00+00:00,0.008441000245511532,0.008465999737381935,0.007774000056087971,0.008008000440895557,199067,0.0,0.0
2022-08-01 00:00:00+00:00,0.008008000440895557,0.008251000195741653,0.007828000001609325,0.007974999956786633,173583,0.0,0.0
2022-08-02 00:00:00+00:00,0.007974999956786633,0.008050000295042992,0.0074800001457333565,0.0075240000151097775,158935,0.0,0.0
2022-08-03 00:00:00+00:00,0.0075240000151097775,0.008018000051379204,0.0073460000567138195,0.00800899975001812,157573,0.0,0.0
2022-08-04 00:00:00+00:00,0.00800899975001812,0.00829199980944395,0.007941000163555145,0.008124999701976776,166560,0.0,0.0
2022-08-05 00:00:00+00:00,0.008124999701976776,0.008297000080347061,0.007907000370323658,0.007930999621748924,156314,0.0,0.0
2022-08-06 00:00:00+00:00,0.007931999862194061,0.008368000388145447,0.007918000221252441,0.008328000083565712,162577,0.0,0.0
2022-08-07 00:00:00+00:00,0.008328000083565712,0.009473999962210655,0.00813200045377016,0.009196000173687935,183003,0.0,0.0
2022-08-08 00:00:00+00:00,0.009196000173687935,0.009758000262081623,0.008988000452518463,0.00945299956947565,175144,0.0,0.0
2022-08-09 00:00:00+00:00,0.009453999809920788,0.010023999959230423,0.008754000067710876,0.009468999691307545,199104,0.0,0.0
2022-08-10 00:00:00+00:00,0.009468000382184982,0.010420000180602074,0.009123999625444412,0.010022999718785286,174737,0.0,0.0
2022-08-11 00:00:00+00:00,0.010022999718785286,0.010459000244736671,0.009871000424027443,0.010138999670743942,149105,0.0,0.0
2022-08-12 00:00:00+00:00,0.010138999670743942,0.010362000204622746,0.009700999595224857,0.009724999777972698,158031,0.0,0.0
2022-08-13 00:00:00+00:00,0.009724999777972698,0.010001000016927719,0.009709999896585941,0.009790999814867973,165146,0.0,0.0
2022-08-14 00:00:00+00:00,0.009790999814867973,0.010629000142216682,0.009425999596714973,0.009517000056803226,177045,0.0,0.0
2022-08-15 00:00:00+00:00,0.009518000297248363,0.010077999904751778,0.009223000146448612,0.009730000048875809,161319,0.0,0.0
2022-08-16 00:00:00+00:00,0.009730000048875809,0.01067500002682209,0.009332000277936459,0.010405000299215317,91659,0.0,0.0
2022-08-17 00:00:00+00:00,0.010405000299215317,0.011528000235557556,0.010084999725222588,0.010134000331163406,86604,0.0,0.0
2022-08-18 00:00:00+00:00,0.010134999640285969,0.011780000291764736,0.00913699995726347,0.010774999856948853,93400,0.0,0.0
2022-08-19 00:00:00+00:00,0.010774999856948853,0.0107829999178648,0.009224999696016312,0.010077999904751778,100096,0.0,0.0
2022-08-20 00:00:00+00:00,0.010077999904751778,0.010366000235080719,0.009064000099897385,0.00967399962246418,96405,0.0,0.0
2022-08-21 00:00:00+00:00,0.00967399962246418,0.010157999582588673,0.009115999564528465,0.00936300028115511,98546,0.0,0.0
2022-08-22 00:00:00+00:00,0.00936300028115511,0.011332999914884567,0.00929499976336956,0.009580999612808228,102052,0.0,0.0
2022-08-23 00:00:00+00:00,0.009580999612808228,0.01056199986487627,0.009344999678432941,0.01028599962592125,96647,0.0,0.0
2022-08-24 00:00:00+00:00,0.01028599962592125,0.010618999600410461,0.008662999607622623,0.010157999582588673,88993,0.0,0.0
2022-08-25 00:00:00+00:00,0.01015700027346611,0.010638999752700329,0.009848999790847301,0.010142000392079353,89178,0.0,0.0
2022-08-26 00:00:00+00:00,0.010142000392079353,0.010424000211060047,0.0079969996586442,0.009115999564528465,93361,0.0,0.0
2022-08-27 00:00:00+00:00,0.009115999564528465,0.00940600037574768,0.008829000405967236,0.008926000446081161,93372,0.0,0.0
2022-08-28 00:00:00+00:00,0.008926000446081161,0.009012999944388866,0.00877000018954277,0.008995999582111835,94958,0.0,0.0
2022-08-29 00:00:00+00:00,0.008995999582111835,0.009630000218749046,0.007923999801278114,0.00829899962991476,86711,0.0,0.0
2022-08-30 00:00:00+00:00,0.00829899962991476,0.009088999591767788,0.008243000134825706,0.00851800013333559,92822,0.0,0.0
2022-08-31 00:00:00+00:00,0.008519000373780727,0.00880999956279993,0.00841199979186058,0.00860700011253357,89679,0.0,0.0
2022-09-01 00:00:00+00:00,0.00860700011253357,0.008786999620497227,0.008514000102877617,0.008636999875307083,88046,0.0,0.0
2022-09-02 00:00:00+00:00,0.008636999875307083,0.008833000436425209,0.008519000373780727,0.008592000231146812,89798,0.0,0.0
2022-09-03 00:00:00+00:00,0.008592000231146812,0.008805000223219395,0.0085249999538064,0.008558000437915325,89231,0.0,0.0
2022-09-04 00:00:00+00:00,0.008558000437915325,0.008701999671757221,0.008526000194251537,0.008573999628424644,88909,0.0,0.0
2022-09-05 00:00:00+00:00,0.008573999628424644,0.008990000002086163,0.0075969998724758625,0.007648000027984381,85200,0.0,0.0
2022-09-06 00:00:00+00:00,0.007648000027984381,0.009007000364363194,0.007567999884486198,0.008062000386416912,94300,0.0,0.0
2022-09-07 00:00:00+00:00,0.008061000145971775,0.00948300026357174,0.0073529998771846294,0.008851000107824802,112447,0.0,0.0
2022-09-08 00:00:00+00:00,0.008851000107824802,0.009616999886929989,0.007896999828517437,0.008905000053346157,99433,0.0,0.0
2022-09-09 00:00:00+00:00,0.008906000293791294,0.010364999994635582,0.008262000046670437,0.008775999769568443,90764,0.0,0.0
2022-09-10 00:00:00+00:00,0.008775999769568443,0.009219000115990639,0.008715000003576279,0.009007000364363194,91756,0.0,0.0
2022-09-11 00:00:00+00:00,0.009007000364363194,0.0091540003195405,0.00853199977427721,0.008724000304937363,91817,0.0,0.0
2022-09-12 00:00:00+00:00,0.008724000304937363,0.008821000345051289,0.008344000205397606,0.00860000029206276,91627,0.0,0.0
2022-09-13 00:00:00+00:00,0.008599000051617622,0.008839000016450882,0.008336000144481659,0.008665000088512897,95696,0.0,0.0
2022-09-14 00:00:00+00:00,0.00853199977427721,0.008696000091731548,0.008155000396072865,0.008454999886453152,102727,0.0,0.0
2022-09-15 00:00:00+00:00,0.008454999886453152,0.008469999767839909,0.007972000166773796,0.008051999844610691,93290,0.0,0.0
2022-09-16 00:00:00+00:00,0.008054999634623528,0.008336000144481659,0.007540000136941671,0.007973999716341496,91364,0.0,0.0
2022-09-17 00:00:00+00:00,0.007973000407218933,0.008067999966442585,0.007646000012755394,0.007904999889433384,90636,0.0,0.0
2022-09-18 00:00:00+00:00,0.007904999889433384,0.008267000317573547,0.007416999898850918,0.007488999981433153,96407,0.0,0.0
2022-09-19 00:00:00+00:00,0.00749000022187829,0.007947999984025955,0.007288000080734491,0.007540000136941671,88021,0.0,0.0
2022-09-20 00:00:00+00:00,0.007540000136941671,0.007819999940693378,0.007218000013381243,0.007304999977350235,93141,0.0,0.0
2022-09-21 00:00:00+00:00,0.0073020001873373985,0.007480999920517206,0.007209000177681446,0.0074789999052882195,68259,0.0,0.0
2022-09-22 00:00:00+00:00,0.0074800001457333565,0.008094999939203262,0.0073460000567138195,0.007786000147461891,60019,0.0,0.0
2022-09-23 00:00:00+00:00,0.007786000147461891,0.00798800028860569,0.007406999822705984,0.007528000045567751,92784,0.0,0.0
2022-09-24 00:00:00+00:00,0.007528000045567751,0.007904999889433384,0.007441000081598759,0.007877999916672707,94092,0.0,0.0
2022-09-25 00:00:00+00:00,0.007877999916672707,0.008874000050127506,0.007420999929308891,0.007528000045567751,86825,0.0,0.0
2022-09-26 00:00:00+00:00,0.007528000045567751,0.007912999950349331,0.007294000126421452,0.007683999836444855,90977,0.0,0.0
2022-09-27 00:00:00+00:00,0.007683999836444855,0.007786000147461891,0.007215000223368406,0.007340999785810709,89695,0.0,0.0
2022-09-28 00:00:00+00:00,0.007340999785810709,0.007493999786674976,0.007213999982923269,0.007404000032693148,89526,0.0,0.0
2022-09-29 00:00:00+00:00,0.007404000032693148,0.00749799981713295,0.007178000174462795,0.007304000202566385,92299,0.0,0.0
2022-09-30 00:00:00+00:00,0.007302999962121248,0.007581000216305256,0.007203000131994486,0.007304999977350235,90542,0.0,0.0
2022-10-01 00:00:00+00:00,0.007306000217795372,0.008173000067472458,0.007178000174462795,0.007747000083327293,91713,0.0,0.0
2022-10-02 00:00:00+00:00,0.007747000083327293,0.007845000363886356,0.006643999833613634,0.007275999989360571,100239,0.0,0.0
2022-10-03 00:00:00+00:00,0.007273999974131584,0.007745000068098307,0.0072119999676942825,0.007627000100910664,100933,0.0,0.0
2022-10-04 00:00:00+00:00,0.007627000100910664,0.007788999937474728,0.007397000212222338,0.007552000228315592,89658,0.0,0.0
2022-10-05 00:00:00+00:00,0.007552000228315592,0.00828699953854084,0.00710600009188056,0.007895000278949738,96355,0.0,0.0
2022-10-06 00:00:00+00:00,0.0078940000385046,0.008047999814152718,0.0072639998979866505,0.0076859998516738415,86416,0.0,0.0
2022-10-07 00:00:00+00:00,0.007685000076889992,0.00786999985575676,0.006945999804884195,0.007199000101536512,99172,0.0,0.0
2022-10-08 00:00:00+00:00,0.007203999906778336,0.007441000081598759,0.006961999926716089,0.007271000184118748,94910,0.0,0.0
2022-10-09 00:00:00+00:00,0.007271000184118748,0.007586000021547079,0.007205999922007322,0.0073090000078082085,89260,0.0,0.0
2022-10-10 00:00:00+00:00,0.0073090000078082085,0.007507000118494034,0.00662099989131093,0.006988000124692917,89052,0.0,0.0
2022-10-11 00:00:00+00:00,0.006988000124692917,0.0075079998932778835,0.006666000001132488,0.006773999892175198,91963,0.0,0.0
2022-10-12 00:00:00+00:00,0.006773999892175198,0.006994999945163727,0.006647000089287758,0.006767000071704388,93359,0.0,0.0
2022-10-13 00:00:00+00:00,0.006767000071704388,0.007329000160098076,0.0064650001004338264,0.006965999957174063,96627,0.0,0.0
2022-10-14 00:00:00+00:00,0.006965999957174063,0.007065999787300825,0.006798999849706888,0.006823000032454729,106547,0.0,0.0
2022-10-15 00:00:00+00:00,0.006823000032454729,0.007317000068724155,0.0067819999530911446,0.007172999903559685,95688,0.0,0.0
2022-10-16 00:00:00+00:00,0.007172999903559685,0.007286999840289354,0.006378000136464834,0.006597999949008226,93030,0.0,0.0
2022-10-17 00:00:00+00:00,0.006597999949008226,0.006907999981194735,0.00648100022226572,0.006725999992340803,111294,0.0,0.0
2022-10-18 00:00:00+00:00,0.006725999992340803,0.007306000217795372,0.006719999946653843,0.006901999935507774,93365,0.0,0.0
2022-10-19 00:00:00+00:00,0.006901999935507774,0.007141000125557184,0.0064650001004338264,0.007044999860227108,91799,0.0,0.0
2022-10-20 00:00:00+00:00,0.007044999860227108,0.007222000043839216,0.006577999796718359,0.007222000043839216,92138,0.0,0.0
2022-10-21 00:00:00+00:00,0.007222000043839216,0.007273999974131584,0.0065379999577999115,0.006550000049173832,62566,0.0,0.0
2022-10-22 00:00:00+00:00,0.006550000049173832,0.007342000026255846,0.006496999878436327,0.0066280001774430275,48809,0.0,0.0
2022-10-23 00:00:00+00:00,0.0066280001774430275,0.0072119999676942825,0.006337999831885099,0.00659599993377924,47304,0.0,0.0
2022-10-24 00:00:00+00:00,0.00659599993377924,0.007025000173598528,0.006432000081986189,0.006630000192672014,30488,0.0,0.0
2022-10-25 00:00:00+00:00,0.006630000192672014,0.00699200015515089,0.006560000125318766,0.006849000230431557,31896,0.0,0.0
2022-10-26 00:00:00+00:00,0.006852999795228243,0.006878000218421221,0.006424000021070242,0.006527999881654978,31883,0.0,0.0
2022-10-27 00:00:00+00:00,0.006527999881654978,0.006634000223129988,0.006424000021070242,0.006504999939352274,30613,0.0,0.0
2022-10-28 00:00:00+00:00,0.006504999939352274,0.0067889997735619545,0.0064500002190470695,0.0067159999161958694,30728,0.0,0.0
2022-10-29 00:00:00+00:00,0.0067159999161958694,0.0068870000541210175,0.006637999787926674,0.006821999792009592,31682,0.0,0.0
2022-10-30 00:00:00+00:00,0.006821999792009592,0.007340999785810709,0.0068060001358389854,0.0072639998979866505,34877,0.0,0.0
2022-10-31 00:00:00+00:00,0.0072639998979866505,0.007705000229179859,0.007071000058203936,0.00735200010240078,34295,0.0,0.0
2022-11-01 00:00:00+00:00,0.00735200010240078,0.007637999951839447,0.0071840002201497555,0.007278000004589558,36144,0.0,0.0
2022-11-02 00:00:00+00:00,0.007278000004589558,0.0073379999957978725,0.006930000148713589,0.007011000066995621,33949,0.0,0.0
2022-11-03 00:00:00+00:00,0.007011000066995621,0.0073640001937747,0.006982000079005957,0.007222999818623066,30207,0.0,0.0
2022-11-04 00:00:00+00:00,0.007191000040620565,0.007841000333428383,0.007182000204920769,0.00749199977144599,32110,0.0,0.0
2022-11-05 00:00:00+00:00,0.0075090001337230206,0.007612000219523907,0.007306000217795372,0.007354999892413616,27433,0.0,0.0
2022-11-06 00:00:00+00:00,0.007346999831497669,0.0074430000968277454,0.007023999933153391,0.007031999994069338,33370,0.0,0.0
2022-11-07 00:00:00+00:00,0.007029000204056501,0.007577999960631132,0.00686699990183115,0.007170000113546848,53912,0.0,0.0
2022-11-08 00:00:00+00:00,0.007170000113546848,0.009297999553382397,0.006647000089287758,0.007896999828517437,92691,0.0,0.0
2022-11-09 00:00:00+00:00,0.007896999828517437,0.007981999777257442,0.006178000010550022,0.006339999847114086,74899,0.0,0.0
2022-11-10 00:00:00+00:00,0.006318000145256519,0.007420000154525042,0.0062779998406767845,0.007240000180900097,65925,0.0,0.0
2022-11-11 00:00:00+00:00,0.007230000104755163,0.00725199980661273,0.006674000062048435,0.006885000038892031,33261,0.0,0.0
2022-11-12 00:00:00+00:00,0.006897999905049801,0.008522000163793564,0.006541000213474035,0.007153000216931105,67087,0.0,0.0
2022-11-13 00:00:00+00:00,0.007151000201702118,0.007253000047057867,0.006856999825686216,0.006920999847352505,32391,0.0,0.0
2022-11-14 00:00:00+00:00,0.006928000133484602,0.007286999840289354,0.006678000092506409,0.006936000194400549,35860,0.0,0.0
2022-11-15 00:00:00+00:00,0.0069599999114871025,0.007213999982923269,0.006916999816894531,0.007073999848216772,32378,0.0,0.0
2022-11-16 00:00:00+00:00,0.007075999863445759,0.007584000006318092,0.006974999792873859,0.007575000170618296,45334,0.0,0.0
2022-11-17 00:00:00+00:00,0.007571999914944172,0.008679999969899654,0.00749799981713295,0.00851999968290329,45896,0.0,0.0
2022-11-18 00:00:00+00:00,0.0085249999538064,0.008927999995648861,0.00851299986243248,0.008894000202417374,10398,0.0,0.0
2022-11-19 00:00:00+00:00,0.008894000202417374,0.008925000205636024,0.008662000298500061,0.008744999766349792,3365,0.0,0.0
2022-11-20 00:00:00+00:00,0.008710999973118305,0.008829000405967236,0.008332000114023685,0.008495000191032887,5029,0.0,0.0
2022-11-21 00:00:00+00:00,0.008488999679684639,0.00851100031286478,0.007029000204056501,0.007209000177681446,36336,0.0,0.0
2022-11-22 00:00:00+00:00,0.007213999982923269,0.007633000146597624,0.007162000052630901,0.007625999860465527,9488,0.0,0.0
2022-11-23 00:00:00+00:00,0.007600000128149986,0.009018000215291977,0.007573000155389309,0.008797000162303448,29590,0.0,0.0
2022-11-24 00:00:00+00:00,0.0087909996509552,0.008995000272989273,0.008624999783933163,0.008768999949097633,3600,0.0,0.0
2022-11-25 00:00:00+00:00,0.008768999949097633,0.00877000018954277,0.007981999777257442,0.008338999934494495,22622,0.0,0.0
2022-11-26 00:00:00+00:00,0.008346999995410442,0.00889699999243021,0.008330999873578548,0.008704000152647495,26391,0.0,0.0
2022-11-27 00:00:00+00:00,0.008701000362634659,0.008933000266551971,0.008617999963462353,0.008617999963462353,20012,0.0,0.0
2022-11-28 00:00:00+00:00,0.008617999963462353,0.008693999610841274,0.008197000250220299,0.008507000282406807,7028,0.0,0.0
2022-11-29 00:00:00+00:00,0.008508999831974506,0.009475000202655792,0.008399000391364098,0.009318999946117401,30936,0.0,0.0
2022-11-30 00:00:00+00:00,0.009318999946117401,0.009581999853253365,0.008891000412404537,0.009068000130355358,20743,0.0,0.0
2022-12-01 00:00:00+00:00,0.009068000130355358,0.009239999577403069,0.008836999535560608,0.009204000234603882,16671,0.0,0.0
2022-12-02 00:00:00+00:00,0.009204999543726444,0.009297999553382397,0.008954999968409538,0.009208999574184418,14458,0.0,0.0
2022-12-03 00:00:00+00:00,0.009204999543726444,0.00942699983716011,0.008837999776005745,0.00942699983716011,53263,0.0,0.0
2022-12-04 00:00:00+00:00,0.009414000436663628,0.009554999880492687,0.009092000313103199,0.009228999726474285,13322,0.0,0.0
2022-12-05 00:00:00+00:00,0.009204000234603882,0.009353999979794025,0.008992999792098999,0.00919399969279766,15665,0.0,0.0
2022-12-06 00:00:00+00:00,0.00919399969279766,0.009682999923825264,0.009115000255405903,0.009639999829232693,42419,0.0,0.0
2022-12-07 00:00:00+00:00,0.009649000130593777,0.009721999987959862,0.009316000156104565,0.009463000111281872,19945,0.0,0.0
2022-12-08 00:00:00+00:00,0.009463000111281872,0.009847000241279602,0.009305000305175781,0.009843000210821629,9533,0.0,0.0
2022-12-09 00:00:00+00:00,0.009843000210821629,0.010343000292778015,0.009312000125646591,0.010142999701201916,43358,0.0,0.0
2022-12-10 00:00:00+00:00,0.010142999701201916,0.010245000012218952,0.009945999830961227,0.010040000081062317,7127,0.0,0.0
2022-12-11 00:00:00+00:00,0.010040000081062317,0.010192000307142735,0.009235999546945095,0.009270000271499157,25371,0.0,0.0
2022-12-12 00:00:00+00:00,0.009270000271499157,0.009308000095188618,0.00887299980968237,0.008937000297009945,7033,0.0,0.0
2022-12-13 00:00:00+00:00,0.008919999934732914,0.00901699997484684,0.008328000083565712,0.008484999649226665,53264,0.0,0.0
2022-12-14 00:00:00+00:00,0.008495000191032887,0.0086899995803833,0.008212000131607056,0.008279000408947468,2576,0.0,0.0
2022-12-15 00:00:00+00:00,0.00827100034803152,0.008274000138044357,0.007895000278949738,0.007952000014483929,3290,0.0,0.0
2022-12-16 00:00:00+00:00,0.007956000044941902,0.00813599955290556,0.007038000039756298,0.0071749999187886715,2406,0.0,0.0
2022-12-17 00:00:00+00:00,0.007158999796956778,0.007972000166773796,0.006819000001996756,0.007939999923110008,44712,0.0,0.0
2022-12-18 00:00:00+00:00,0.007930999621748924,0.008489999920129776,0.007841999642550945,0.008388999849557877,9730,0.0,0.0
2022-12-19 00:00:00+00:00,0.008388999849557877,0.00846800021827221,0.0077149998396635056,0.007906000129878521,11994,0.0,0.0
2022-12-20 00:00:00+00:00,0.007906000129878521,0.00829199980944395,0.007906000129878521,0.0081599997356534,12288,0.0,0.0
2022-12-21 00:00:00+00:00,0.008128000423312187,0.008158000186085701,0.00750399986281991,0.0075969998724758625,18238,0.0,0.0
2022-12-22 00:00:00+00:00,0.00760400015860796,0.00775599991902709,0.007333999965339899,0.007726000156253576,23126,0.0,0.0
2022-12-23 00:00:00+00:00,0.0077240001410245895,0.007751000113785267,0.007391999941319227,0.007420000154525042,6744,0.0,0.0
2022-12-24 00:00:00+00:00,0.007420999929308891,0.007453000172972679,0.0073090000078082085,0.0073529998771846294,3959,0.0,0.0
2022-12-25 00:00:00+00:00,0.0073529998771846294,0.007406999822705984,0.007114999927580357,0.007187000010162592,10726,0.0,0.0
2022-12-26 00:00:00+00:00,0.007180999964475632,0.007699000183492899,0.006953999865800142,0.0076859998516738415,48710,0.0,0.0
2022-12-27 00:00:00+00:00,0.007646000012755394,0.007841000333428383,0.007621999830007553,0.007741999812424183,2191,0.0,0.0
2022-12-28 00:00:00+00:00,0.007753000129014254,0.007794000208377838,0.007573000155389309,0.007654000073671341,1002,0.0,0.0
2022-12-29 00:00:00+00:00,0.007654000073671341,0.007708000019192696,0.0062350002117455006,0.0066709998063743114,52772,0.0,0.0
2022-12-30 00:00:00+00:00,0.0066709998063743114,0.007083000149577856,0.006566000171005726,0.006984000094234943,22646,0.0,0.0
2022-12-31 00:00:00+00:00,0.006998000200837851,0.007040000054985285,0.006943999789655209,0.006988000124692917,1317,0.0,0.0
2023-01-01 00:00:00+00:00,0.006988000124692917,0.006988999899476767,0.006719999946653843,0.006756000220775604,3497,0.0,0.0
2023-01-02 00:00:00+00:00,0.006756000220775604,0.006868000142276287,0.006661000195890665,0.006742999888956547,2398,0.0,0.0
2023-01-03 00:00:00+00:00,0.006742000114172697,0.006798999849706888,0.00660899979993701,0.006645999848842621,2868,0.0,0.0
2023-01-04 00:00:00+00:00,0.006645999848842621,0.0073830001056194305,0.0066189998760819435,0.00724400021135807,10467,0.0,0.0
2023-01-05 00:00:00+00:00,0.007249000016599894,0.0073079997673630714,0.007153000216931105,0.00723899994045496,2177,0.0,0.0
2023-01-06 00:00:00+00:00,0.007236999925225973,0.007329000160098076,0.007100999820977449,0.007259000092744827,3077,0.0,0.0
2023-01-07 00:00:00+00:00,0.00725100003182888,0.007333999965339899,0.007193000055849552,0.007242000196129084,1306,0.0,0.0
2023-01-08 00:00:00+00:00,0.007224000059068203,0.008022000081837177,0.00711200013756752,0.008022000081837177,25064,0.0,0.0
2023-01-09 00:00:00+00:00,0.00801400002092123,0.008142000064253807,0.0076779997907578945,0.007699000183492899,4501,0.0,0.0
2023-01-10 00:00:00+00:00,0.007714000064879656,0.007860999554395676,0.007650999817997217,0.00783700030297041,1426,0.0,0.0
2023-01-11 00:00:00+00:00,0.00783700030297041,0.008071999996900558,0.00761700002476573,0.008054000325500965,31919,0.0,0.0
2023-01-12 00:00:00+00:00,0.008085000328719616,0.00812700018286705,0.007854999974370003,0.008011999540030956,4207,0.0,0.0
2023-01-13 00:00:00+00:00,0.008012999780476093,0.008116000331938267,0.0076859998516738415,0.007925000041723251,32349,0.0,0.0
2023-01-14 00:00:00+00:00,0.007899000309407711,0.008376000449061394,0.00788700021803379,0.008047999814152718,6629,0.0,0.0
2023-01-15 00:00:00+00:00,0.008043999783694744,0.008084000088274479,0.007706999778747559,0.00802099984139204,7051,0.0,0.0
2023-01-16 00:00:00+00:00,0.007987000048160553,0.00814099982380867,0.00776899978518486,0.007819999940693378,3199,0.0,0.0
2023-01-17 00:00:00+00:00,0.007819999940693378,0.007993999868631363,0.007751000113785267,0.007838999852538109,4396,0.0,0.0
2023-01-18 00:00:00+00:00,0.00785099994391203,0.008088000118732452,0.007327000144869089,0.007646999787539244,54583,0.0,0.0
2023-01-19 00:00:00+00:00,0.007666999939829111,0.007780000101774931,0.0075530000030994415,0.00773000018671155,1919,0.0,0.0
2023-01-20 00:00:00+00:00,0.007708999793976545,0.007923999801278114,0.007294999901205301,0.007891000248491764,25766,0.0,0.0
2023-01-21 00:00:00+00:00,0.0078940000385046,0.008035999722778797,0.007567999884486198,0.007584000006318092,8192,0.0,0.0
2023-01-22 00:00:00+00:00,0.00760400015860796,0.007720999885350466,0.007255000062286854,0.007356999907642603,12201,0.0,0.0
2023-01-23 00:00:00+00:00,0.007356999907642603,0.007637999951839447,0.007337000221014023,0.007486000191420317,24456,0.0,0.0
2023-01-24 00:00:00+00:00,0.007470000069588423,0.007891000248491764,0.007158999796956778,0.0072280000895261765,13487,0.0,0.0
2023-01-25 00:00:00+00:00,0.007249000016599894,0.007581999991089106,0.007124000228941441,0.007462000008672476,85743,0.0,0.0
2023-01-26 00:00:00+00:00,0.0074269999749958515,0.0074970000423491,0.007259000092744827,0.007277000229805708,3581,0.0,0.0
2023-01-27 00:00:00+00:00,0.007275999989360571,0.007296999916434288,0.007075000088661909,0.00710600009188056,5158,0.0,0.0
2023-01-28 00:00:00+00:00,0.00709300022572279,0.0073899999260902405,0.007091999985277653,0.007234000135213137,8602,0.0,0.0
2023-01-29 00:00:00+00:00,0.007234000135213137,0.007571999914944172,0.007215999998152256,0.007474999874830246,1981,0.0,0.0
2023-01-30 00:00:00+00:00,0.0074720000848174095,0.007542000152170658,0.007162000052630901,0.007280999794602394,8562,0.0,0.0
2023-01-31 00:00:00+00:00,0.007306999992579222,0.007453999947756529,0.00698600010946393,0.0070130000822246075,8338,0.0,0.0
2023-02-01 00:00:00+00:00,0.0070119998417794704,0.007511000148952007,0.006837000139057636,0.007447999902069569,21032,0.0,0.0
2023-02-02 00:00:00+00:00,0.007447999902069569,0.00773000018671155,0.0072559998370707035,0.007271000184118748,8031,0.0,0.0
2023-02-03 00:00:00+00:00,0.007273999974131584,0.0074339997954666615,0.00712599977850914,0.007249999791383743,4129,0.0,0.0
2023-02-04 00:00:00+00:00,0.007224000059068203,0.007284999825060368,0.007062000222504139,0.007079000119119883,3378,0.0,0.0
2023-02-05 00:00:00+00:00,0.007067000027745962,0.007280999794602394,0.00675999978557229,0.007151999976485968,35329,0.0,0.0
2023-02-06 00:00:00+00:00,0.007164999842643738,0.007205999922007322,0.006897000130265951,0.007007000036537647,11698,0.0,0.0
2023-02-07 00:00:00+00:00,0.007021999917924404,0.007158999796956778,0.006976999808102846,0.0070870001800358295,2265,0.0,0.0
2023-02-08 00:00:00+00:00,0.007098999805748463,0.007199999876320362,0.006895000115036964,0.007108000107109547,7568,0.0,0.0
2023-02-09 00:00:00+00:00,0.00710600009188056,0.00711200013756752,0.006579000037163496,0.006641000043600798,9523,0.0,0.0
2023-02-10 00:00:00+00:00,0.006643999833613634,0.007023000158369541,0.006572000216692686,0.006858999840915203,10249,0.0,0.0
2023-02-11 00:00:00+00:00,0.00687299994751811,0.006955000106245279,0.006777999922633171,0.006876000203192234,2362,0.0,0.0
2023-02-12 00:00:00+00:00,0.006852000020444393,0.007079000119119883,0.006750000175088644,0.006897999905049801,3643,0.0,0.0
2023-02-13 00:00:00+00:00,0.0068720001727342606,0.006924999877810478,0.006335000041872263,0.006622999906539917,24844,0.0,0.0
2023-02-14 00:00:00+00:00,0.00662099989131093,0.00672199996188283,0.006502999924123287,0.006672999821603298,1789,0.0,0.0
2023-02-15 00:00:00+00:00,0.006643000058829784,0.0067819999530911446,0.006318999920040369,0.006688000168651342,20423,0.0,0.0
2023-02-16 00:00:00+00:00,0.006688000168651342,0.006885000038892031,0.006264999974519014,0.006527000106871128,17413,0.0,0.0
2023-02-17 00:00:00+00:00,0.006533000152558088,0.006924999877810478,0.0064860000275075436,0.006787999998778105,20485,0.0,0.0
2023-02-18 00:00:00+00:00,0.006775999907404184,0.006899000145494938,0.006659999955445528,0.00672899978235364,4880,0.0,0.0
2023-02-19 00:00:00+00:00,0.00672800000756979,0.006767999846488237,0.006219000089913607,0.0062489998526871204,11859,0.0,0.0
2023-02-20 00:00:00+00:00,0.0062339999713003635,0.006831999868154526,0.005241000093519688,0.006004000082612038,132507,0.0,0.0
2023-02-21 00:00:00+00:00,0.006004999857395887,0.006453000009059906,0.005816999822854996,0.00611699977889657,55691,0.0,0.0
2023-02-22 00:00:00+00:00,0.00611699977889657,0.006163999903947115,0.005911999847739935,0.00607800018042326,11836,0.0,0.0
2023-02-23 00:00:00+00:00,0.006076000165194273,0.006395000033080578,0.0059090000577270985,0.006101000122725964,18553,0.0,0.0
2023-02-24 00:00:00+00:00,0.006101000122725964,0.0064570000395178795,0.005793000105768442,0.006202000193297863,38689,0.0,0.0
2023-02-25 00:00:00+00:00,0.006202000193297863,0.006221999879926443,0.006020000204443932,0.006171999964863062,14221,0.0,0.0
2023-02-26 00:00:00+00:00,0.006159000098705292,0.006324999965727329,0.0055599999614059925,0.005764999892562628,50517,0.0,0.0
2023-02-27 00:00:00+00:00,0.0057390001602470875,0.00622399989515543,0.005609000101685524,0.00612299982458353,23765,0.0,0.0
2023-02-28 00:00:00+00:00,0.006136999931186438,0.006163999903947115,0.005801000166684389,0.005896999966353178,4529,0.0,0.0
2023-03-01 00:00:00+00:00,0.005909999832510948,0.0062339999713003635,0.005867000203579664,0.00597799988463521,8504,0.0,0.0
2023-03-02 00:00:00+00:00,0.00597700010985136,0.006016000173985958,0.005824000108987093,0.00583899999037385,3579,0.0,0.0
2023-03-03 00:00:00+00:00,0.00584599981084466,0.00597799988463521,0.005615000147372484,0.005799999926239252,26251,0.0,0.0
2023-03-04 00:00:00+00:00,0.005799999926239252,0.005807000212371349,0.0055320002138614655,0.005557000171393156,11298,0.0,0.0
2023-03-05 00:00:00+00:00,0.005535999778658152,0.005791999865323305,0.005524999927729368,0.005553000140935183,10891,0.0,0.0
2023-03-06 00:00:00+00:00,0.005526999942958355,0.005822999868541956,0.005392999853938818,0.005694999825209379,13810,0.0,0.0
2023-03-07 00:00:00+00:00,0.00571999978274107,0.005739999935030937,0.005539999809116125,0.005576999858021736,4939,0.0,0.0
2023-03-08 00:00:00+00:00,0.005578000098466873,0.005640000104904175,0.0054419999942183495,0.00544800003990531,3468,0.0,0.0
2023-03-09 00:00:00+00:00,0.005444999784231186,0.005539999809116125,0.0050929998978972435,0.005113000050187111,12086,0.0,0.0
2023-03-10 00:00:00+00:00,0.005117000080645084,0.005162999965250492,0.004900999832898378,0.005018999800086021,4085,0.0,0.0
2023-03-11 00:00:00+00:00,0.005011000204831362,0.005185999907553196,0.0047519998624920845,0.0047900001518428326,8632,0.0,0.0
2023-03-12 00:00:00+00:00,0.004790999926626682,0.0053010000847280025,0.004639000166207552,0.005297999829053879,19764,0.0,0.0
2023-03-13 00:00:00+00:00,0.005297999829053879,0.005594000220298767,0.005237000063061714,0.005332999862730503,5488,0.0,0.0
2023-03-14 00:00:00+00:00,0.00533400010317564,0.0054720002226531506,0.00508899986743927,0.005090999882668257,6746,0.0,0.0
2023-03-15 00:00:00+00:00,0.005086999852210283,0.005429999902844429,0.004991999827325344,0.005274999886751175,11993,0.0,0.0
2023-03-16 00:00:00+00:00,0.005274000111967325,0.005499000195413828,0.0050479997880756855,0.005197000224143267,28925,0.0,0.0
2023-03-17 00:00:00+00:00,0.0052200001664459705,0.005377000197768211,0.005115999840199947,0.005239000078290701,11578,0.0,0.0
2023-03-18 00:00:00+00:00,0.005241000093519688,0.0053449999541044235,0.004896999802440405,0.004920000210404396,6098,0.0,0.0
2023-03-19 00:00:00+00:00,0.004920000210404396,0.005274999886751175,0.004892999771982431,0.004982000216841698,22872,0.0,0.0
2023-03-20 00:00:00+00:00,0.004960999824106693,0.005222000181674957,0.004873000085353851,0.004896000027656555,14447,0.0,0.0
2023-03-21 00:00:00+00:00,0.0048940000124275684,0.005212000105530024,0.004813000094145536,0.0050039999186992645,79510,0.0,0.0
2023-03-22 00:00:00+00:00,0.005001999903470278,0.005090999882668257,0.004736000206321478,0.004902999848127365,8027,0.0,0.0
2023-03-23 00:00:00+00:00,0.004879999905824661,0.005179000087082386,0.004854000173509121,0.0049149999395012856,12172,0.0,0.0
2023-03-24 00:00:00+00:00,0.004916000179946423,0.005167999770492315,0.004834999796003103,0.005038999952375889,10830,0.0,0.0
2023-03-25 00:00:00+00:00,0.005059999879449606,0.005115000065416098,0.004902000073343515,0.004954999778419733,4414,0.0,0.0
2023-03-26 00:00:00+00:00,0.004954999778419733,0.005009999964386225,0.004902999848127365,0.0049230000004172325,2633,0.0,0.0
2023-03-27 00:00:00+00:00,0.004922000225633383,0.004947000183165073,0.004557000007480383,0.004790999926626682,22426,0.0,0.0
2023-03-28 00:00:00+00:00,0.004811999853700399,0.005005999933928251,0.004699000157415867,0.004920000210404396,12012,0.0,0.0
2023-03-29 00:00:00+00:00,0.004898000042885542,0.0049760001711547375,0.0047610001638531685,0.004765999969094992,5944,0.0,0.0
2023-03-30 00:00:00+00:00,0.004788000136613846,0.005016000010073185,0.004629999864846468,0.0049760001711547375,14118,0.0,0.0
2023-03-31 00:00:00+00:00,0.0049749999307096004,0.005009000189602375,0.004614000208675861,0.00470300018787384,11964,0.0,0.0
2023-04-01 00:00:00+00:00,0.004681999795138836,0.0047149998135864735,0.004581000190228224,0.00458399998024106,1796,0.0,0.0
2023-04-02 00:00:00+00:00,0.004614999983459711,0.004840000066906214,0.004478999879211187,0.004515999928116798,12647,0.0,0.0
2023-04-03 00:00:00+00:00,0.004497000016272068,0.004765000194311142,0.0042779999785125256,0.004373000003397465,21441,0.0,0.0
2023-04-04 00:00:00+00:00,0.004373000003397465,0.0045980000868439674,0.0043379999697208405,0.00446499977260828,12031,0.0,0.0
2023-04-05 00:00:00+00:00,0.004468000028282404,0.0046179997734725475,0.004385000094771385,0.004548000171780586,8795,0.0,0.0
2023-04-06 00:00:00+00:00,0.004542999900877476,0.004608000162988901,0.004466000013053417,0.004474999848753214,11558,0.0,0.0
2023-04-07 00:00:00+00:00,0.004472000058740377,0.004517999943345785,0.004426999948918819,0.004505999851971865,8756,0.0,0.0
2023-04-08 00:00:00+00:00,0.004501999821513891,0.004534999839961529,0.004424999933689833,0.004480000119656324,9274,0.0,0.0
2023-04-09 00:00:00+00:00,0.004478999879211187,0.004532000049948692,0.004381000064313412,0.004505999851971865,8243,0.0,0.0
2023-04-10 00:00:00+00:00,0.004503999836742878,0.0045380000956356525,0.004395999945700169,0.004453000146895647,10193,0.0,0.0
2023-04-11 00:00:00+00:00,0.004453999921679497,0.004664999898523092,0.004385999869555235,0.004387999884784222,7200,0.0,0.0
2023-04-12 00:00:00+00:00,0.004389000125229359,0.004515000153332949,0.004265000112354755,0.004265000112354755,11121,0.0,0.0
2023-04-13 00:00:00+00:00,0.004294999875128269,0.004598999861627817,0.004257999826222658,0.004519999958574772,16831,0.0,0.0
2023-04-14 00:00:00+00:00,0.004519999958574772,0.004720999859273434,0.00442600017413497,0.004441999830305576,8377,0.0,0.0
2023-04-15 00:00:00+00:00,0.004441000055521727,0.004484999924898148,0.004323999863117933,0.0043310001492500305,6986,0.0,0.0
2023-04-16 00:00:00+00:00,0.00433199992403388,0.004813999868929386,0.004294999875128269,0.0046179997734725475,22675,0.0,0.0
2023-04-17 00:00:00+00:00,0.0046179997734725475,0.004639999940991402,0.004470000043511391,0.004621000029146671,10019,0.0,0.0
2023-04-18 00:00:00+00:00,0.004621999803930521,0.004807999823242426,0.0045889997854828835,0.004699000157415867,16438,0.0,0.0
2023-04-19 00:00:00+00:00,0.004699000157415867,0.004738000221550465,0.004360999912023544,0.004395999945700169,32507,0.0,0.0
2023-04-20 00:00:00+00:00,0.004395999945700169,0.004433999769389629,0.004135999828577042,0.004234000109136105,26611,0.0,0.0
2023-04-21 00:00:00+00:00,0.004236000124365091,0.004523999989032745,0.0040699997916817665,0.004120999947190285,13102,0.0,0.0
2023-04-22 00:00:00+00:00,0.004120999947190285,0.0046259998343884945,0.004089000169187784,0.00459099980071187,33721,0.0,0.0
2023-04-23 00:00:00+00:00,0.00459099980071187,0.0047079999931156635,0.004246999975293875,0.004269999917596579,42781,0.0,0.0
2023-04-24 00:00:00+00:00,0.004269999917596579,0.004389000125229359,0.004038999788463116,0.0043390002101659775,21449,0.0,0.0
2023-04-25 00:00:00+00:00,0.0043379999697208405,0.004346999805420637,0.004184999968856573,0.004298000130802393,5724,0.0,0.0
2023-04-26 00:00:00+00:00,0.004298000130802393,0.004310999996960163,0.004007999785244465,0.004040999803692102,8201,0.0,0.0
2023-04-27 00:00:00+00:00,0.004040000028908253,0.00419300002977252,0.0038980001118034124,0.0040710000321269035,23761,0.0,0.0
2023-04-28 00:00:00+00:00,0.0040710000321269035,0.0041669998317956924,0.003920999821275473,0.0040790000930428505,16214,0.0,0.0
2023-04-29 00:00:00+00:00,0.0040779998525977135,0.004151000175625086,0.003971999976783991,0.004102999810129404,12947,0.0,0.0
2023-04-30 00:00:00+00:00,0.004102999810129404,0.004182000178843737,0.003865000093355775,0.004081999883055687,31091,0.0,0.0
2023-05-01 00:00:00+00:00,0.004081000108271837,0.004201999865472317,0.003986000083386898,0.004056999925523996,21515,0.0,0.0
2023-05-02 00:00:00+00:00,0.004058999940752983,0.0041669998317956924,0.003955999854952097,0.003982999827712774,23489,0.0,0.0
2023-05-03 00:00:00+00:00,0.003982999827712774,0.004021999891847372,0.0038799999747425318,0.00395999988541007,8831,0.0,0.0
2023-05-04 00:00:00+00:00,0.00395999988541007,0.004184000194072723,0.00393499992787838,0.004182000178843737,18422,0.0,0.0
2023-05-05 00:00:00+00:00,0.004182999953627586,0.005814999807626009,0.004118000157177448,0.0051739998161792755,156887,0.0,0.0
2023-05-06 00:00:00+00:00,0.0051750000566244125,0.005243000108748674,0.004881000146269798,0.005030000116676092,31786,0.0,0.0
2023-05-07 00:00:00+00:00,0.005028999876230955,0.0051460000686347485,0.004933999851346016,0.004954999778419733,20688,0.0,0.0
2023-05-08 00:00:00+00:00,0.004954999778419733,0.004970999900251627,0.004790999926626682,0.004894999787211418,9071,0.0,0.0
2023-05-09 00:00:00+00:00,0.004896000027656555,0.004933999851346016,0.004811999853700399,0.004918000195175409,7977,0.0,0.0
2023-05-10 00:00:00+00:00,0.004918000195175409,0.005040000192821026,0.0048859999515116215,0.004997000098228455,8849,0.0,0.0
2023-05-11 00:00:00+00:00,0.004997999873012304,0.005051000043749809,0.004770999774336815,0.004827000200748444,16066,0.0,0.0
2023-05-12 00:00:00+00:00,0.004827999975532293,0.00483600003644824,0.004683000035583973,0.004796000197529793,6108,0.0,0.0
2023-05-13 00:00:00+00:00,0.004794999957084656,0.004838000051677227,0.00472299987450242,0.004749999847263098,7787,0.0,0.0
2023-05-14 00:00:00+00:00,0.004749999847263098,0.0047690002247691154,0.004482999909669161,0.004532000049948692,12825,0.0,0.0
2023-05-15 00:00:00+00:00,0.004532000049948692,0.004796000197529793,0.004513999912887812,0.004796000197529793,11898,0.0,0.0
2023-05-16 00:00:00+00:00,0.0047969999723136425,0.004953000228852034,0.004720000084489584,0.004877000115811825,12781,0.0,0.0
2023-05-17 00:00:00+00:00,0.004877000115811825,0.0049299998208880424,0.004821999929845333,0.004927999805659056,8163,0.0,0.0
2023-05-18 00:00:00+00:00,0.004927999805659056,0.004953000228852034,0.004776999820023775,0.004807000048458576,7376,0.0,0.0
2023-05-19 00:00:00+00:00,0.004807999823242426,0.005090000107884407,0.004786999896168709,0.005078999791294336,9537,0.0,0.0
2023-05-20 00:00:00+00:00,0.005080000031739473,0.0051819998770952225,0.005030999891459942,0.0051380000077188015,6499,0.0,0.0
2023-05-21 00:00:00+00:00,0.005138999782502651,0.0051819998770952225,0.0050130002200603485,0.005061999894678593,13069,0.0,0.0
2023-05-22 00:00:00+00:00,0.005061999894678593,0.005073000211268663,0.00469799991697073,0.004730999935418367,24677,0.0,0.0
2023-05-23 00:00:00+00:00,0.004730000160634518,0.004978000186383724,0.00470300018787384,0.004827000200748444,22058,0.0,0.0
2023-05-24 00:00:00+00:00,0.004827000200748444,0.004827000200748444,0.00458399998024106,0.004633000120520592,11018,0.0,0.0
2023-05-25 00:00:00+00:00,0.004633000120520592,0.00467800023034215,0.004579999949783087,0.004660000093281269,3962,0.0,0.0
2023-05-26 00:00:00+00:00,0.004658999852836132,0.004790999926626682,0.004616999998688698,0.004751000087708235,4642,0.0,0.0
2023-05-27 00:00:00+00:00,0.004749999847263098,0.005057999864220619,0.004699999932199717,0.005038999952375889,25969,0.0,0.0
2023-05-28 00:00:00+00:00,0.005040000192821026,0.005171000026166439,0.005009999964386225,0.005169999785721302,7279,0.0,0.0
2023-05-29 00:00:00+00:00,0.005169999785721302,0.0052919997833669186,0.00507500022649765,0.005286000203341246,19342,0.0,0.0
2023-05-30 00:00:00+00:00,0.005284999962896109,0.005359000060707331,0.005189999938011169,0.005255000200122595,16467,0.0,0.0
2023-05-31 00:00:00+00:00,0.005255000200122595,0.0052559999749064445,0.0051299999468028545,0.005239999853074551,5362,0.0,0.0
2023-06-01 00:00:00+00:00,0.005239999853074551,0.005375000182539225,0.00519500020891428,0.00535999983549118,8488,0.0,0.0
2023-06-02 00:00:00+00:00,0.00535999983549118,0.00546000013127923,0.004904999863356352,0.005171000026166439,62887,0.0,0.0
2023-06-03 00:00:00+00:00,0.005171000026166439,0.005243999883532524,0.004927999805659056,0.005009000189602375,18445,0.0,0.0
2023-06-04 00:00:00+00:00,0.005009000189602375,0.005096999928355217,0.004980999976396561,0.00506999995559454,11097,0.0,0.0
2023-06-05 00:00:00+00:00,0.00506999995559454,0.0051299999468028545,0.004656999837607145,0.004745999816805124,17128,0.0,0.0
2023-06-06 00:00:00+00:00,0.004745999816805124,0.004935999866575003,0.004676000215113163,0.004883000161498785,4988,0.0,0.0
2023-06-07 00:00:00+00:00,0.004883000161498785,0.004883999936282635,0.004515000153332949,0.0046720001846551895,5507,0.0,0.0
2023-06-08 00:00:00+00:00,0.004670000169426203,0.004964999854564667,0.004643999971449375,0.004922000225633383,12335,0.0,0.0
2023-06-09 00:00:00+00:00,0.004922000225633383,0.005113999824970961,0.004776000045239925,0.005098000168800354,8048,0.0,0.0
2023-06-10 00:00:00+00:00,0.005096999928355217,0.005096999928355217,0.00434499979019165,0.00472299987450242,23551,0.0,0.0
2023-06-11 00:00:00+00:00,0.004722000099718571,0.004838999826461077,0.004643999971449375,0.004819999914616346,7423,0.0,0.0
2023-06-12 00:00:00+00:00,0.004815999884158373,0.005319999996572733,0.004511000122874975,0.005007999949157238,35538,0.0,0.0
2023-06-13 00:00:00+00:00,0.005007000174373388,0.0053079999051988125,0.004933999851346016,0.005272999871522188,15241,0.0,0.0
2023-06-14 00:00:00+00:00,0.005272999871522188,0.005452999845147133,0.005028000101447105,0.005144000053405762,13919,0.0,0.0
2023-06-15 00:00:00+00:00,0.005142000038176775,0.00546699995175004,0.005007000174373388,0.005237000063061714,30437,0.0,0.0
2023-06-16 00:00:00+00:00,0.005237000063061714,0.00545499986037612,0.005140999797731638,0.005427999887615442,21472,0.0,0.0
2023-06-17 00:00:00+00:00,0.005427999887615442,0.005661000031977892,0.005396000109612942,0.005483000073581934,19203,0.0,0.0
2023-06-18 00:00:00+00:00,0.005483000073581934,0.00558699993416667,0.005319000221788883,0.005408000200986862,9142,0.0,0.0
2023-06-19 00:00:00+00:00,0.005408000200986862,0.005590000189840794,0.005293999798595905,0.00558699993416667,11960,0.0,0.0
2023-06-20 00:00:00+00:00,0.005588999949395657,0.005683000199496746,0.005530999973416328,0.005644999910145998,10577,0.0,0.0
2023-06-21 00:00:00+00:00,0.005644999910145998,0.005789000075310469,0.00545400008559227,0.0055959997698664665,14351,0.0,0.0
2023-06-22 00:00:00+00:00,0.005594999995082617,0.005770999938249588,0.005452999845147133,0.0054779998026788235,6161,0.0,0.0
2023-06-23 00:00:00+00:00,0.0054790000431239605,0.005733999889343977,0.005462000146508217,0.005644999910145998,13024,0.0,0.0
2023-06-24 00:00:00+00:00,0.005644999910145998,0.005748999770730734,0.0053010000847280025,0.0054259998723864555,10363,0.0,0.0
2023-06-25 00:00:00+00:00,0.0054259998723864555,0.005539000034332275,0.005319999996572733,0.005375999957323074,11120,0.0,0.0
2023-06-26 00:00:00+00:00,0.005375999957323074,0.0053900000639259815,0.005245999898761511,0.005388000048696995,7347,0.0,0.0
2023-06-27 00:00:00+00:00,0.0053889998234808445,0.005665000062435865,0.005363000091165304,0.0055970000103116035,9124,0.0,0.0
2023-06-28 00:00:00+00:00,0.0055970000103116035,0.005623000208288431,0.005249999929219484,0.005413000006228685,832,0.0,0.0
2023-06-29 00:00:00+00:00,0.005413000006228685,0.005688000004738569,0.005381000228226185,0.0056570000015199184,8225,0.0,0.0
2023-06-30 00:00:00+00:00,0.005661000031977892,0.005927999969571829,0.005410999990999699,0.005859000142663717,21622,0.0,0.0
2023-07-01 00:00:00+00:00,0.005859000142663717,0.006920000072568655,0.005809000227600336,0.006920000072568655,48599,0.0,0.0
2023-07-02 00:00:00+00:00,0.006920000072568655,0.0069240001030266285,0.006417999975383282,0.0066280001774430275,16053,0.0,0.0
2023-07-03 00:00:00+00:00,0.006630999967455864,0.007453000172972679,0.0064210002310574055,0.006754999980330467,69757,0.0,0.0
2023-07-04 00:00:00+00:00,0.006765000056475401,0.006934000179171562,0.006748999934643507,0.006920000072568655,8344,0.0,0.0
2023-07-05 00:00:00+00:00,0.006922000087797642,0.007116000168025494,0.004377000033855438,0.0061610001139342785,360036,0.0,0.0
2023-07-06 00:00:00+00:00,0.0061599998734891415,0.006295999977737665,0.005929000210016966,0.006165999919176102,26215,0.0,0.0
2023-07-07 00:00:00+00:00,0.0061690001748502254,0.006372000090777874,0.005956000182777643,0.006291999947279692,17139,0.0,0.0
2023-07-08 00:00:00+00:00,0.006291000172495842,0.006341999862343073,0.006107000168412924,0.006227999925613403,21866,0.0,0.0
2023-07-09 00:00:00+00:00,0.00622900016605854,0.006397000048309565,0.006207999773323536,0.006382000166922808,11577,0.0,0.0
2023-07-10 00:00:00+00:00,0.006382000166922808,0.006862000096589327,0.006101999897509813,0.006823999807238579,31133,0.0,0.0
2023-07-11 00:00:00+00:00,0.006823999807238579,0.007069000042974949,0.006680000107735395,0.007050999905914068,16252,0.0,0.0
2023-07-12 00:00:00+00:00,0.0070489998906850815,0.007147999946027994,0.006823000032454729,0.006852000020444393,14425,0.0,0.0
2023-07-13 00:00:00+00:00,0.006850999779999256,0.007449999917298555,0.006812999956309795,0.007333999965339899,29347,0.0,0.0
2023-07-14 00:00:00+00:00,0.007333999965339899,0.007546999957412481,0.007069999817758799,0.007147999946027994,36424,0.0,0.0
2023-07-15 00:00:00+00:00,0.007149000186473131,0.007362000178545713,0.00711899995803833,0.007306999992579222,10213,0.0,0.0
2023-07-16 00:00:00+00:00,0.0073079997673630714,0.008546999655663967,0.007213999982923269,0.008264999836683273,73853,0.0,0.0
2023-07-17 00:00:00+00:00,0.008267000317573547,0.010769999586045742,0.008078999817371368,0.010336999781429768,201017,0.0,0.0
2023-07-18 00:00:00+00:00,0.010338000021874905,0.010394000448286533,0.00875100027769804,0.009333999827504158,58715,0.0,0.0
2023-07-19 00:00:00+00:00,0.009335000067949295,0.009816000238060951,0.009236999787390232,0.009302999824285507,44134,0.0,0.0
2023-07-20 00:00:00+00:00,0.009301000274717808,0.009483999572694302,0.009038000367581844,0.009415999986231327,28027,0.0,0.0
2023-07-21 00:00:00+00:00,0.00941499974578619,0.00942699983716011,0.00861399993300438,0.008709000423550606,82843,0.0,0.0
2023-07-22 00:00:00+00:00,0.008705000393092632,0.008821000345051289,0.00774999987334013,0.0082590002566576,54460,0.0,0.0
2023-07-23 00:00:00+00:00,0.008258000016212463,0.008786999620497227,0.008077000267803669,0.008271999657154083,42518,0.0,0.0
2023-07-24 00:00:00+00:00,0.00827100034803152,0.008290999568998814,0.007801999803632498,0.008089999668300152,29903,0.0,0.0
2023-07-25 00:00:00+00:00,0.008090999908745289,0.008274000138044357,0.007734000217169523,0.00774999987334013,21935,0.0,0.0
2023-07-26 00:00:00+00:00,0.00774999987334013,0.008715000003576279,0.007734000217169523,0.00853700004518032,32583,0.0,0.0
2023-07-27 00:00:00+00:00,0.00853700004518032,0.008960000239312649,0.008310000412166119,0.008360999636352062,28624,0.0,0.0
2023-07-28 00:00:00+00:00,0.008363000117242336,0.00853199977427721,0.008328000083565712,0.008464000187814236,11047,0.0,0.0
2023-07-29 00:00:00+00:00,0.008464000187814236,0.008481999859213829,0.007966999895870686,0.008081999607384205,18799,0.0,0.0
2023-07-30 00:00:00+00:00,0.008081999607384205,0.008092000149190426,0.00784900039434433,0.00787500012665987,11333,0.0,0.0
2023-07-31 00:00:00+00:00,0.007872999645769596,0.007934000343084335,0.007594000082463026,0.0077149998396635056,10768,0.0,0.0
2023-08-01 00:00:00+00:00,0.007710999809205532,0.007838999852538109,0.007555999793112278,0.007646000012755394,12735,0.0,0.0
2023-08-02 00:00:00+00:00,0.007644999772310257,0.007726999931037426,0.0072639998979866505,0.007422999944537878,14160,0.0,0.0
2023-08-03 00:00:00+00:00,0.007422999944537878,0.0074880002066493034,0.007269999943673611,0.007486000191420317,11302,0.0,0.0
2023-08-04 00:00:00+00:00,0.00748400017619133,0.007879000157117844,0.007476999890059233,0.007753000129014254,14491,0.0,0.0
2023-08-05 00:00:00+00:00,0.007753000129014254,0.0077760000713169575,0.007559000048786402,0.007648000027984381,8457,0.0,0.0
2023-08-06 00:00:00+00:00,0.007646999787539244,0.0076779997907578945,0.007400999777019024,0.007404999807476997,11883,0.0,0.0
2023-08-07 00:00:00+00:00,0.007404000032693148,0.007914000190794468,0.007216999772936106,0.00749099999666214,37172,0.0,0.0
2023-08-08 00:00:00+00:00,0.007488999981433153,0.00763599993661046,0.0074800001457333565,0.007528000045567751,5656,0.0,0.0
2023-08-09 00:00:00+00:00,0.007528000045567751,0.007530000060796738,0.007189999800175428,0.00735899992287159,16993,0.0,0.0
2023-08-10 00:00:00+00:00,0.00735800014808774,0.007360999938100576,0.007232999894768,0.007249999791383743,3607,0.0,0.0
2023-08-11 00:00:00+00:00,0.007249999791383743,0.007275000214576721,0.007038000039756298,0.007160000037401915,6794,0.0,0.0
2023-08-12 00:00:00+00:00,0.007160000037401915,0.007342999801039696,0.007017999887466431,0.0071840002201497555,15343,0.0,0.0
2023-08-13 00:00:00+00:00,0.0071840002201497555,0.007619000039994717,0.007040000054985285,0.007602999918162823,15542,0.0,0.0
2023-08-14 00:00:00+00:00,0.00760400015860796,0.007939999923110008,0.007501000072807074,0.007929000072181225,23653,0.0,0.0
2023-08-15 00:00:00+00:00,0.007927999831736088,0.007942999713122845,0.006674000062048435,0.006674000062048435,38516,0.0,0.0
2023-08-16 00:00:00+00:00,0.006674000062048435,0.007007000036537647,0.0066709998063743114,0.006858000066131353,24081,0.0,0.0
2023-08-17 00:00:00+00:00,0.006858000066131353,0.006910999771207571,0.0061599998734891415,0.006240000016987324,11353,0.0,0.0
2023-08-18 00:00:00+00:00,0.00624299980700016,0.006318000145256519,0.006047999951988459,0.006155999843031168,19891,0.0,0.0
2023-08-19 00:00:00+00:00,0.006157000083476305,0.006194999907165766,0.006053999997675419,0.006140999961644411,6365,0.0,0.0
2023-08-20 00:00:00+00:00,0.006142000202089548,0.006287999916821718,0.00609100004658103,0.0062500000931322575,6527,0.0,0.0
2023-08-21 00:00:00+00:00,0.0062489998526871204,0.006304000038653612,0.006022000219672918,0.00622900016605854,8128,0.0,0.0
2023-08-22 00:00:00+00:00,0.006219999864697456,0.006262999959290028,0.0060270000249147415,0.006167000159621239,7309,0.0,0.0
2023-08-23 00:00:00+00:00,0.0061690001748502254,0.0062939999625086784,0.005865999963134527,0.006031000055372715,15851,0.0,0.0
2023-08-24 00:00:00+00:00,0.006031000055372715,0.006132000125944614,0.005894999951124191,0.00595800019800663,4066,0.0,0.0
2023-08-25 00:00:00+00:00,0.00595800019800663,0.006066999863833189,0.005797000136226416,0.006066999863833189,10903,0.0,0.0
2023-08-26 00:00:00+00:00,0.006066999863833189,0.006082000210881233,0.00584599981084466,0.0058479998260736465,5727,0.0,0.0
2023-08-27 00:00:00+00:00,0.0058479998260736465,0.005956000182777643,0.005810000002384186,0.0059540001675486565,7221,0.0,0.0
2023-08-28 00:00:00+00:00,0.005954999942332506,0.005954999942332506,0.0057379999198019505,0.005754000041633844,5313,0.0,0.0
2023-08-29 00:00:00+00:00,0.005752999801188707,0.006080999970436096,0.005669999867677689,0.005750999785959721,8968,0.0,0.0
2023-08-30 00:00:00+00:00,0.005752999801188707,0.005814000032842159,0.005644999910145998,0.005679999943822622,6359,0.0,0.0
2023-08-31 00:00:00+00:00,0.005681000184267759,0.005681000184267759,0.0053969998843967915,0.005437999963760376,7831,0.0,0.0
2023-09-01 00:00:00+00:00,0.005437999963760376,0.0054709999822080135,0.0052109998650848866,0.005257000215351582,5066,0.0,0.0
2023-09-02 00:00:00+00:00,0.005257000215351582,0.00532899983227253,0.005249000154435635,0.005276999901980162,3416,0.0,0.0
2023-09-03 00:00:00+00:00,0.005278000142425299,0.005307000130414963,0.005193999968469143,0.005229000002145767,7544,0.0,0.0
2023-09-04 00:00:00+00:00,0.0052280002273619175,0.005336000118404627,0.005222000181674957,0.005324999801814556,4044,0.0,0.0
2023-09-05 00:00:00+00:00,0.005324999801814556,0.005324999801814556,0.005193000193685293,0.00521400012075901,3855,0.0,0.0
2023-09-06 00:00:00+00:00,0.00521499989554286,0.005270000081509352,0.005171999800950289,0.005233000032603741,3137,0.0,0.0
2023-09-07 00:00:00+00:00,0.00523399980738759,0.0052720000967383385,0.005142999812960625,0.00522099994122982,4236,0.0,0.0
2023-09-08 00:00:00+00:00,0.0052189999260008335,0.005255000200122595,0.00509499991312623,0.005140999797731638,6429,0.0,0.0
2023-09-09 00:00:00+00:00,0.005142000038176775,0.0052089998498559,0.005117000080645084,0.0052089998498559,5715,0.0,0.0
2023-09-10 00:00:00+00:00,0.0052089998498559,0.0052089998498559,0.005011000204831362,0.0050130002200603485,5040,0.0,0.0
2023-09-11 00:00:00+00:00,0.0050130002200603485,0.005016999784857035,0.004660999868065119,0.004712000023573637,6199,0.0,0.0
2023-09-12 00:00:00+00:00,0.004712000023573637,0.004892999771982431,0.004693000111728907,0.004815000109374523,5810,0.0,0.0
2023-09-13 00:00:00+00:00,0.004811999853700399,0.0050490000285208225,0.004784999880939722,0.005016999784857035,9467,0.0,0.0
2023-09-14 00:00:00+00:00,0.005016999784857035,0.00506999995559454,0.004954999778419733,0.004970000125467777,3044,0.0,0.0
2023-09-15 00:00:00+00:00,0.004970000125467777,0.0050559998489916325,0.00493700010702014,0.005026999861001968,3506,0.0,0.0
2023-09-16 00:00:00+00:00,0.005024999845772982,0.00506300013512373,0.004951999988406897,0.004964000079780817,2627,0.0,0.0
2023-09-17 00:00:00+00:00,0.004964000079780817,0.004985000006854534,0.004920000210404396,0.004954000003635883,3726,0.0,0.0
2023-09-18 00:00:00+00:00,0.004953000228852034,0.004982999991625547,0.004699999932199717,0.0047149998135864735,11004,0.0,0.0
2023-09-19 00:00:00+00:00,0.0047149998135864735,0.004776999820023775,0.004681999795138836,0.0047079999931156635,9326,0.0,0.0
2023-09-20 00:00:00+00:00,0.004708999767899513,0.004739999771118164,0.004521999973803759,0.004538999870419502,14812,0.0,0.0
2023-09-21 00:00:00+00:00,0.004538999870419502,0.004639999940991402,0.0044559999369084835,0.004569999873638153,5976,0.0,0.0
2023-09-22 00:00:00+00:00,0.004569999873638153,0.004594000056385994,0.004410000052303076,0.004430000204592943,6634,0.0,0.0
2023-09-23 00:00:00+00:00,0.004430000204592943,0.004468999803066254,0.004370999988168478,0.004424000158905983,4761,0.0,0.0
2023-09-24 00:00:00+00:00,0.004424000158905983,0.004426999948918819,0.004093999974429607,0.004155000206083059,9323,0.0,0.0
2023-09-25 00:00:00+00:00,0.004155999980866909,0.005044000223278999,0.004149999935179949,0.004953000228852034,25696,0.0,0.0
2023-09-26 00:00:00+00:00,0.004953000228852034,0.005024000070989132,0.004848000127822161,0.0048940000124275684,3309,0.0,0.0
2023-09-27 00:00:00+00:00,0.004892999771982431,0.004910000134259462,0.004695000126957893,0.004714000038802624,4518,0.0,0.0
2023-09-28 00:00:00+00:00,0.004714000038802624,0.004730999935418367,0.004525000229477882,0.0045900000259280205,15647,0.0,0.0
2023-09-29 00:00:00+00:00,0.0045900000259280205,0.004637000150978565,0.004449999891221523,0.004476999863982201,5213,0.0,0.0
2023-09-30 00:00:00+00:00,0.004476999863982201,0.004478000104427338,0.004234000109136105,0.004315999802201986,14618,0.0,0.0
2023-10-01 00:00:00+00:00,0.004315999802201986,0.004391999915242195,0.004234999883919954,0.004389000125229359,6846,0.0,0.0
2023-10-02 00:00:00+00:00,0.004389000125229359,0.004459999967366457,0.0042779999785125256,0.004310999996960163,10336,0.0,0.0
2023-10-03 00:00:00+00:00,0.004310000222176313,0.004366000182926655,0.0042779999785125256,0.004329000134021044,5372,0.0,0.0
2023-10-04 00:00:00+00:00,0.004329000134021044,0.004534999839961529,0.004248000215739012,0.004408000037074089,19347,0.0,0.0
2023-10-05 00:00:00+00:00,0.004408000037074089,0.004650999791920185,0.004399999976158142,0.004497999791055918,10781,0.0,0.0
2023-10-06 00:00:00+00:00,0.004499000031501055,0.004623000044375658,0.004449999891221523,0.004480000119656324,9771,0.0,0.0
2023-10-07 00:00:00+00:00,0.004480000119656324,0.004488999955356121,0.0042849997989833355,0.0042929998598992825,6308,0.0,0.0
2023-10-08 00:00:00+00:00,0.0042929998598992825,0.004308999981731176,0.004209000151604414,0.004279999993741512,7133,0.0,0.0
2023-10-09 00:00:00+00:00,0.004279999993741512,0.00430000014603138,0.004100999794900417,0.004114000126719475,4968,0.0,0.0
2023-10-10 00:00:00+00:00,0.0041149999015033245,0.00430699996650219,0.004058999940752983,0.0042570000514388084,27837,0.0,0.0
2023-10-11 00:00:00+00:00,0.004257999826222658,0.004282999783754349,0.0040480000898242,0.004104000050574541,13284,0.0,0.0
2023-10-12 00:00:00+00:00,0.004102999810129404,0.004209999926388264,0.004046999849379063,0.004170999862253666,10385,0.0,0.0
2023-10-13 00:00:00+00:00,0.004172000102698803,0.0042409999296069145,0.004155999980866909,0.004184999968856573,4118,0.0,0.0
2023-10-14 00:00:00+00:00,0.004184999968856573,0.004201000090688467,0.004062999971210957,0.004147999919950962,11453,0.0,0.0
2023-10-15 00:00:00+00:00,0.004149000160396099,0.004228000063449144,0.004100000020116568,0.004120999947190285,7786,0.0,0.0
2023-10-16 00:00:00+00:00,0.004122000187635422,0.004236000124365091,0.004120999947190285,0.004162000026553869,4596,0.0,0.0
2023-10-17 00:00:00+00:00,0.004162000026553869,0.004304999951273203,0.004046999849379063,0.004222999792546034,9944,0.0,0.0
2023-10-18 00:00:00+00:00,0.004222999792546034,0.0042570000514388084,0.004126000218093395,0.004135000053793192,2613,0.0,0.0
2023-10-19 00:00:00+00:00,0.004135000053793192,0.004147000145167112,0.004089999943971634,0.004126000218093395,3370,0.0,0.0
2023-10-20 00:00:00+00:00,0.004126999992877245,0.004191999789327383,0.004058000165969133,0.004091999959200621,6182,0.0,0.0
2023-10-21 00:00:00+00:00,0.004091000184416771,0.004131999798119068,0.004033000208437443,0.004087999928742647,5323,0.0,0.0
2023-10-22 00:00:00+00:00,0.004087999928742647,0.004137999843806028,0.003826000029221177,0.004126000218093395,16861,0.0,0.0
2023-10-23 00:00:00+00:00,0.004139999859035015,0.0041600000113248825,0.003992000129073858,0.004089999943971634,8864,0.0,0.0
2023-10-24 00:00:00+00:00,0.004093000199645758,0.004267000127583742,0.003942000214010477,0.003969999961555004,13427,0.0,0.0
2023-10-25 00:00:00+00:00,0.003971999976783991,0.004038000013679266,0.003587000072002411,0.003722999943420291,16110,0.0,0.0
2023-10-26 00:00:00+00:00,0.0037239999510347843,0.004025000147521496,0.003720999928191304,0.0037720000836998224,15743,0.0,0.0
2023-10-27 00:00:00+00:00,0.003773000091314316,0.0038419999182224274,0.00369199994020164,0.003745999885722995,5294,0.0,0.0
2023-10-28 00:00:00+00:00,0.003746999893337488,0.003877999959513545,0.003708000062033534,0.0038469999562948942,9529,0.0,0.0
2023-10-29 00:00:00+00:00,0.0038479999639093876,0.0038530000019818544,0.003742000088095665,0.003800000064074993,5210,0.0,0.0
2023-10-30 00:00:00+00:00,0.003800000064074993,0.0038799999747425318,0.0037330000195652246,0.0038739999290555716,6625,0.0,0.0
2023-10-31 00:00:00+00:00,0.0038739999290555716,0.004019000101834536,0.0035540000535547733,0.0037670000456273556,28960,0.0,0.0
2023-11-01 00:00:00+00:00,0.0037670000456273556,0.004050000105053186,0.0036989999935030937,0.004046999849379063,21433,0.0,0.0
2023-11-02 00:00:00+00:00,0.0040480000898242,0.0041589997708797455,0.0038300000596791506,0.003926999866962433,16951,0.0,0.0
2023-11-03 00:00:00+00:00,0.003926999866962433,0.004040999803692102,0.003823000006377697,0.003992000129073858,9014,0.0,0.0
2023-11-04 00:00:00+00:00,0.003992000129073858,0.004089999943971634,0.003955000080168247,0.004009000025689602,7700,0.0,0.0
2023-11-05 00:00:00+00:00,0.004009999800473452,0.004327000118792057,0.003996000159531832,0.0040710000321269035,17726,0.0,0.0
2023-11-06 00:00:00+00:00,0.0040699997916817665,0.004269000142812729,0.004033000208437443,0.004226000048220158,7205,0.0,0.0
2023-11-07 00:00:00+00:00,0.004224999807775021,0.004238999914377928,0.0039079999551177025,0.003969999961555004,15725,0.0,0.0
2023-11-08 00:00:00+00:00,0.003971000202000141,0.004149000160396099,0.0038240000139921904,0.003889000043272972,17120,0.0,0.0
2023-11-09 00:00:00+00:00,0.0038840000052005053,0.0038920000661164522,0.0036929999478161335,0.0038330000825226307,9726,0.0,0.0
2023-11-10 00:00:00+00:00,0.0038330000825226307,0.003932999912649393,0.0037219999358057976,0.0037330000195652246,5600,0.0,0.0
2023-11-11 00:00:00+00:00,0.0037320000119507313,0.0037799999117851257,0.003664999967440963,0.003711000084877014,4569,0.0,0.0
2023-11-12 00:00:00+00:00,0.003710000077262521,0.0037620000075548887,0.0036180000752210617,0.003653000108897686,9895,0.0,0.0
2023-11-13 00:00:00+00:00,0.003653000108897686,0.003745000110939145,0.0034809999633580446,0.0035379999317228794,15126,0.0,0.0
2023-11-14 00:00:00+00:00,0.0035349999088793993,0.0035689999349415302,0.00317499996162951,0.003292999928817153,25582,0.0,0.0
2023-11-15 00:00:00+00:00,0.003292999928817153,0.003396000014618039,0.0032190000638365746,0.0033950000070035458,8786,0.0,0.0
2023-11-16 00:00:00+00:00,0.0033939999993890524,0.0034209999721497297,0.0031419999431818724,0.00317799998447299,4941,0.0,0.0
2023-11-17 00:00:00+00:00,0.00317799998447299,0.003215000033378601,0.0030720001086592674,0.003134000115096569,6820,0.0,0.0
2023-11-18 00:00:00+00:00,0.003135999897494912,0.0031389999203383923,0.003060000017285347,0.0030960000585764647,3970,0.0,0.0
2023-11-19 00:00:00+00:00,0.0030960000585764647,0.0030960000585764647,0.0030219999607652426,0.0030479999259114265,2518,0.0,0.0
2023-11-20 00:00:00+00:00,0.0030479999259114265,0.0032220000866800547,0.0029849999118596315,0.0030930000357329845,3930,0.0,0.0
2023-11-21 00:00:00+00:00,0.0030930000357329845,0.0032659999560564756,0.002744999947026372,0.0027809999883174896,9139,0.0,0.0
2023-11-22 00:00:00+00:00,0.002778999973088503,0.002930999966338277,0.0027779999654740095,0.0028260000981390476,7337,0.0,0.0
2023-11-23 00:00:00+00:00,0.0028260000981390476,0.002848000032827258,0.002722000004723668,0.0027979998849332333,11987,0.0,0.0
2023-11-24 00:00:00+00:00,0.0027979998849332333,0.0028800000436604023,0.0027920000720769167,0.0028800000436604023,7159,0.0,0.0
2023-11-25 00:00:00+00:00,0.002879000036045909,0.0029170000925660133,0.002744999947026372,0.0027540000155568123,10745,0.0,0.0
2023-11-26 00:00:00+00:00,0.0027550000231713057,0.0027550000231713057,0.002630000002682209,0.0026539999525994062,4732,0.0,0.0
2023-11-27 00:00:00+00:00,0.0026519999373704195,0.002662000013515353,0.0024109999649226665,0.002512000035494566,8314,0.0,0.0
2023-11-28 00:00:00+00:00,0.002512000035494566,0.0025220001116394997,0.0024590000975877047,0.0024949999060481787,5236,0.0,0.0
2023-11-29 00:00:00+00:00,0.0024949999060481787,0.0025279999244958162,0.0024510000366717577,0.0024659999180585146,3206,0.0,0.0
2023-11-30 00:00:00+00:00,0.0024659999180585146,0.0025229998864233494,0.002449000021442771,0.0025220001116394997,3967,0.0,0.0
2023-12-01 00:00:00+00:00,0.0025229998864233494,0.0026420000940561295,0.0025140000507235527,0.0025730000343173742,9521,0.0,0.0
2023-12-02 00:00:00+00:00,0.0025730000343173742,0.0025909999385476112,0.002520000096410513,0.002572000026702881,2756,0.0,0.0
2023-12-03 00:00:00+00:00,0.0025730000343173742,0.002598999999463558,0.0025289999321103096,0.0025569999124854803,3145,0.0,0.0
2023-12-04 00:00:00+00:00,0.0025569999124854803,0.002618999918922782,0.0024510000366717577,0.0025530001148581505,4861,0.0,0.0
2023-12-05 00:00:00+00:00,0.0025530001148581505,0.0025730000343173742,0.0024979999288916588,0.0025530001148581505,7094,0.0,0.0
2023-12-06 00:00:00+00:00,0.0025530001148581505,0.002583000110462308,0.0024900001008063555,0.002492000116035342,2144,0.0,0.0
2023-12-07 00:00:00+00:00,0.002492000116035342,0.002546000061556697,0.0024840000551193953,0.002535999985411763,2513,0.0,0.0
2023-12-08 00:00:00+00:00,0.00253499997779727,0.002870999975129962,0.0025339999701827765,0.0028699999675154686,21263,0.0,0.0
2023-12-09 00:00:00+00:00,0.0028699999675154686,0.002940000034868717,0.0027799999807029963,0.00279600010253489,5384,0.0,0.0
2023-12-10 00:00:00+00:00,0.0027970001101493835,0.0028329999186098576,0.00267999991774559,0.0027149999514222145,5111,0.0,0.0
2023-12-11 00:00:00+00:00,0.002715999959036708,0.0028180000372231007,0.0026140001136809587,0.0028180000372231007,2339,0.0,0.0
2023-12-12 00:00:00+00:00,0.0028180000372231007,0.0029440000653266907,0.0028119999915361404,0.0029170000925660133,2832,0.0,0.0
2023-12-13 00:00:00+00:00,0.0029100000392645597,0.002919000107795,0.002804999938234687,0.0028669999446719885,2082,0.0,0.0
2023-12-14 00:00:00+00:00,0.002865999937057495,0.0028880001045763493,0.0028150000143796206,0.0028729999903589487,1800,0.0,0.0
2023-12-15 00:00:00+00:00,0.0028729999903589487,0.0028729999903589487,0.0027459999546408653,0.0027620000764727592,1873,0.0,0.0
2023-12-16 00:00:00+00:00,0.0027620000764727592,0.0028039999306201935,0.002742999931797385,0.0027860000263899565,1977,0.0,0.0
2023-12-17 00:00:00+00:00,0.0027860000263899565,0.0028150000143796206,0.002735000103712082,0.0027749999426305294,4805,0.0,0.0
2023-12-18 00:00:00+00:00,0.0027719999197870493,0.0027809999883174896,0.0025909999385476112,0.002687999978661537,4812,0.0,0.0
2023-12-19 00:00:00+00:00,0.002686999971047044,0.0028540000785142183,0.002686999971047044,0.0028329999186098576,2961,0.0,0.0
2023-12-20 00:00:00+00:00,0.0028329999186098576,0.0028929999098181725,0.0027920000720769167,0.0028780000284314156,6556,0.0,0.0
2023-12-21 00:00:00+00:00,0.002879000036045909,0.0028989999555051327,0.002652999944984913,0.0027620000764727592,13134,0.0,0.0
2023-12-22 00:00:00+00:00,0.0027630000840872526,0.002812999999150634,0.002563999965786934,0.0026579999830573797,15525,0.0,0.0
2023-12-23 00:00:00+00:00,0.0026579999830573797,0.0027749999426305294,0.002606000052765012,0.002698000054806471,10690,0.0,0.0
2023-12-24 00:00:00+00:00,0.0026970000471919775,0.0027099999133497477,0.002623999956995249,0.0026489999145269394,2033,0.0,0.0
2023-12-25 00:00:00+00:00,0.0026469998992979527,0.0027099999133497477,0.002621999941766262,0.002678999910131097,6487,0.0,0.0
2023-12-26 00:00:00+00:00,0.002678999910131097,0.0029219998978078365,0.002644999884068966,0.0028589998837560415,4109,0.0,0.0
2023-12-27 00:00:00+00:00,0.0028589998837560415,0.0029810001142323017,0.002744999947026372,0.0029810001142323017,11093,0.0,0.0
2023-12-28 00:00:00+00:00,0.0029810001142323017,0.0033340000081807375,0.0029780000913888216,0.003014999907463789,28216,0.0,0.0
2023-12-29 00:00:00+00:00,0.003019999945536256,0.003037000074982643,0.002810999983921647,0.0028260000981390476,13045,0.0,0.0
2023-12-30 00:00:00+00:00,0.0028260000981390476,0.0028860000893473625,0.002812999999150634,0.0028490000404417515,2879,0.0,0.0
2023-12-31 00:00:00+00:00,0.0028490000404417515,0.0029150000773370266,0.002658999990671873,0.00266700005158782,10786,0.0,0.0
2024-01-01 00:00:00+00:00,0.00266700005158782,0.002759000053629279,0.0025820001028478146,0.0027580000460147858,10197,0.0,0.0
2024-01-02 00:00:00+00:00,0.0027580000460147858,0.0028359999414533377,0.002678999910131097,0.002725000027567148,9479,0.0,0.0
2024-01-03 00:00:00+00:00,0.002725000027567148,0.0028119999915361404,0.00253800000064075,0.002553999889642,14073,0.0,0.0
2024-01-04 00:00:00+00:00,0.002553999889642,0.0026569999754428864,0.002553999889642,0.0026400000788271427,7410,0.0,0.0
2024-01-05 00:00:00+00:00,0.0026400000788271427,0.002644999884068966,0.0024850000627338886,0.0025599999353289604,5375,0.0,0.0
2024-01-06 00:00:00+00:00,0.0025599999353289604,0.0025599999353289604,0.0024190000258386135,0.002461999887600541,6028,0.0,0.0
2024-01-07 00:00:00+00:00,0.002461999887600541,0.0024689999409019947,0.0024170000106096268,0.0024170000106096268,1415,0.0,0.0
2024-01-08 00:00:00+00:00,0.0024170000106096268,0.002471999963745475,0.002374999923631549,0.0024500000290572643,5523,0.0,0.0
2024-01-09 00:00:00+00:00,0.0024500000290572643,0.002454000059515238,0.002383999992161989,0.002420000033453107,2376,0.0,0.0
2024-01-10 00:00:00+00:00,0.002420000033453107,0.002483000047504902,0.0023449999280273914,0.002483000047504902,4154,0.0,0.0
2024-01-11 00:00:00+00:00,0.002483000047504902,0.002584999892860651,0.0024300001095980406,0.002457000082358718,13520,0.0,0.0
2024-01-12 00:00:00+00:00,0.002457000082358718,0.0025140000507235527,0.002346999943256378,0.0023739999160170555,5012,0.0,0.0
2024-01-13 00:00:00+00:00,0.0023739999160170555,0.002449000021442771,0.002305000089108944,0.002449000021442771,4294,0.0,0.0
2024-01-14 00:00:00+00:00,0.002449000021442771,0.0024610001128166914,0.002406999934464693,0.0024470000062137842,4114,0.0,0.0
2024-01-15 00:00:00+00:00,0.0024470000062137842,0.0025480000767856836,0.0024470000062137842,0.00253800000064075,1692,0.0,0.0
2024-01-16 00:00:00+00:00,0.00253800000064075,0.00253800000064075,0.0024900001008063555,0.0025059999898076057,2627,0.0,0.0
2024-01-17 00:00:00+00:00,0.0025059999898076057,0.002506999997422099,0.002365000080317259,0.0024139999877661467,8702,0.0,0.0
2024-01-18 00:00:00+00:00,0.0024139999877661467,0.0024739999789744616,0.0023990001063793898,0.0024270000867545605,9081,0.0,0.0
2024-01-19 00:00:00+00:00,0.0024270000867545605,0.0024560000747442245,0.0023640000727027655,0.0024560000747442245,4555,0.0,0.0
2024-01-20 00:00:00+00:00,0.0024560000747442245,0.0024590000975877047,0.0024319998919963837,0.0024500000290572643,2657,0.0,0.0
2024-01-21 00:00:00+00:00,0.0024500000290572643,0.0025049999821931124,0.002440999960526824,0.002492000116035342,5851,0.0,0.0
2024-01-22 00:00:00+00:00,0.002492000116035342,0.002492000116035342,0.0023880000226199627,0.00241199997253716,3786,0.0,0.0
2024-01-23 00:00:00+00:00,0.00241199997253716,0.0024429999757558107,0.0022509999107569456,0.0022670000325888395,4609,0.0,0.0
2024-01-24 00:00:00+00:00,0.0022670000325888395,0.002271000063046813,0.0022189998999238014,0.002251999918371439,2396,0.0,0.0
2024-01-25 00:00:00+00:00,0.002251999918371439,0.002251999918371439,0.002202000003308058,0.002228999976068735,1486,0.0,0.0
2024-01-26 00:00:00+00:00,0.002228999976068735,0.0023129999171942472,0.002228999976068735,0.00228899996727705,2214,0.0,0.0
2024-01-27 00:00:00+00:00,0.00228899996727705,0.0023690001107752323,0.002268000040203333,0.002368000103160739,6115,0.0,0.0
2024-01-28 00:00:00+00:00,0.002368000103160739,0.0023849999997764826,0.002343999920412898,0.002355000004172325,1615,0.0,0.0
2024-01-29 00:00:00+00:00,0.002355000004172325,0.002423000056296587,0.002355000004172325,0.0024220000486820936,1940,0.0,0.0
2024-01-30 00:00:00+00:00,0.0024220000486820936,0.002440999960526824,0.0023980000987648964,0.0024019998963922262,2205,0.0,0.0
2024-01-31 00:00:00+00:00,0.0024019998963922262,0.0024019998963922262,0.00227600010111928,0.0022770001087337732,3299,0.0,0.0
2024-02-01 00:00:00+00:00,0.0022770001087337732,0.00228899996727705,0.002245000097900629,0.0022770001087337732,1563,0.0,0.0
2024-02-02 00:00:00+00:00,0.0022770001087337732,0.0023010000586509705,0.0022640000097453594,0.0022899999748915434,2484,0.0,0.0
2024-02-03 00:00:00+00:00,0.0022899999748915434,0.0022960000205785036,0.002248999895527959,0.002248999895527959,1647,0.0,0.0
2024-02-04 00:00:00+00:00,0.002248999895527959,0.0022909999825060368,0.002230999991297722,0.0022670000325888395,1034,0.0,0.0
2024-02-05 00:00:00+00:00,0.0022670000325888395,0.002268000040203333,0.0022330000065267086,0.002237000036984682,1097,0.0,0.0
2024-02-06 00:00:00+00:00,0.002237000036984682,0.0022619999945163727,0.0021989999804645777,0.002254999941214919,4436,0.0,0.0
2024-02-07 00:00:00+00:00,0.002254999941214919,0.0022589999716728926,0.0021840000990778208,0.0022060000337660313,2722,0.0,0.0
2024-02-08 00:00:00+00:00,0.0022060000337660313,0.0022899999748915434,0.0022060000337660313,0.0022690000478178263,1309,0.0,0.0
2024-02-09 00:00:00+00:00,0.0022690000478178263,0.002297000028192997,0.0022509999107569456,0.002263000002130866,1788,0.0,0.0
2024-02-10 00:00:00+00:00,0.002263000002130866,0.002265000017359853,0.002205000026151538,0.002217999892309308,1857,0.0,0.0
2024-02-11 00:00:00+00:00,0.002217999892309308,0.002222999930381775,0.0021840000990778208,0.0021929999347776175,2851,0.0,0.0
2024-02-12 00:00:00+00:00,0.0021929999347776175,0.002208000048995018,0.0021440000273287296,0.002145000034943223,4750,0.0,0.0
2024-02-13 00:00:00+00:00,0.002145000034943223,0.0021550001110881567,0.0020600000862032175,0.002094999887049198,8106,0.0,0.0
2024-02-14 00:00:00+00:00,0.002094999887049198,0.0021830000914633274,0.002094999887049198,0.0021180000621825457,10343,0.0,0.0
2024-02-15 00:00:00+00:00,0.0021180000621825457,0.0023109999019652605,0.0021180000621825457,0.0022330000065267086,1052,0.0,0.0
2024-02-16 00:00:00+00:00,0.0022330000065267086,0.0023159999400377274,0.0022319999989122152,0.0022670000325888395,2961,0.0,0.0
2024-02-17 00:00:00+00:00,0.0022670000325888395,0.002268000040203333,0.0021830000914633274,0.0021959999576210976,1628,0.0,0.0
2024-02-18 00:00:00+00:00,0.0021959999576210976,0.0022249999456107616,0.00216299993917346,0.00216599996201694,1282,0.0,0.0
2024-02-19 00:00:00+00:00,0.00216599996201694,0.002191999927163124,0.0021619999315589666,0.0021689999848604202,1191,0.0,0.0
2024-02-20 00:00:00+00:00,0.0021689999848604202,0.0022150001022964716,0.0021120000164955854,0.0021410000044852495,2752,0.0,0.0
2024-02-21 00:00:00+00:00,0.0021410000044852495,0.0022730000782757998,0.0021359999664127827,0.0022730000782757998,1770,0.0,0.0
2024-02-22 00:00:00+00:00,0.0022730000782757998,0.0023139999248087406,0.0022730000782757998,0.0022950000129640102,608,0.0,0.0
2024-02-23 00:00:00+00:00,0.0022950000129640102,0.00253800000064075,0.002176000038161874,0.002524999901652336,17832,0.0,0.0
2024-02-24 00:00:00+00:00,0.002524999901652336,0.002580000087618828,0.0024250000715255737,0.0024300001095980406,8006,0.0,0.0
2024-02-25 00:00:00+00:00,0.0024300001095980406,0.0024659999180585146,0.0024109999649226665,0.0024610001128166914,715,0.0,0.0
2024-02-26 00:00:00+00:00,0.0024610001128166914,0.0025760000571608543,0.002435999922454357,0.002563999965786934,3541,0.0,0.0
2024-02-27 00:00:00+00:00,0.002563999965786934,0.002563999965786934,0.0024850000627338886,0.002491000108420849,1653,0.0,0.0
2024-02-28 00:00:00+00:00,0.002491000108420849,0.002643000101670623,0.0024759999942034483,0.0025770000647753477,2006,0.0,0.0
2024-02-29 00:00:00+00:00,0.0025770000647753477,0.002618999918922782,0.0024349999148398638,0.0024790000170469284,10896,0.0,0.0
2024-03-01 00:00:00+00:00,0.0024790000170469284,0.002526999916881323,0.0024739999789744616,0.0025239998940378428,1946,0.0,0.0
2024-03-02 00:00:00+00:00,0.0025239998940378428,0.002566999988630414,0.002512000035494566,0.002535999985411763,2327,0.0,0.0
2024-03-03 00:00:00+00:00,0.002535999985411763,0.0025820001028478146,0.002500999951735139,0.002572000026702881,4789,0.0,0.0
2024-03-04 00:00:00+00:00,0.002572000026702881,0.002647999906912446,0.002558999927714467,0.002647999906912446,4855,0.0,0.0
2024-03-05 00:00:00+00:00,0.002647999906912446,0.00266400002874434,0.0023320000618696213,0.002429000101983547,5329,0.0,0.0
2024-03-06 00:00:00+00:00,0.002429000101983547,0.0026809999253600836,0.002429000101983547,0.0026499999221414328,3937,0.0,0.0
2024-03-07 00:00:00+00:00,0.0026499999221414328,0.0027910000644624233,0.002601000014692545,0.00278700003400445,4722,0.0,0.0
2024-03-08 00:00:00+00:00,0.00278700003400445,0.004126000218093395,0.002770999912172556,0.0036359999794512987,95088,0.0,0.0
2024-03-09 00:00:00+00:00,0.0036359999794512987,0.0036979999858886003,0.003570999950170517,0.0036120000295341015,8593,0.0,0.0
2024-03-10 00:00:00+00:00,0.0036120000295341015,0.004015999846160412,0.003599999938160181,0.003926000092178583,10348,0.0,0.0
2024-03-11 00:00:00+00:00,0.003926000092178583,0.004170999862253666,0.0028409999795258045,0.0037169998977333307,139706,0.0,0.0
2024-03-12 00:00:00+00:00,0.0037169998977333307,0.003969000186771154,0.0037169998977333307,0.003920000046491623,8632,0.0,0.0
2024-03-13 00:00:00+00:00,0.003920000046491623,0.004472000058740377,0.0038799999747425318,0.004472000058740377,9490,0.0,0.0
2024-03-14 00:00:00+00:00,0.004472000058740377,0.004767999984323978,0.004430999979376793,0.00471699982881546,20009,0.0,0.0
2024-03-15 00:00:00+00:00,0.00471699982881546,0.004741999786347151,0.004224000032991171,0.004683000035583973,13671,0.0,0.0
2024-03-16 00:00:00+00:00,0.004683000035583973,0.004856000188738108,0.004129999782890081,0.004160999786108732,19233,0.0,0.0
2024-03-17 00:00:00+00:00,0.004160999786108732,0.004189999774098396,0.003596999915316701,0.003745000110939145,31274,0.0,0.0
2024-03-18 00:00:00+00:00,0.003693999955430627,0.003748999908566475,0.0033939999993890524,0.0035459999926388264,11048,0.0,0.0
2024-03-19 00:00:00+00:00,0.0035459999926388264,0.003590000094845891,0.0030720001086592674,0.0031109999399632215,12505,0.0,0.0
2024-03-20 00:00:00+00:00,0.0031109999399632215,0.003481999970972538,0.0030990000814199448,0.003481999970972538,8372,0.0,0.0
2024-03-21 00:00:00+00:00,0.003481999970972538,0.003481999970972538,0.0032919999212026596,0.0033209999091923237,12236,0.0,0.0
2024-03-22 00:00:00+00:00,0.0033209999091923237,0.003527000080794096,0.0033030000049620867,0.0033629999961704016,7647,0.0,0.0
2024-03-23 00:00:00+00:00,0.0033629999961704016,0.00344299990683794,0.003343000076711178,0.0033519999124109745,3472,0.0,0.0
2024-03-24 00:00:00+00:00,0.0033519999124109745,0.0034370000939816236,0.003309000050649047,0.003421999979764223,2353,0.0,0.0
2024-03-25 00:00:00+00:00,0.003421999979764223,0.0035620001144707203,0.0033950000070035458,0.0035099999513477087,7200,0.0,0.0
2024-03-26 00:00:00+00:00,0.0035099999513477087,0.0036009999457746744,0.003318999893963337,0.0033309999853372574,14249,0.0,0.0
2024-03-27 00:00:00+00:00,0.0033309999853372574,0.003367000026628375,0.003155000042170286,0.0031880000606179237,5907,0.0,0.0
2024-03-28 00:00:00+00:00,0.0031880000606179237,0.0032740000169724226,0.0031880000606179237,0.003208999987691641,1844,0.0,0.0
2024-03-29 00:00:00+00:00,0.003208999987691641,0.003355999942868948,0.003208999987691641,0.0033179998863488436,5861,0.0,0.0
2024-03-30 00:00:00+00:00,0.0033179998863488436,0.0033179998863488436,0.0032470000442117453,0.0032510000746697187,1681,0.0,0.0
2024-03-31 00:00:00+00:00,0.0032510000746697187,0.003287999890744686,0.0032450000289827585,0.003275000024586916,3842,0.0,0.0
2024-04-01 00:00:00+00:00,0.003275000024586916,0.003275000024586916,0.0030559999868273735,0.003100000089034438,1167,0.0,0.0
2024-04-02 00:00:00+00:00,0.003100000089034438,0.003100000089034438,0.0029180001001805067,0.002930999966338277,1609,0.0,0.0
2024-04-03 00:00:00+00:00,0.002930999966338277,0.0030330000445246696,0.0029180001001805067,0.0029980000108480453,1631,0.0,0.0
2024-04-04 00:00:00+00:00,0.0029980000108480453,0.0030869999900460243,0.002974000060930848,0.0029929999727755785,8605,0.0,0.0
2024-04-05 00:00:00+00:00,0.0029929999727755785,0.003020999953150749,0.0029060000088065863,0.002966000000014901,1406,0.0,0.0
2024-04-06 00:00:00+00:00,0.002966000000014901,0.0030090000946074724,0.0029430000577121973,0.0029980000108480453,2511,0.0,0.0
2024-04-07 00:00:00+00:00,0.0029980000108480453,0.0030139998998492956,0.0029269999358803034,0.0029360000044107437,2122,0.0,0.0
2024-04-08 00:00:00+00:00,0.0029360000044107437,0.003014999907463789,0.0029239999130368233,0.0029700000304728746,1113,0.0,0.0
2024-04-09 00:00:00+00:00,0.0029700000304728746,0.0029700000304728746,0.0028699999675154686,0.0029120000544935465,2895,0.0,0.0
2024-04-10 00:00:00+00:00,0.0029120000544935465,0.003011999884620309,0.002862999914214015,0.003011999884620309,1508,0.0,0.0
2024-04-11 00:00:00+00:00,0.003011999884620309,0.0030499999411404133,0.002966000000014901,0.0029909999575465918,1190,0.0,0.0
2024-04-12 00:00:00+00:00,0.0029909999575465918,0.0030930000357329845,0.0028359999414533377,0.0028929999098181725,2980,0.0,0.0
2024-04-13 00:00:00+00:00,0.0028929999098181725,0.0028959999326616526,0.0025100000202655792,0.002724000019952655,2605,0.0,0.0
2024-04-14 00:00:00+00:00,0.002724000019952655,0.0027459999546408653,0.002630000002682209,0.0027459999546408653,3510,0.0,0.0
2024-04-15 00:00:00+00:00,0.0027459999546408653,0.0028230000752955675,0.0026779999025166035,0.0026950000319629908,1263,0.0,0.0
2024-04-16 00:00:00+00:00,0.0026950000319629908,0.0026950000319629908,0.0025309999473392963,0.002604000037536025,1139,0.0,0.0
2024-04-17 00:00:00+00:00,0.002604000037536025,0.0026360000483691692,0.002524999901652336,0.0025710000190883875,519,0.0,0.0
2024-04-18 00:00:00+00:00,0.0025710000190883875,0.0026489999145269394,0.0025710000190883875,0.002592999953776598,3703,0.0,0.0
2024-04-19 00:00:00+00:00,0.002592999953776598,0.0026459998916834593,0.0024999999441206455,0.002643000101670623,2443,0.0,0.0
2024-04-20 00:00:00+00:00,0.002643000101670623,0.00267999991774559,0.0026110000908374786,0.002672000089660287,986,0.0,0.0
2024-04-21 00:00:00+00:00,0.002672000089660287,0.0027340000960975885,0.002672000089660287,0.002730000065639615,1210,0.0,0.0
2024-04-22 00:00:00+00:00,0.002730000065639615,0.0028170000296086073,0.0026940000243484974,0.0027799999807029963,1898,0.0,0.0
2024-04-23 00:00:00+00:00,0.0027799999807029963,0.0028329999186098576,0.0027779999654740095,0.0028099999763071537,1653,0.0,0.0
2024-04-24 00:00:00+00:00,0.0028099999763071537,0.002841999987140298,0.0027260000351816416,0.0027620000764727592,1822,0.0,0.0
2024-04-25 00:00:00+00:00,0.0027620000764727592,0.0028019999153912067,0.002749999985098839,0.002788000041618943,1097,0.0,0.0
2024-04-26 00:00:00+00:00,0.002788000041618943,0.0028059999458491802,0.0027260000351816416,0.002773999935016036,2980,0.0,0.0
2024-04-27 00:00:00+00:00,0.002773999935016036,0.0028059999458491802,0.0027260000351816416,0.0027979998849332333,3105,0.0,0.0
2024-04-28 00:00:00+00:00,0.0027979998849332333,0.0028589998837560415,0.0027979998849332333,0.002856000093743205,293,0.0,0.0
2024-04-29 00:00:00+00:00,0.002856000093743205,0.002856000093743205,0.0027469999622553587,0.002747999969869852,2907,0.0,0.0
2024-04-30 00:00:00+00:00,0.002747999969869852,0.0027729999274015427,0.002578000072389841,0.0026459998916834593,1075,0.0,0.0
2024-05-01 00:00:00+00:00,0.0026459998916834593,0.0026459998916834593,0.0024770000018179417,0.002561999950557947,1893,0.0,0.0
2024-05-02 00:00:00+00:00,0.002561999950557947,0.002583000110462308,0.0025080000050365925,0.0025659999810159206,1868,0.0,0.0
2024-05-03 00:00:00+00:00,0.0025659999810159206,0.002669000066816807,0.0025500000920146704,0.002669000066816807,203,0.0,0.0
2024-05-04 00:00:00+00:00,0.002669000066816807,0.00267699989490211,0.002650999929755926,0.002652999944984913,1165,0.0,0.0
2024-05-05 00:00:00+00:00,0.002652999944984913,0.0026910000015050173,0.002638000063598156,0.0026630000211298466,1173,0.0,0.0
2024-05-06 00:00:00+00:00,0.0026630000211298466,0.002701000077649951,0.0026310000102967024,0.0026549999602138996,479,0.0,0.0
2024-05-07 00:00:00+00:00,0.0026549999602138996,0.002741999924182892,0.0026390000712126493,0.002696000039577484,5017,0.0,0.0
2024-05-08 00:00:00+00:00,0.002696000039577484,0.0027360001113265753,0.0026859999634325504,0.0027310000732541084,948,0.0,0.0
2024-05-09 00:00:00+00:00,0.0027310000732541084,0.0027940000873059034,0.0026370000559836626,0.0026489999145269394,7698,0.0,0.0
2024-05-10 00:00:00+00:00,0.0026489999145269394,0.0026489999145269394,0.0025420000310987234,0.0025510000996291637,2482,0.0,0.0
2024-05-11 00:00:00+00:00,0.0025510000996291637,0.0025760000571608543,0.0025369999930262566,0.0025740000419318676,419,0.0,0.0
2024-05-12 00:00:00+00:00,0.0025740000419318676,0.002675000112503767,0.0025629999581724405,0.0025820001028478146,9379,0.0,0.0
2024-05-13 00:00:00+00:00,0.0025820001028478146,0.0025820001028478146,0.002549000084400177,0.0025579999200999737,1279,0.0,0.0
2024-05-14 00:00:00+00:00,0.0025579999200999737,0.0025579999200999737,0.0024190000258386135,0.0024240000639110804,943,0.0,0.0
2024-05-15 00:00:00+00:00,0.0024240000639110804,0.0024999999441206455,0.0024129999801516533,0.0024999999441206455,430,0.0,0.0
2024-05-16 00:00:00+00:00,0.0024999999441206455,0.0024999999441206455,0.0023990001063793898,0.0024109999649226665,480,0.0,0.0
2024-05-17 00:00:00+00:00,0.0024109999649226665,0.0024679999332875013,0.0024109999649226665,0.002435999922454357,620,0.0,0.0
2024-05-18 00:00:00+00:00,0.002435999922454357,0.0025059999898076057,0.0023880000226199627,0.002483000047504902,5196,0.0,0.0
2024-05-19 00:00:00+00:00,0.002483000047504902,0.0025229998864233494,0.002471999963745475,0.002500999951735139,4383,0.0,0.0
2024-05-20 00:00:00+00:00,0.002500999951735139,0.002526999916881323,0.002377999946475029,0.002463999902829528,2403,0.0,0.0
2024-05-21 00:00:00+00:00,0.002463999902829528,0.002607000060379505,0.002463999902829528,0.0025690000038594007,826,0.0,0.0
2024-05-22 00:00:00+00:00,0.0025690000038594007,0.002638000063598156,0.0025420000310987234,0.002616999903693795,4417,0.0,0.0
2024-05-23 00:00:00+00:00,0.002616999903693795,0.002630000002682209,0.002506999997422099,0.0025690000038594007,844,0.0,0.0
2024-05-24 00:00:00+00:00,0.0025690000038594007,0.0026000000070780516,0.0025420000310987234,0.002581000095233321,3591,0.0,0.0
2024-05-25 00:00:00+00:00,0.002581000095233321,0.0026700000744313,0.002581000095233321,0.002650999929755926,3012,0.0,0.0
2024-05-26 00:00:00+00:00,0.002650999929755926,0.0027570000384002924,0.002650999929755926,0.002736999886110425,3445,0.0,0.0
2024-05-27 00:00:00+00:00,0.002736999886110425,0.0027600000612437725,0.0026950000319629908,0.0026950000319629908,1492,0.0,0.0
2024-05-28 00:00:00+00:00,0.0026950000319629908,0.0026950000319629908,0.00254100002348423,0.0025510000996291637,2981,0.0,0.0
2024-05-29 00:00:00+00:00,0.0025510000996291637,0.002555999904870987,0.0025130000431090593,0.0025239998940378428,741,0.0,0.0
2024-05-30 00:00:00+00:00,0.0025239998940378428,0.0026229999493807554,0.0025130000431090593,0.0025309999473392963,4484,0.0,0.0
2024-05-31 00:00:00+00:00,0.0025309999473392963,0.0025500000920146704,0.0025160000659525394,0.00253800000064075,650,0.0,0.0
2024-06-01 00:00:00+00:00,0.00253800000064075,0.0025549998972564936,0.0025110000278800726,0.0025470000691711903,1903,0.0,0.0
2024-06-02 00:00:00+00:00,0.0025470000691711903,0.0025909999385476112,0.002483000047504902,0.002589999930933118,4263,0.0,0.0
2024-06-03 00:00:00+00:00,0.002589999930933118,0.002615999896079302,0.0025190000887960196,0.0025820001028478146,5234,0.0,0.0
2024-06-04 00:00:00+00:00,0.0025820001028478146,0.002940000034868717,0.0025820001028478146,0.002940000034868717,8045,0.0,0.0
2024-06-05 00:00:00+00:00,0.002940000034868717,0.003326999954879284,0.002940000034868717,0.003163000103086233,15723,0.0,0.0
2024-06-06 00:00:00+00:00,0.003163000103086233,0.0032909999135881662,0.003154000034555793,0.0031850000377744436,4099,0.0,0.0
2024-06-07 00:00:00+00:00,0.0031850000377744436,0.0031850000377744436,0.0028359999414533377,0.0028460000175982714,7009,0.0,0.0
2024-06-08 00:00:00+00:00,0.0028460000175982714,0.003002000041306019,0.0028009999077767134,0.0028470000252127647,18071,0.0,0.0
2024-06-09 00:00:00+00:00,0.0028470000252127647,0.002933999989181757,0.002812999999150634,0.0028899998869746923,5457,0.0,0.0
2024-06-10 00:00:00+00:00,0.0028899998869746923,0.0028899998869746923,0.00253800000064075,0.0025390000082552433,3598,0.0,0.0
2024-06-11 00:00:00+00:00,0.0025390000082552433,0.02733200043439865,0.002217999892309308,0.0023169999476522207,90773,0.0,0.0
2024-06-12 00:00:00+00:00,0.0023169999476522207,0.0023169999476522207,0.0022120000794529915,0.0022529999259859324,38783,0.0,0.0
2024-06-13 00:00:00+00:00,0.0022529999259859324,0.0022529999259859324,0.0021359999664127827,0.002142000012099743,4966,0.0,0.0
2024-06-14 00:00:00+00:00,0.002142000012099743,0.0021959999576210976,0.0021299999207258224,0.0021649999544024467,847,0.0,0.0
2024-06-15 00:00:00+00:00,0.0021649999544024467,0.002239000052213669,0.002133999951183796,0.002136999974027276,5821,0.0,0.0
2024-06-16 00:00:00+00:00,0.002136999974027276,0.0022299999836832285,0.002124000107869506,0.002228999976068735,3048,0.0,0.0
2024-06-17 00:00:00+00:00,0.002228999976068735,0.0022319999989122152,0.0021550001110881567,0.002217999892309308,4618,0.0,0.0
2024-06-18 00:00:00+00:00,0.002217999892309308,0.002217999892309308,0.002025000052526593,0.002056000055745244,2822,0.0,0.0
2024-06-19 00:00:00+00:00,0.002056000055745244,0.002114000031724572,0.002056000055745244,0.002059000078588724,1228,0.0,0.0
2024-06-20 00:00:00+00:00,0.002059000078588724,0.002082000020891428,0.002001000102609396,0.002001000102609396,934,0.0,0.0
2024-06-21 00:00:00+00:00,0.002001000102609396,0.0020719999447464943,0.0019839999731630087,0.001986999996006489,5062,0.0,0.0
2024-06-22 00:00:00+00:00,0.001986999996006489,0.001990000018849969,0.0019509999547153711,0.001959000015631318,1303,0.0,0.0
2024-06-23 00:00:00+00:00,0.001959000015631318,0.0020260000601410866,0.001959000015631318,0.001981999957934022,2508,0.0,0.0
2024-06-24 00:00:00+00:00,0.001981999957934022,0.001981999957934022,0.001917000045068562,0.0019480000482872128,1427,0.0,0.0
2024-06-25 00:00:00+00:00,0.0019480000482872128,0.001984999980777502,0.0019030000548809767,0.0019839999731630087,5046,0.0,0.0
2024-06-26 00:00:00+00:00,0.0019839999731630087,0.001986999996006489,0.0018949999939650297,0.0019049999536946416,3376,0.0,0.0
2024-06-27 00:00:00+00:00,0.0019049999536946416,0.001962000038474798,0.0018939999863505363,0.0019600000232458115,978,0.0,0.0
2024-06-28 00:00:00+00:00,0.0019600000232458115,0.001964000053703785,0.0019180000526830554,0.0019180000526830554,75,0.0,0.0
2024-06-29 00:00:00+00:00,0.0019180000526830554,0.0019369999645277858,0.0019180000526830554,0.0019290000200271606,475,0.0,0.0
2024-06-30 00:00:00+00:00,0.0019290000200271606,0.001993000041693449,0.0019259999971836805,0.001993000041693449,936,0.0,0.0
2024-07-01 00:00:00+00:00,0.001993000041693449,0.0020210000220686197,0.0019710001070052385,0.0020210000220686197,3589,0.0,0.0
2024-07-02 00:00:00+00:00,0.0020210000220686197,0.0020210000220686197,0.001988000003620982,0.002002999885007739,618,0.0,0.0
2024-07-03 00:00:00+00:00,0.002002999885007739,0.00203000009059906,0.0019310000352561474,0.0019320000428706408,5670,0.0,0.0
2024-07-04 00:00:00+00:00,0.0019320000428706408,0.0019320000428706408,0.001782999956049025,0.001782999956049025,2175,0.0,0.0
2024-07-05 00:00:00+00:00,0.001782999956049025,0.001782999956049025,0.0015920000150799751,0.0017219999572262168,2073,0.0,0.0
2024-07-06 00:00:00+00:00,0.0017219999572262168,0.0019829999655485153,0.0017219999572262168,0.001934999949298799,5658,0.0,0.0
2024-07-07 00:00:00+00:00,0.001934999949298799,0.001934999949298799,0.0017559999832883477,0.0017559999832883477,2885,0.0,0.0
2024-07-08 00:00:00+00:00,0.0017559999832883477,0.0018550000386312604,0.0016929999692365527,0.0017760000191628933,5529,0.0,0.0
2024-07-09 00:00:00+00:00,0.0017760000191628933,0.0018019999843090773,0.0017760000191628933,0.0017999999690800905,496,0.0,0.0
2024-07-10 00:00:00+00:00,0.0017999999690800905,0.0018360000103712082,0.0017960000550374389,0.001803999999538064,501,0.0,0.0
2024-07-11 00:00:00+00:00,0.001803999999538064,0.0018749999580904841,0.001803999999538064,0.0018289999570697546,626,0.0,0.0
2024-07-12 00:00:00+00:00,0.0018289999570697546,0.0018289999570697546,0.0017689999658614397,0.001803999999538064,2839,0.0,0.0
2024-07-13 00:00:00+00:00,0.001803999999538064,0.0018139999592676759,0.0017630000365898013,0.0017819999484345317,631,0.0,0.0
2024-07-14 00:00:00+00:00,0.0017819999484345317,0.00184599997010082,0.0017819999484345317,0.00184599997010082,2491,0.0,0.0
2024-07-15 00:00:00+00:00,0.00184599997010082,0.0019910000264644623,0.00184599997010082,0.001984999980777502,3128,0.0,0.0
2024-07-16 00:00:00+00:00,0.001984999980777502,0.0019940000493079424,0.0018720000516623259,0.0019570000004023314,2119,0.0,0.0
2024-07-17 00:00:00+00:00,0.0019570000004023314,0.001976999919861555,0.0019249999895691872,0.0019290000200271606,595,0.0,0.0
2024-07-18 00:00:00+00:00,0.0019290000200271606,0.0019490000559017062,0.0019109999993816018,0.0019340000580996275,466,0.0,0.0
2024-07-19 00:00:00+00:00,0.0019340000580996275,0.0019580000080168247,0.0018889999482780695,0.0019460000330582261,2097,0.0,0.0
2024-07-20 00:00:00+00:00,0.0019460000330582261,0.0019460000330582261,0.0019229999743402004,0.001930000027641654,517,0.0,0.0
2024-07-21 00:00:00+00:00,0.001930000027641654,0.001943000010214746,0.001883000019006431,0.0019420000026002526,1571,0.0,0.0
2024-07-22 00:00:00+00:00,0.0019420000026002526,0.0019499999471008778,0.0019049999536946416,0.001917000045068562,408,0.0,0.0
2024-07-23 00:00:00+00:00,0.001917000045068562,0.001917000045068562,0.0018439999548718333,0.0018500000005587935,640,0.0,0.0
2024-07-24 00:00:00+00:00,0.0018500000005587935,0.0018720000516623259,0.00184299994725734,0.00184299994725734,173,0.0,0.0
2024-07-25 00:00:00+00:00,0.00184299994725734,0.00184299994725734,0.0017750000115484,0.0018110000528395176,824,0.0,0.0
2024-07-26 00:00:00+00:00,0.0018110000528395176,0.001838000025600195,0.0018110000528395176,0.001838000025600195,747,0.0,0.0
2024-07-27 00:00:00+00:00,0.001838000025600195,0.001854000031016767,0.0018159999744966626,0.0018230000277981162,1066,0.0,0.0
2024-07-28 00:00:00+00:00,0.0018230000277981162,0.00184299994725734,0.0017450000159442425,0.001791000016964972,6390,0.0,0.0
2024-07-29 00:00:00+00:00,0.001791000016964972,0.001820000004954636,0.0016700000269338489,0.001686000032350421,4486,0.0,0.0
2024-07-30 00:00:00+00:00,0.001686000032350421,0.00171999994199723,0.0016670000040903687,0.00171999994199723,842,0.0,0.0
2024-07-31 00:00:00+00:00,0.00171999994199723,0.0017209999496117234,0.0016749999485909939,0.0016749999485909939,601,0.0,0.0
2024-08-01 00:00:00+00:00,0.0016749999485909939,0.0016850000247359276,0.0016070000128820539,0.0016830000095069408,1268,0.0,0.0
2024-08-02 00:00:00+00:00,0.0016830000095069408,0.0016830000095069408,0.0016189999878406525,0.0016189999878406525,740,0.0,0.0
2024-08-03 00:00:00+00:00,0.0016189999878406525,0.0016189999878406525,0.0015140000032261014,0.0015770000172778964,9433,0.0,0.0
2024-08-04 00:00:00+00:00,0.0015770000172778964,0.0015790000325068831,0.001382000045850873,0.0014420000370591879,11407,0.0,0.0
2024-08-05 00:00:00+00:00,0.0014420000370591879,0.0014420000370591879,0.0011439999798312783,0.0013539999490603805,19153,0.0,0.0
2024-08-06 00:00:00+00:00,0.0013539999490603805,0.001424000016413629,0.0013139999937266111,0.001344999996945262,5418,0.0,0.0
2024-08-07 00:00:00+00:00,0.001344999996945262,0.0013830000534653664,0.001310999970883131,0.001323999953456223,1194,0.0,0.0
2024-08-08 00:00:00+00:00,0.001323999953456223,0.0014430000446736813,0.0013160000089555979,0.0014430000446736813,902,0.0,0.0
2024-08-09 00:00:00+00:00,0.0014430000446736813,0.0014430000446736813,0.0013989999424666166,0.001420999993570149,708,0.0,0.0
2024-08-10 00:00:00+00:00,0.001420999993570149,0.0014410000294446945,0.0014169999631121755,0.0014410000294446945,596,0.0,0.0
2024-08-11 00:00:00+00:00,0.0014410000294446945,0.0014639999717473984,0.0013589999871328473,0.0013670000480487943,1052,0.0,0.0
2024-08-12 00:00:00+00:00,0.0013670000480487943,0.001395000028423965,0.001344999996945262,0.0013699999544769526,1060,0.0,0.0
2024-08-13 00:00:00+00:00,0.0013699999544769526,0.0013770000077784061,0.0013520000502467155,0.0013670000480487943,531,0.0,0.0
2024-08-14 00:00:00+00:00,0.0013670000480487943,0.0014100000262260437,0.0013670000480487943,0.0013780000153928995,2314,0.0,0.0
2024-08-15 00:00:00+00:00,0.0013780000153928995,0.0013940000208094716,0.0013500000350177288,0.0013760000001639128,712,0.0,0.0
2024-08-16 00:00:00+00:00,0.0013760000001639128,0.0013849999522790313,0.0013490000274032354,0.0013640000252053142,429,0.0,0.0
2024-08-17 00:00:00+00:00,0.0013640000252053142,0.0014440000522881746,0.0013630000175908208,0.0014260000316426158,2155,0.0,0.0
2024-08-18 00:00:00+00:00,0.0014260000316426158,0.0014260000316426158,0.0013729999773204327,0.0013729999773204327,1401,0.0,0.0
2024-08-19 00:00:00+00:00,0.0013729999773204327,0.0013780000153928995,0.001276999944821,0.0013050000416114926,5289,0.0,0.0
2024-08-20 00:00:00+00:00,0.0013119999784976244,0.00133500003721565,0.0012509999796748161,0.0012669999850913882,3338,0.0,0.0
2024-08-21 00:00:00+00:00,0.0012669999850913882,0.0012669999850913882,0.001193000003695488,0.0012359999818727374,826,0.0,0.0
2024-08-22 00:00:00+00:00,0.0012359999818727374,0.001269000000320375,0.0012209999840706587,0.001269000000320375,406,0.0,0.0
2024-08-23 00:00:00+00:00,0.001269000000320375,0.0012919999426230788,0.0012519999872893095,0.001281999982893467,309,0.0,0.0
2024-08-24 00:00:00+00:00,0.001281999982893467,0.001281999982893467,0.0011919999960809946,0.0011980000417679548,2420,0.0,0.0
2024-08-25 00:00:00+00:00,0.0011980000417679548,0.0012049999786540866,0.0011749999830499291,0.0011780000058934093,409,0.0,0.0
2024-08-26 00:00:00+00:00,0.0011780000058934093,0.0011780000058934093,0.0011119999689981341,0.0011119999689981341,680,0.0,0.0
2024-08-27 00:00:00+00:00,0.0011119999689981341,0.0011340000201016665,0.0010310000507161021,0.0010310000507161021,1649,0.0,0.0
2024-08-28 00:00:00+00:00,0.0010310000507161021,0.0010639999527484179,0.0010209999745711684,0.001032999949529767,766,0.0,0.0
2024-08-29 00:00:00+00:00,0.001032999949529767,0.0010489999549463391,0.001025000005029142,0.0010260000126436353,410,0.0,0.0
2024-08-30 00:00:00+00:00,0.0010260000126436353,0.0010339999571442604,0.0010000000474974513,0.001016999944113195,243,0.0,0.0
2024-08-31 00:00:00+00:00,0.001016999944113195,0.001075000036507845,0.0010049999691545963,0.0010720000136643648,3127,0.0,0.0
2024-09-01 00:00:00+00:00,0.0010720000136643648,0.0010720000136643648,0.0009720000089146197,0.0009720000089146197,2369,0.0,0.0
2024-09-02 00:00:00+00:00,0.0009720000089146197,0.0010100000072270632,0.0009519999730400741,0.0010079999919980764,833,0.0,0.0
2024-09-03 00:00:00+00:00,0.0010079999919980764,0.0010310000507161021,0.0009769999887794256,0.0009869999485090375,1783,0.0,0.0
2024-09-04 00:00:00+00:00,0.0009869999485090375,0.0009869999485090375,0.000944000028539449,0.0009759999811649323,543,0.0,0.0
2024-09-05 00:00:00+00:00,0.0009759999811649323,0.0009759999811649323,0.0009510000236332417,0.0009529999806545675,98,0.0,0.0
2024-09-06 00:00:00+00:00,0.0009529999806545675,0.001019999966956675,0.0009529999806545675,0.000977999996393919,2286,0.0,0.0
2024-09-07 00:00:00+00:00,0.000977999996393919,0.0009950000094249845,0.0009720000089146197,0.000986000057309866,182,0.0,0.0
2024-09-08 00:00:00+00:00,0.000986000057309866,0.0010100000072270632,0.0009319999953731894,0.0009519999730400741,1756,0.0,0.0
2024-09-09 00:00:00+00:00,0.0009519999730400741,0.000977999996393919,0.0009510000236332417,0.0009740000241436064,356,0.0,0.0
2024-09-10 00:00:00+00:00,0.0009740000241436064,0.0009769999887794256,0.0009629999985918403,0.0009730000165291131,212,0.0,0.0
2024-09-11 00:00:00+00:00,0.0009730000165291131,0.000999000039882958,0.0009510000236332417,0.0009919999865815043,202,0.0,0.0
2024-09-12 00:00:00+00:00,0.0009919999865815043,0.001019999966956675,0.0009919999865815043,0.0010160000529140234,382,0.0,0.0
2024-09-13 00:00:00+00:00,0.0010160000529140234,0.0010420000180602074,0.0010110000148415565,0.0010420000180602074,337,0.0,0.0
2024-09-14 00:00:00+00:00,0.0010420000180602074,0.0010659999679774046,0.001041000010445714,0.0010600000387057662,2072,0.0,0.0
2024-09-15 00:00:00+00:00,0.0010600000387057662,0.0010730000212788582,0.0010590000310912728,0.0010600000387057662,499,0.0,0.0
2024-09-16 00:00:00+00:00,0.0010600000387057662,0.0010600000387057662,0.0010010000551119447,0.0010049999691545963,314,0.0,0.0
2024-09-17 00:00:00+00:00,0.0010049999691545963,0.0010400000028312206,0.0010049999691545963,0.0010270000202581286,344,0.0,0.0
2024-09-18 00:00:00+00:00,0.0010270000202581286,0.0010349999647587538,0.0010110000148415565,0.0010349999647587538,315,0.0,0.0
2024-09-19 00:00:00+00:00,0.0010349999647587538,0.0010689999908208847,0.0010349999647587538,0.0010590000310912728,295,0.0,0.0
2024-09-20 00:00:00+00:00,0.0010590000310912728,0.0011439999798312783,0.0010509999701753259,0.0011419999646022916,3448,0.0,0.0
2024-09-21 00:00:00+00:00,0.0011419999646022916,0.001183000043965876,0.0011099999537691474,0.0011239999439567327,2380,0.0,0.0
2024-09-22 00:00:00+00:00,0.0011239999439567327,0.0011239999439567327,0.0010969999711960554,0.0011109999613836408,370,0.0,0.0
2024-09-23 00:00:00+00:00,0.0011109999613836408,0.0011630000080913305,0.0011109999613836408,0.0011480000102892518,203,0.0,0.0
2024-09-24 00:00:00+00:00,0.0011480000102892518,0.0011530000483617187,0.0011129999766126275,0.0011129999766126275,3333,0.0,0.0
2024-09-25 00:00:00+00:00,0.0011129999766126275,0.0011129999766126275,0.0010760000441223383,0.0010860000038519502,631,0.0,0.0
2024-09-26 00:00:00+00:00,0.0010860000038519502,0.0011320000048726797,0.00107999995816499,0.001108999946154654,391,0.0,0.0
2024-09-27 00:00:00+00:00,0.001108999946154654,0.0011370000429451466,0.001108999946154654,0.001117000007070601,617,0.0,0.0
2024-09-28 00:00:00+00:00,0.001117000007070601,0.001133000012487173,0.0010890000266954303,0.0010890000266954303,424,0.0,0.0
2024-09-29 00:00:00+00:00,0.0010890000266954303,0.001095999963581562,0.00107999995816499,0.00108299998100847,363,0.0,0.0
2024-09-30 00:00:00+00:00,0.00108299998100847,0.00108299998100847,0.0010100000072270632,0.0010100000072270632,492,0.0,0.0
2024-10-01 00:00:00+00:00,0.0010100000072270632,0.0010369999799877405,0.0009609999833628535,0.0009629999985918403,810,0.0,0.0
2024-10-02 00:00:00+00:00,0.0009629999985918403,0.0010420000180602074,0.0009449999779462814,0.0009699999936856329,12960,0.0,0.0
2024-10-03 00:00:00+00:00,0.0009699999936856329,0.0009720000089146197,0.0009130000253207982,0.0009130000253207982,8408,0.0,0.0
2024-10-04 00:00:00+00:00,0.0009130000253207982,0.0009360000258311629,0.0008870000019669533,0.0009219999774359167,4908,0.0,0.0
2024-10-05 00:00:00+00:00,0.0009219999774359167,0.0013409999664872885,0.0009200000204145908,0.001133000012487173,30461,0.0,0.0
2024-10-06 00:00:00+00:00,0.001133000012487173,0.001221999991685152,0.0009960000170394778,0.001006999984383583,22335,0.0,0.0
2024-10-07 00:00:00+00:00,0.001006999984383583,0.0010460000485181808,0.000994000001810491,0.0009980000322684646,2554,0.0,0.0
2024-10-08 00:00:00+00:00,0.0009980000322684646,0.0010059999767690897,0.0009469999931752682,0.0009529999806545675,4028,0.0,0.0
2024-10-09 00:00:00+00:00,0.0009490000084042549,0.0009670000290498137,0.0009030000073835254,0.0009069999796338379,1960,0.0,0.0
2024-10-10 00:00:00+00:00,0.0009069999796338379,0.0009139999747276306,0.0008440000237897038,0.0008479999960400164,3769,0.0,0.0
2024-10-11 00:00:00+00:00,0.0008479999960400164,0.0008559999987483025,0.0008420000085607171,0.0008459999808110297,1656,0.0,0.0
2024-10-12 00:00:00+00:00,0.0008459999808110297,0.0008970000199042261,0.0007960000075399876,0.0008859999943524599,10045,0.0,0.0
2024-10-13 00:00:00+00:00,0.0008859999943524599,0.0008900000248104334,0.0007859999896027148,0.0007910000276751816,5015,0.0,0.0
2024-10-14 00:00:00+00:00,0.0007910000276751816,0.0008169999928213656,0.0007910000276751816,0.000813000020571053,1300,0.0,0.0
2024-10-15 00:00:00+00:00,0.000813000020571053,0.0008229999803006649,0.0008019999950192869,0.0008069999748840928,336,0.0,0.0
2024-10-16 00:00:00+00:00,0.0008069999748840928,0.00088900001719594,0.0008069999748840928,0.0008829999715089798,4009,0.0,0.0
2024-10-17 00:00:00+00:00,0.0008829999715089798,0.0008870000019669533,0.0008619999862276018,0.0008679999737069011,113,0.0,0.0
2024-10-18 00:00:00+00:00,0.0008679999737069011,0.000881000014487654,0.0008089999901130795,0.0008329999982379377,2026,0.0,0.0
2024-10-19 00:00:00+00:00,0.0008329999982379377,0.0008370000286959112,0.0007949999999254942,0.0007960000075399876,1511,0.0,0.0
2024-10-20 00:00:00+00:00,0.0007960000075399876,0.0008019999950192869,0.0007849999819882214,0.0007859999896027148,807,0.0,0.0
2024-10-21 00:00:00+00:00,0.0007859999896027148,0.0007960000075399876,0.000754999986384064,0.0007660000119358301,1255,0.0,0.0
2024-10-22 00:00:00+00:00,0.0007660000119358301,0.0007660000119358301,0.0007469999836757779,0.000750000006519258,420,0.0,0.0
2024-10-23 00:00:00+00:00,0.000750000006519258,0.000750000006519258,0.0007239999831654131,0.0007389999809674919,520,0.0,0.0
2024-10-24 00:00:00+00:00,0.0007399999885819852,0.0007510000141337514,0.0007259999983943999,0.0007259999983943999,1442,0.0,0.0
2024-10-25 00:00:00+00:00,0.0007259999983943999,0.0007619999814778566,0.000699999975040555,0.0007300000288523734,5324,0.0,0.0
2024-10-26 00:00:00+00:00,0.0007300000288523734,0.000775999971665442,0.0006949999951757491,0.0007619999814778566,8646,0.0,0.0
2024-10-27 00:00:00+00:00,0.0007619999814778566,0.0007619999814778566,0.0007149999728426337,0.0007249999907799065,4928,0.0,0.0
2024-10-28 00:00:00+00:00,0.0007249999907799065,0.0007389999809674919,0.0007210000185295939,0.0007389999809674919,208,0.0,0.0
2024-10-29 00:00:00+00:00,0.0007389999809674919,0.0007450000266544521,0.0007229999755509198,0.0007340000011026859,2507,0.0,0.0
2024-10-30 00:00:00+00:00,0.0007340000011026859,0.0007350000087171793,0.0007229999755509198,0.0007270000060088933,191,0.0,0.0
2024-10-31 00:00:00+00:00,0.0007270000060088933,0.0007270000060088933,0.0006830000202171504,0.0006859999848529696,700,0.0,0.0
2024-11-01 00:00:00+00:00,0.0006859999848529696,0.0007179999956861138,0.0006760000251233578,0.0007179999956861138,2235,0.0,0.0
2024-11-02 00:00:00+00:00,0.0007179999956861138,0.0007210000185295939,0.0006440000142902136,0.0006489999941550195,2743,0.0,0.0
2024-11-03 00:00:00+00:00,0.0006489999941550195,0.0006489999941550195,0.0006290000164881349,0.0006389999762177467,137,0.0,0.0
2024-11-04 00:00:00+00:00,0.0006389999762177467,0.000645000021904707,0.0006339999963529408,0.0006409999914467335,561,0.0,0.0
2024-11-05 00:00:00+00:00,0.0006409999914467335,0.000666000007186085,0.0006409999914467335,0.0006549999816343188,953,0.0,0.0
2024-11-06 00:00:00+00:00,0.0006549999816343188,0.0006880000000819564,0.0006549999816343188,0.0006880000000819564,729,0.0,0.0
2024-11-07 00:00:00+00:00,0.0006880000000819564,0.0007070000283420086,0.000686999992467463,0.0006980000180192292,96,0.0,0.0
2024-11-08 00:00:00+00:00,0.0006910000229254365,0.0006929999799467623,0.0006810000049881637,0.0006929999799467623,452,0.0,0.0
2024-11-09 00:00:00+00:00,0.0006939999875612557,0.0007389999809674919,0.000691999972332269,0.0007060000207275152,2981,0.0,0.0
2024-11-10 00:00:00+00:00,0.0007060000207275152,0.0007800000021234155,0.0007050000131130219,0.0007689999765716493,5015,0.0,0.0
2024-11-11 00:00:00+00:00,0.0007689999765716493,0.0007869999972172081,0.0006000000284984708,0.0006960000027902424,12627,0.0,0.0
2024-11-12 00:00:00+00:00,0.0006960000027902424,0.0006960000027902424,0.0006370000191964209,0.0006510000093840063,2462,0.0,0.0
2024-11-13 00:00:00+00:00,0.0006510000093840063,0.000661000027321279,0.0006179999909363687,0.0006280000088736415,3434,0.0,0.0
2024-11-14 00:00:00+00:00,0.0006280000088736415,0.0006580000044777989,0.0006200000061653554,0.0006500000017695129,2138,0.0,0.0
2024-11-15 00:00:00+00:00,0.0006500000017695129,0.0006510000093840063,0.0006150000263005495,0.000615999975707382,6225,0.0,0.0
2024-11-16 00:00:00+00:00,0.000615999975707382,0.0006329999887384474,0.000615999975707382,0.000623999978415668,321,0.0,0.0
2024-11-17 00:00:00+00:00,0.000623999978415668,0.0006489999941550195,0.0006089999806135893,0.0006189999985508621,584,0.0,0.0
2024-11-18 00:00:00+00:00,0.0006189999985508621,0.0006290000164881349,0.0006079999729990959,0.0006130000110715628,490,0.0,0.0
2024-11-19 00:00:00+00:00,0.0006130000110715628,0.000615999975707382,0.0005890000029467046,0.0005959999980404973,2789,0.0,0.0
2024-11-20 00:00:00+00:00,0.0005959999980404973,0.0005990000208839774,0.0005840000230818987,0.0005970000056549907,523,0.0,0.0
2024-11-21 00:00:00+00:00,0.0005970000056549907,0.0006169999833218753,0.0005939999828115106,0.0006140000186860561,118,0.0,0.0
2024-11-22 00:00:00+00:00,0.0006140000186860561,0.0006520000169984996,0.0006140000186860561,0.0006520000169984996,2541,0.0,0.0
2024-11-23 00:00:00+00:00,0.0006520000169984996,0.0007270000060088933,0.0006520000169984996,0.0007239999831654131,2360,0.0,0.0
2024-11-24 00:00:00+00:00,0.0007239999831654131,0.0007570000016130507,0.0006549999816343188,0.000678999989759177,4258,0.0,0.0
2024-11-25 00:00:00+00:00,0.000678999989759177,0.0006910000229254365,0.0006479999865405262,0.0006479999865405262,923,0.0,0.0
2024-11-26 00:00:00+00:00,0.0006479999865405262,0.000661000027321279,0.000615999975707382,0.0006189999985508621,838,0.0,0.0
2024-11-27 00:00:00+00:00,0.0006189999985508621,0.0006730000022798777,0.0006189999985508621,0.0006699999794363976,1999,0.0,0.0
2024-11-28 00:00:00+00:00,0.0006699999794363976,0.0006900000153109431,0.0006699999794363976,0.0006880000000819564,549,0.0,0.0
2024-11-29 00:00:00+00:00,0.0006880000000819564,0.0006929999799467623,0.0006820000126026571,0.000686999992467463,440,0.0,0.0
2024-11-30 00:00:00+00:00,0.000686999992467463,0.0007089999853633344,0.0006830000202171504,0.0006890000076964498,511,0.0,0.0
2024-12-01 00:00:00+00:00,0.0006890000076964498,0.0006990000256337225,0.0006820000126026571,0.0006880000000819564,715,0.0,0.0
2024-12-02 00:00:00+00:00,0.0006880000000819564,0.0006880000000819564,0.0006389999762177467,0.0006539999740198255,3366,0.0,0.0
2024-12-03 00:00:00+00:00,0.0006539999740198255,0.000750000006519258,0.0006380000268109143,0.0007430000114254653,473,0.0,0.0
2024-12-04 00:00:00+00:00,0.0007430000114254653,0.0007869999972172081,0.0007389999809674919,0.0007520000217482448,702,0.0,0.0
2024-12-05 00:00:00+00:00,0.0007520000217482448,0.0007520000217482448,0.0007130000158213079,0.0007220000261440873,164,0.0,0.0
2024-12-06 00:00:00+00:00,0.0007220000261440873,0.0007570000016130507,0.0007220000261440873,0.0007570000016130507,1100,0.0,0.0
2024-12-07 00:00:00+00:00,0.0007570000016130507,0.0007880000048317015,0.0007570000016130507,0.0007689999765716493,924,0.0,0.0
2024-12-08 00:00:00+00:00,0.0007689999765716493,0.000770999991800636,0.0007469999836757779,0.0007619999814778566,714,0.0,0.0
2024-12-09 00:00:00+00:00,0.00076299998909235,0.00076299998909235,0.0006750000175088644,0.0007070000283420086,190,0.0,0.0
2024-12-10 00:00:00+00:00,0.0007070000283420086,0.0007200000109151006,0.0006680000224150717,0.0007009999826550484,442,0.0,0.0
2024-12-11 00:00:00+00:00,0.0007009999826550484,0.0007389999809674919,0.0006859999848529696,0.0007389999809674919,315,0.0,0.0
2024-12-12 00:00:00+00:00,0.0007389999809674919,0.0007510000141337514,0.0007270000060088933,0.0007270000060088933,328,0.0,0.0
2024-12-13 00:00:00+00:00,0.0007270000060088933,0.0007650000043213367,0.0007270000060088933,0.0007529999711550772,725,0.0,0.0
2024-12-14 00:00:00+00:00,0.0007529999711550772,0.0007570000016130507,0.0007329999934881926,0.0007440000190399587,191,0.0,0.0
2024-12-15 00:00:00+00:00,0.0007440000190399587,0.000754999986384064,0.0007309999782592058,0.000754999986384064,314,0.0,0.0
2024-12-16 00:00:00+00:00,0.000754999986384064,0.0007600000244565308,0.0007389999809674919,0.0007529999711550772,133,0.0,0.0
2024-12-17 00:00:00+00:00,0.0007529999711550772,0.0007680000271648169,0.0007469999836757779,0.0007469999836757779,308,0.0,0.0
2024-12-18 00:00:00+00:00,0.0007469999836757779,0.0007510000141337514,0.0007110000005923212,0.0007110000005923212,319,0.0,0.0
2024-12-19 00:00:00+00:00,0.0007110000005923212,0.0007280000136233866,0.0006709999870508909,0.0006900000153109431,573,0.0,0.0
2024-12-20 00:00:00+00:00,0.0006900000153109431,0.0007259999983943999,0.0006699999794363976,0.0007179999956861138,2240,0.0,0.0
2024-12-21 00:00:00+00:00,0.0007179999956861138,0.0007389999809674919,0.0006629999843426049,0.0006730000022798777,1533,0.0,0.0
2024-12-22 00:00:00+00:00,0.0006730000022798777,0.0006760000251233578,0.0006440000142902136,0.000645000021904707,255,0.0,0.0
2024-12-23 00:00:00+00:00,0.000645000021904707,0.0007060000207275152,0.000645000021904707,0.0007060000207275152,348,0.0,0.0
2024-12-24 00:00:00+00:00,0.0007060000207275152,0.0007060000207275152,0.0006910000229254365,0.0007050000131130219,45,0.0,0.0
2024-12-25 00:00:00+00:00,0.0007050000131130219,0.0007239999831654131,0.0007050000131130219,0.0007140000234358013,910,0.0,0.0
2024-12-26 00:00:00+00:00,0.0007140000234358013,0.0007350000087171793,0.0007060000207275152,0.0007099999929778278,313,0.0,0.0
2024-12-27 00:00:00+00:00,0.0007099999929778278,0.00072900002123788,0.0007070000283420086,0.0007159999804571271,68,0.0,0.0
2024-12-28 00:00:00+00:00,0.0007159999804571271,0.0007489999989047647,0.0007130000158213079,0.0007409999961964786,171,0.0,0.0
2024-12-29 00:00:00+00:00,0.0007409999961964786,0.0007440000190399587,0.0007089999853633344,0.0007099999929778278,173,0.0,0.0
2024-12-30 00:00:00+00:00,0.0007099999929778278,0.0007239999831654131,0.000707999977748841,0.0007169999880716205,211,0.0,0.0
2024-12-31 00:00:00+00:00,0.0007169999880716205,0.0007220000261440873,0.0006990000256337225,0.0006990000256337225,587,0.0,0.0
2025-01-01 00:00:00+00:00,0.0006990000256337225,0.000737000023946166,0.0006990000256337225,0.0007329999934881926,1058,0.0,0.0
2025-01-02 00:00:00+00:00,0.0007329999934881926,0.0007430000114254653,0.0007270000060088933,0.0007360000163316727,124,0.0,0.0
2025-01-03 00:00:00+00:00,0.0007360000163316727,0.0007680000271648169,0.0007319999858736992,0.0007680000271648169,967,0.0,0.0
2025-01-04 00:00:00+00:00,0.0007680000271648169,0.0007730000070296228,0.0007580000092275441,0.0007600000244565308,582,0.0,0.0
2025-01-05 00:00:00+00:00,0.0007600000244565308,0.0007600000244565308,0.0007239999831654131,0.0007300000288523734,1910,0.0,0.0
2025-01-06 00:00:00+00:00,0.0007300000288523734,0.0007650000043213367,0.0007300000288523734,0.000750000006519258,88,0.0,0.0
2025-01-07 00:00:00+00:00,0.000750000006519258,0.0007520000217482448,0.0007089999853633344,0.0007089999853633344,190,0.0,0.0
2025-01-08 00:00:00+00:00,0.0007089999853633344,0.0007210000185295939,0.0006840000278316438,0.0006990000256337225,525,0.0,0.0
2025-01-09 00:00:00+00:00,0.0006990000256337225,0.0007060000207275152,0.0006680000224150717,0.0006750000175088644,695,0.0,0.0
2025-01-10 00:00:00+00:00,0.0006750000175088644,0.0006880000000819564,0.0006750000175088644,0.0006840000278316438,175,0.0,0.0
2025-01-11 00:00:00+00:00,0.0006840000278316438,0.0006970000104047358,0.0006769999745301902,0.0006949999951757491,625,0.0,0.0
2025-01-12 00:00:00+00:00,0.0006949999951757491,0.0006949999951757491,0.0006890000076964498,0.0006910000229254365,20,0.0,0.0
2025-01-13 00:00:00+00:00,0.0006910000229254365,0.0006910000229254365,0.0006569999968633056,0.0006849999772384763,44,0.0,0.0
2025-01-14 00:00:00+00:00,0.0006849999772384763,0.000707999977748841,0.0006840000278316438,0.000707999977748841,682,0.0,0.0
2025-01-15 00:00:00+00:00,0.000707999977748841,0.0007179999956861138,0.0006939999875612557,0.0007179999956861138,950,0.0,0.0
2025-01-16 00:00:00+00:00,0.0007179999956861138,0.0007210000185295939,0.0007089999853633344,0.0007130000158213079,1337,0.0,0.0
2025-01-17 00:00:00+00:00,0.0007130000158213079,0.0007319999858736992,0.0007040000054985285,0.0007040000054985285,1095,0.0,0.0
2025-01-18 00:00:00+00:00,0.0007040000054985285,0.0007040000054985285,0.0006769999745301902,0.000686999992467463,1182,0.0,0.0
2025-01-19 00:00:00+00:00,0.000686999992467463,0.0006890000076964498,0.0006549999816343188,0.0006549999816343188,851,0.0,0.0
2025-01-20 00:00:00+00:00,0.0006549999816343188,0.000678999989759177,0.000645000021904707,0.000645000021904707,611,0.0,0.0
2025-01-21 00:00:00+00:00,0.000645000021904707,0.0006629999843426049,0.0006430000066757202,0.0006580000044777989,228,0.0,0.0
2025-01-22 00:00:00+00:00,0.0006580000044777989,0.0006670000148005784,0.0006580000044777989,0.0006649999995715916,73,0.0,0.0
2025-01-23 00:00:00+00:00,0.0006649999995715916,0.0006649999995715916,0.0006500000017695129,0.0006559999892488122,119,0.0,0.0
2025-01-24 00:00:00+00:00,0.0006559999892488122,0.0006559999892488122,0.0006459999713115394,0.0006459999713115394,278,0.0,0.0
2025-01-25 00:00:00+00:00,0.0006459999713115394,0.0006539999740198255,0.0006459999713115394,0.0006520000169984996,298,0.0,0.0
2025-01-26 00:00:00+00:00,0.0006520000169984996,0.0006549999816343188,0.0006329999887384474,0.0006329999887384474,36,0.0,0.0
2025-01-27 00:00:00+00:00,0.0006329999887384474,0.0006479999865405262,0.0006089999806135893,0.0006479999865405262,415,0.0,0.0
2025-01-28 00:00:00+00:00,0.0006479999865405262,0.0006520000169984996,0.0006249999860301614,0.0006249999860301614,1321,0.0,0.0
2025-01-29 00:00:00+00:00,0.0006249999860301614,0.0006430000066757202,0.0006249999860301614,0.0006329999887384474,165,0.0,0.0
2025-01-30 00:00:00+00:00,0.0006329999887384474,0.000645000021904707,0.0006329999887384474,0.0006409999914467335,521,0.0,0.0
2025-01-31 00:00:00+00:00,0.0006409999914467335,0.0006489999941550195,0.0006380000268109143,0.0006389999762177467,1033,0.0,0.0
2025-02-01 00:00:00+00:00,0.0006389999762177467,0.0006430000066757202,0.0006150000263005495,0.0006150000263005495,249,0.0,0.0
2025-02-02 00:00:00+00:00,0.0006150000263005495,0.0006249999860301614,0.0005719999899156392,0.0005719999899156392,362,0.0,0.0
2025-02-03 00:00:00+00:00,0.0005719999899156392,0.0005910000181756914,0.000514000013936311,0.0005910000181756914,902,0.0,0.0
2025-02-04 00:00:00+00:00,0.0005910000181756914,0.0005910000181756914,0.0005360000068321824,0.000547999981790781,135,0.0,0.0
2025-02-05 00:00:00+00:00,0.000547999981790781,0.0005520000122487545,0.0005370000144466758,0.0005430000019259751,314,0.0,0.0
2025-02-06 00:00:00+00:00,0.0005430000019259751,0.0005600000149570405,0.0005430000019259751,0.0005450000171549618,45,0.0,0.0
2025-02-07 00:00:00+00:00,0.0005450000171549618,0.0005579999997280538,0.0005360000068321824,0.0005450000171549618,1544,0.0,0.0
2025-02-08 00:00:00+00:00,0.0005450000171549618,0.0005949999904260039,0.0005440000095404685,0.0005789999850094318,709,0.0,0.0
2025-02-09 00:00:00+00:00,0.0005789999850094318,0.0006060000159777701,0.0005699999746866524,0.0005799999926239252,88,0.0,0.0
2025-02-10 00:00:00+00:00,0.0005799999926239252,0.000582000007852912,0.0005629999795928597,0.0005789999850094318,279,0.0,0.0
2025-02-11 00:00:00+00:00,0.0005789999850094318,0.0006060000159777701,0.0005779999773949385,0.0006060000159777701,109,0.0,0.0
2025-02-12 00:00:00+00:00,0.0006060000159777701,0.0006619999767281115,0.0005910000181756914,0.0006619999767281115,430,0.0,0.0
2025-02-13 00:00:00+00:00,0.0006619999767281115,0.0006859999848529696,0.0006399999838322401,0.0006440000142902136,1530,0.0,0.0
2025-02-14 00:00:00+00:00,0.0006440000142902136,0.0006549999816343188,0.0006270000012591481,0.0006270000012591481,235,0.0,0.0
2025-02-15 00:00:00+00:00,0.0006270000012591481,0.0006430000066757202,0.0006270000012591481,0.0006339999963529408,175,0.0,0.0
2025-02-16 00:00:00+00:00,0.0006339999963529408,0.0006580000044777989,0.0006300000241026282,0.0006520000169984996,301,0.0,0.0
2025-02-17 00:00:00+00:00,0.0006520000169984996,0.0006539999740198255,0.0006350000039674342,0.0006409999914467335,800,0.0,0.0
2025-02-18 00:00:00+00:00,0.0006409999914467335,0.0006409999914467335,0.00060299999313429,0.0006179999909363687,397,0.0,0.0
2025-02-19 00:00:00+00:00,0.0006179999909363687,0.0006290000164881349,0.0006179999909363687,0.000623999978415668,1360,0.0,0.0
2025-02-20 00:00:00+00:00,0.000623999978415668,0.0006270000012591481,0.0006169999833218753,0.0006270000012591481,717,0.0,0.0
2025-02-21 00:00:00+00:00,0.0006270000012591481,0.0006360000115819275,0.0006099999882280827,0.0006169999833218753,926,0.0,0.0
2025-02-22 00:00:00+00:00,0.0006169999833218753,0.0006670000148005784,0.0006169999833218753,0.0006590000120922923,901,0.0,0.0
2025-02-23 00:00:00+00:00,0.0006590000120922923,0.0006590000120922923,0.0006409999914467335,0.0006440000142902136,743,0.0,0.0
2025-02-24 00:00:00+00:00,0.0006440000142902136,0.0006440000142902136,0.0006000000284984708,0.0006000000284984708,234,0.0,0.0
2025-02-25 00:00:00+00:00,0.0006000000284984708,0.0006060000159777701,0.0005810000002384186,0.0006040000007487833,1425,0.0,0.0
2025-02-26 00:00:00+00:00,0.0006040000007487833,0.0006130000110715628,0.0005810000002384186,0.0005920000257901847,1672,0.0,0.0
2025-02-27 00:00:00+00:00,0.0005920000257901847,0.0006009999779053032,0.0005830000154674053,0.0005830000154674053,1160,0.0,0.0
2025-02-28 00:00:00+00:00,0.0005830000154674053,0.0005830000154674053,0.0005469999741762877,0.0005709999823011458,1521,0.0,0.0
2025-03-01 00:00:00+00:00,0.0005709999823011458,0.0005810000002384186,0.0005680000176653266,0.0005789999850094318,797,0.0,0.0
2025-03-02 00:00:00+00:00,0.0005789999850094318,0.0005959999980404973,0.0005760000203736126,0.0005879999953322113,1761,0.0,0.0
2025-03-03 00:00:00+00:00,0.0005879999953322113,0.0005879999953322113,0.0005389999714680016,0.0005389999714680016,833,0.0,0.0
2025-03-04 00:00:00+00:00,0.0005389999714680016,0.0005549999768845737,0.0005230000242590904,0.0005549999768845737,0,0.0,0.0
2025-03-05 00:00:00+00:00,0.0005549999768845737,0.0005709999823011458,0.0005549999768845737,0.0005670000100508332,31,0.0,0.0
2025-03-06 00:00:00+00:00,0.0005670000100508332,0.0005799999926239252,0.0005600000149570405,0.0005699999746866524,0,0.0,0.0
2025-03-07 00:00:00+00:00,0.0005699999746866524,0.0005779999773949385,0.0005549999768845737,0.0005610000225715339,0,0.0,0.0
2025-03-08 00:00:00+00:00,0.0005610000225715339,0.0005709999823011458,0.0005610000225715339,0.0005629999795928597,655,0.0,0.0
2025-03-09 00:00:00+00:00,0.0005629999795928597,0.0005629999795928597,0.000534999999217689,0.0005450000171549618,0,0.0,0.0
2025-03-10 00:00:00+00:00,0.0005450000171549618,0.0005540000274777412,0.0005130000063218176,0.0005169999785721302,80,0.0,0.0
2025-03-11 00:00:00+00:00,0.0005169999785721302,0.000547999981790781,0.0004959999932907522,0.000539999979082495,0,0.0,0.0
2025-03-12 00:00:00+00:00,0.000539999979082495,0.0005559999844990671,0.0005300000193528831,0.0005499999970197678,702,0.0,0.0
2025-03-13 00:00:00+00:00,0.0005499999970197678,0.000577000027988106,0.0005499999970197678,0.0005579999997280538,771,0.0,0.0
2025-03-14 00:00:00+00:00,0.0005579999997280538,0.0005670000100508332,0.0005569999921135604,0.0005670000100508332,0,0.0,0.0
2025-03-15 00:00:00+00:00,0.0005670000100508332,0.0005939999828115106,0.0005670000100508332,0.0005939999828115106,0,0.0,0.0
2025-03-16 00:00:00+00:00,0.0005939999828115106,0.0005959999980404973,0.0005610000225715339,0.0005610000225715339,0,0.0,0.0
2025-03-17 00:00:00+00:00,0.0005610000225715339,0.00060299999313429,0.0005610000225715339,0.000590000010561198,0,0.0,0.0
2025-03-18 00:00:00+00:00,0.000590000010561198,0.0006009999779053032,0.0005840000230818987,0.000590000010561198,0,0.0,0.0
2025-03-19 00:00:00+00:00,0.000590000010561198,0.000590000010561198,0.0005670000100508332,0.000577000027988106,0,0.0,0.0
2025-03-20 00:00:00+00:00,0.000577000027988106,0.0005959999980404973,0.000577000027988106,0.000590000010561198,0,0.0,0.0
2025-03-21 00:00:00+00:00,0.000590000010561198,0.0005959999980404973,0.000590000010561198,0.0005939999828115106,7,0.0,0.0
2025-03-22 00:00:00+00:00,0.0005939999828115106,0.0005949999904260039,0.0005849999724887311,0.0005869999877177179,0,0.0,0.0
2025-03-23 00:00:00+00:00,0.0005869999877177179,0.0005869999877177179,0.000577000027988106,0.0005779999773949385,229,0.0,0.0
2025-03-24 00:00:00+00:00,0.0005779999773949385,0.0005949999904260039,0.0005760000203736126,0.0005929999751970172,0,0.0,0.0
2025-03-25 00:00:00+00:00,0.0005929999751970172,0.000598000013269484,0.0005840000230818987,0.0005840000230818987,0,0.0,0.0
2025-03-26 00:00:00+00:00,0.0005840000230818987,0.0005879999953322113,0.0005740000051446259,0.0005740000051446259,0,0.0,0.0
2025-03-27 00:00:00+00:00,0.0005740000051446259,0.0005970000056549907,0.0005740000051446259,0.0005970000056549907,0,0.0,0.0
2025-03-28 00:00:00+00:00,0.0005970000056549907,0.0005970000056549907,0.0005760000203736126,0.0005760000203736126,0,0.0,0.0
2025-03-29 00:00:00+00:00,0.0005760000203736126,0.0005799999926239252,0.0005579999997280538,0.0005590000073425472,0,0.0,0.0
2025-03-30 00:00:00+00:00,0.0005590000073425472,0.00056900002527982,0.0005530000198632479,0.0005540000274777412,0,0.0,0.0
2025-03-31 00:00:00+00:00,0.0005540000274777412,0.0005670000100508332,0.000547999981790781,0.0005629999795928597,0,0.0,0.0
2025-04-01 00:00:00+00:00,0.0005629999795928597,0.0005719999899156392,0.0005600000149570405,0.0005600000149570405,0,0.0,0.0
2025-04-02 00:00:00+00:00,0.0005600000149570405,0.0005619999719783664,0.000539999979082495,0.000539999979082495,0,0.0,0.0
2025-04-03 00:00:00+00:00,0.000539999979082495,0.0005610000225715339,0.0005329999839887023,0.0005460000247694552,0,0.0,0.0
2025-04-04 00:00:00+00:00,0.0005460000247694552,0.0005510000046342611,0.000539999979082495,0.0005510000046342611,0,0.0,0.0
2025-04-05 00:00:00+00:00,0.0005510000046342611,0.0005510000046342611,0.0005280000041238964,0.0005319999763742089,0,0.0,0.0
2025-04-06 00:00:00+00:00,0.0005319999763742089,0.0005319999763742089,0.0004889999981969595,0.0005000000237487257,239,0.0,0.0
2025-04-07 00:00:00+00:00,0.0005000000237487257,0.0005089999758638442,0.0004729999927803874,0.0005039999959990382,0,0.0,0.0
2025-04-08 00:00:00+00:00,0.0005039999959990382,0.0005099999834783375,0.0004939999780617654,0.0004970000009052455,1616,0.0,0.0
2025-04-09 00:00:00+00:00,0.0004970000009052455,0.0005249999812804163,0.0004820000031031668,0.000522000016644597,57,0.0,0.0
2025-04-10 00:00:00+00:00,0.000522000016644597,0.0005319999763742089,0.0005130000063218176,0.0005319999763742089,0,0.0,0.0
2025-04-11 00:00:00+00:00,0.0005319999763742089,0.0005409999866969883,0.0005319999763742089,0.0005409999866969883,0,0.0,0.0
2025-04-12 00:00:00+00:00,0.0005409999866969883,0.0005540000274777412,0.0005360000068321824,0.0005430000019259751,1252,0.0,0.0
2025-04-13 00:00:00+00:00,0.0005430000019259751,0.0005430000019259751,0.0005300000193528831,0.0005310000269673765,0,0.0,0.0
2025-04-14 00:00:00+00:00,0.0005310000269673765,0.0005389999714680016,0.0005310000269673765,0.0005319999763742089,0,0.0,0.0
2025-04-15 00:00:00+00:00,0.0005319999763742089,0.000534999999217689,0.0005280000041238964,0.0005280000041238964,19,0.0,0.0
2025-04-16 00:00:00+00:00,0.0005280000041238964,0.0005319999763742089,0.0005249999812804163,0.0005319999763742089,0,0.0,0.0
2025-04-17 00:00:00+00:00,0.0005319999763742089,0.0005380000220611691,0.0005300000193528831,0.0005380000220611691,0,0.0,0.0
2025-04-18 00:00:00+00:00,0.0005380000220611691,0.000539999979082495,0.0005339999916031957,0.0005380000220611691,0,0.0,0.0
2025-04-19 00:00:00+00:00,0.0005380000220611691,0.0005380000220611691,0.0005329999839887023,0.0005370000144466758,0,0.0,0.0
2025-04-20 00:00:00+00:00,0.0005370000144466758,0.0005370000144466758,0.0005319999763742089,0.0005370000144466758,26,0.0,0.0
2025-04-21 00:00:00+00:00,0.0005370000144466758,0.0005489999894052744,0.0005370000144466758,0.000539999979082495,30,0.0,0.0
2025-04-22 00:00:00+00:00,0.000539999979082495,0.0005579999997280538,0.000539999979082495,0.0005579999997280538,13,0.0,0.0
2025-04-23 00:00:00+00:00,0.0005579999997280538,0.0005600000149570405,0.0005460000247694552,0.0005469999741762877,12,0.0,0.0
2025-04-24 00:00:00+00:00,0.0005469999741762877,0.0005469999741762877,0.0005389999714680016,0.0005430000019259751,78,0.0,0.0
2025-04-25 00:00:00+00:00,0.0005430000019259751,0.0005520000122487545,0.0005430000019259751,0.0005450000171549618,0,0.0,0.0
2025-04-26 00:00:00+00:00,0.0005450000171549618,0.0005499999970197678,0.0005419999943114817,0.0005499999970197678,0,0.0,0.0
2025-04-27 00:00:00+00:00,0.0005499999970197678,0.0005549999768845737,0.0005409999866969883,0.0005419999943114817,0,0.0,0.0
2025-04-28 00:00:00+00:00,0.0005419999943114817,0.000547999981790781,0.0005409999866969883,0.0005460000247694552,0,0.0,0.0
2025-04-29 00:00:00+00:00,0.0005460000247694552,0.0005499999970197678,0.000539999979082495,0.000539999979082495,25,0.0,0.0
2025-04-30 00:00:00+00:00,0.000539999979082495,0.0005440000095404685,0.0005239999736659229,0.0005239999736659229,0,0.0,0.0
2025-05-01 00:00:00+00:00,0.0005239999736659229,0.0005339999916031957,0.0005239999736659229,0.0005280000041238964,0,0.0,0.0
2025-05-02 00:00:00+00:00,0.0005280000041238964,0.0005300000193528831,0.0005179999861866236,0.0005210000090301037,0,0.0,0.0
2025-05-03 00:00:00+00:00,0.0005210000090301037,0.0005210000090301037,0.0005150000215508044,0.0005169999785721302,0,0.0,0.0
2025-05-04 00:00:00+00:00,0.0005169999785721302,0.0005210000090301037,0.000506000011228025,0.0005080000264570117,0,0.0,0.0
2025-05-05 00:00:00+00:00,0.0005080000264570117,0.0005179999861866236,0.0005080000264570117,0.0005099999834783375,0,0.0,0.0
2025-05-06 00:00:00+00:00,0.0005099999834783375,0.000514000013936311,0.0005070000188425183,0.000514000013936311,0,0.0,0.0
2025-05-07 00:00:00+00:00,0.000514000013936311,0.0005200000014156103,0.0005109999910928309,0.0005130000063218176,0,0.0,0.0
2025-05-08 00:00:00+00:00,0.0005130000063218176,0.000534999999217689,0.0005130000063218176,0.0005310000269673765,0,0.0,0.0
2025-05-09 00:00:00+00:00,0.0005310000269673765,0.0005719999899156392,0.0005310000269673765,0.0005719999899156392,89,0.0,0.0
2025-05-10 00:00:00+00:00,0.0005719999899156392,0.0005799999926239252,0.0005569999921135604,0.00056900002527982,176,0.0,0.0
2025-05-11 00:00:00+00:00,0.00056900002527982,0.0005719999899156392,0.0005540000274777412,0.0005549999768845737,0,0.0,0.0
2025-05-12 00:00:00+00:00,0.0005549999768845737,0.0005849999724887311,0.0005549999768845737,0.0005629999795928597,0,0.0,0.0
2025-05-13 00:00:00+00:00,0.0005629999795928597,0.0005699999746866524,0.0005460000247694552,0.0005660000024363399,0,0.0,0.0
2025-05-14 00:00:00+00:00,0.0005660000024363399,0.0005660000024363399,0.0005499999970197678,0.0005520000122487545,104,0.0,0.0
2025-05-15 00:00:00+00:00,0.0005520000122487545,0.0005569999921135604,0.0005450000171549618,0.0005460000247694552,150,0.0,0.0
2025-05-16 00:00:00+00:00,0.0005460000247694552,0.0005569999921135604,0.0005460000247694552,0.000547999981790781,0,0.0,0.0
2025-05-17 00:00:00+00:00,0.000547999981790781,0.000547999981790781,0.0005370000144466758,0.0005419999943114817,0,0.0,0.0
2025-05-18 00:00:00+00:00,0.0005419999943114817,0.0005530000198632479,0.000534999999217689,0.0005450000171549618,1107,0.0,0.0
2025-05-19 00:00:00+00:00,0.0005450000171549618,0.0005469999741762877,0.000534999999217689,0.0005469999741762877,15,0.0,0.0
2025-05-20 00:00:00+00:00,0.0005469999741762877,0.0005489999894052744,0.0005409999866969883,0.0005489999894052744,83,0.0,0.0
2025-05-21 00:00:00+00:00,0.0005489999894052744,0.00056900002527982,0.000547999981790781,0.00056900002527982,999,0.0,0.0
2025-05-22 00:00:00+00:00,0.00056900002527982,0.0005789999850094318,0.00056900002527982,0.0005729999975301325,0,0.0,0.0
2025-05-23 00:00:00+00:00,0.0005729999975301325,0.0005810000002384186,0.0005520000122487545,0.0005520000122487545,46,0.0,0.0
2025-05-24 00:00:00+00:00,0.0005520000122487545,0.0005699999746866524,0.0005520000122487545,0.0005629999795928597,35,0.0,0.0
2025-05-25 00:00:00+00:00,0.0005629999795928597,0.0005920000257901847,0.0005549999768845737,0.0005920000257901847,0,0.0,0.0
2025-05-26 00:00:00+00:00,0.0005920000257901847,0.000598000013269484,0.0005920000257901847,0.0005939999828115106,26,0.0,0.0
2025-05-27 00:00:00+00:00,0.0005939999828115106,0.0006270000012591481,0.000590000010561198,0.0006230000290088356,0,0.0,0.0
2025-05-28 00:00:00+00:00,0.0006230000290088356,0.0006230000290088356,0.0006150000263005495,0.0006169999833218753,0,0.0,0.0
2025-05-29 00:00:00+00:00,0.0006169999833218753,0.0006220000213943422,0.0006079999729990959,0.0006079999729990959,0,0.0,0.0
2025-05-30 00:00:00+00:00,0.0006079999729990959,0.0006079999729990959,0.0005859999801032245,0.0005859999801032245,350,0.0,0.0
2025-05-31 00:00:00+00:00,0.0005859999801032245,0.000615999975707382,0.0005799999926239252,0.0006140000186860561,0,0.0,0.0
2025-06-01 00:00:00+00:00,0.0006135295843705535,0.0006135295843705535,0.0006032193196006119,0.0006092870607972145,142,0.0,0.0
