TIMESTAMP,XRP_OPEN_PRICE_USD,XRP_HIGH_PRICE_USD,XRP_LOW_PRICE_USD,XRP_CLOSE_PRICE_USD,XRP_FIRST_TRADE_PRICE_USD,XRP_HIGH_TRADE_PRICE_USD,XRP_LOW_TRADE_PRICE_USD,XRP_LAST_TRADE_PRICE_USD,XRP_TOTAL_TRADE_COUNT,XRP_TOTAL_TRADES_BUY,XRP_TOTAL_TRADES_SELL,XRP_VOLUME_USD,XRP_QUOTE_VOLUME,XRP_VOLUME_BUY,XRP_QUOTE_VOLUME_BUY,XRP_VOLUME_SELL,XRP_QUOTE_VOLUME_SELL,XRP_MARKET_CAP_USD_PER_BIC,XRP_VOLUME_USD_PER_CMC,XRP_MARKET_CAP_USD_PER_CMC
2017-06-01,0.2475,0.34,0.2456,0.3364,,,,,,,,,,,,,,10535090947.0,588819008.0,12886398532.6
2017-06-02,0.3364,0.3372,0.2759,0.2959,,,,,,,,,,,,,,12383080617.0,293676992.0,11719675780.6
2017-06-03,0.2959,0.307,0.2711,0.2921,,,,,,,,,,,,,,11713457687.0,155454000.0,11377178598.8
2017-06-04,0.2921,0.31,0.271,0.2941,,,,,,,,,,,,,,10711533703.0,153488000.0,11563837245.6
2017-06-05,0.2941,0.2979,0.2869,0.2888,,,,,,,,,,,,,,11499300394.0,78433504.0,11354893881.4
2017-06-06,0.2888,0.295,0.274,0.284,,,,,,,,,,,,,,11016336112.0,132720000.0,10989725765.2
2017-06-07,0.284,0.3,0.2717,0.2762,,,,,,,,,,,,,,11093000174.0,145839008.0,10805693393.7
2017-06-08,0.2762,0.2973,0.27,0.2869,,,,,,,,,,,,,,10929437301.0,103152000.0,11115200953.0
2017-06-09,0.2869,0.296,0.28,0.2814,,,,,,,,,,,,,,11491811180.0,102482000.0,10962073248.2
2017-06-10,0.2814,0.2848,0.2555,0.2598,,,,,,,,,,,,,,11029680984.0,156720992.0,9998356390.82
2017-06-11,0.2598,0.28,0.2543,0.2701,,,,,,,,,,,,,,10125868261.0,114566000.0,10453865432.4
2017-06-12,0.2701,0.282,0.2325,0.2467,,,,,,,,,,,,,,10707011180.0,149942000.0,9733521096.16
2017-06-13,0.2467,0.275,0.2454,0.2626,,,,,,,,,,,,,,9697226013.0,111937000.0,10200681357.6
2017-06-14,0.2626,0.3,0.245,0.2623,,,,,,,,,,,,,,10262348505.0,431096000.0,10671865889.1
2017-06-15,0.2623,0.2642,0.214,0.245,,,,,,,,,,,,,,10396797450.0,191548000.0,9927365495.2
2017-06-16,0.245,0.257,0.2325,0.2506,,,,,,,,,,,,,,9743342451.0,88152400.0,10034654835.6
2017-06-17,0.2506,0.265,0.2357,0.2597,,,,,,,,,,,,,,9914576544.0,121948000.0,10275232610.5
2017-06-18,0.2597,0.278,0.247,0.2651,,,,,,,,,,,,,,10318347456.0,232512000.0,10897411229.9
2017-06-19,0.2651,0.282,0.2588,0.281,,,,,,,,,,,,,,10787364990.0,164955008.0,11336524061.9
2017-06-20,0.281,0.325,0.2742,0.308,,,,,,,,,,,,,,11268367378.0,793609984.0,12422397867.5
2017-06-21,0.308,0.3126,0.2542,0.2726,,,,,,,,,,,,,,12443802129.0,358492992.0,11347934562.8
2017-06-22,0.2726,0.2816,0.2513,0.2779,,,,,,,,,,,,,,11702961958.0,194551008.0,11405013270.5
2017-06-23,0.2779,0.295,0.2767,0.2916,,,,,,,,,,,,,,11336088772.0,177220992.0,12252401682.3
2017-06-24,0.2916,0.3039,0.2564,0.2775,,,,,,,,,,,,,,12525763899.0,313710016.0,11912833655.3
2017-06-25,0.2775,0.2816,0.2485,0.2577,,,,,,,,,,,,,,11725320729.0,158844992.0,11427030818.5
2017-06-26,0.2577,0.2672,0.2184,0.2461,,,,,,,,,,,,,,11521572254.0,280100000.0,10617742337.5
2017-06-27,0.2461,0.2618,0.2261,0.2618,,,,,,,,,,,,,,9822545087.0,186951008.0,10580140194.7
2017-06-28,0.2618,0.2687,0.2487,0.2686,,,,,,,,,,,,,,10766657544.0,126278000.0,10739011162.6
2017-06-29,0.2686,0.2693,0.2513,0.2561,,,,,,,,,,,,,,10171188173.0,89745296.0,10163338438.6
2017-06-30,0.2561,0.2596,0.245,0.2466,,,,,,,,,,,,,,10069486247.0,67764496.0,10067954591.6
2017-07-01,0.2466,0.2518,0.2337,0.2386,,,,,,,,,,,,,,9774910600.0,53611000.0,9754501291.18
2017-07-02,0.2386,0.2547,0.233,0.2537,,,,,,,,,,,,,,9948140839.0,54095000.0,9934662270.73
2017-07-03,0.2537,0.2567,0.2445,0.2523,,,,,,,,,,,,,,9946379435.0,60367800.0,9954190878.5
2017-07-04,0.2523,0.2581,0.2471,0.2473,,,,,,,,,,,,,,9759172840.0,56008900.0,9753161092.6
2017-07-05,0.2473,0.2563,0.2434,0.252,,,,,,,,,,,,,,9810981088.0,73292096.0,9822621670.05
2017-07-06,0.252,0.2528,0.2482,0.2506,,,,,,,,,,,,,,9758904800.0,43845800.0,9750557278.23
2017-07-07,0.2506,0.2516,0.2298,0.2303,,,,,,,,,,,,,,9179939017.0,88408000.0,9170021547.95
2017-07-08,0.2303,0.2321,0.2112,0.23,,,,,,,,,,,,,,9043315345.0,124578000.0,9041898564.4
2017-07-09,0.23,0.2422,0.2259,0.2261,,,,,,,,,,,,,,8973663311.0,82755000.0,8937822572.39
2017-07-10,0.2261,0.2269,0.1707,0.1883,,,,,,,,,,,,,,7627261533.0,119367000.0,7779469800.36
2017-07-11,0.1883,0.1994,0.1511,0.1778,,,,,,,,,,,,,,7104009719.0,271415008.0,7084634277.52
2017-07-12,0.1778,0.1971,0.1656,0.1958,,,,,,,,,,,,,,,153023008.0,7863289648.23
2017-07-13,0.1958,0.2178,0.181,0.1925,,,,,,,,,,,,,,7753814570.0,216750000.0,7689255290.72
2017-07-14,0.1925,0.1925,0.1717,0.1843,,,,,,,,,,,,,,7563008585.0,97037600.0,7304809757.31
2017-07-15,0.1843,0.1848,0.1707,0.172,,,,,,,,,,,,,,6901792900.0,131779000.0,6532089551.71
2017-07-16,0.172,0.1743,0.1275,0.1461,,,,,,,,,,,,,,6281434127.0,257944000.0,5669269710.64
2017-07-17,0.1461,0.1732,0.1451,0.1723,,,,,,,,,,,,,,6186892690.0,312684992.0,6811616682.58
2017-07-18,0.1723,0.189,0.1605,0.1788,,,,,,,,,,,,,,6793696313.0,295840992.0,7226274120.95
2017-07-19,0.1788,0.1838,0.1574,0.163,,,,,,,,,,,,,,7152180285.0,147778000.0,6447810207.18
2017-07-20,0.163,0.1962,0.162,0.1925,,,,,,,,,,,,,,6475418297.0,183292000.0,7210076863.92
2017-07-21,0.1925,0.1936,0.1828,0.1835,,,,,,,,,,,,,,7163208205.0,104722000.0,6992313741.56
2017-07-22,0.1835,0.2022,0.182,0.1977,,,,,,,,,,,,,,7088195376.0,83913800.0,7402491087.56
2017-07-23,0.1977,0.2065,0.1873,0.1966,,,,,,,,,,,,,,7309060101.0,195682000.0,7469041519.54
2017-07-24,0.1966,0.1984,0.1893,0.1915,,,,,,,,,,,,,,7397321750.0,56632800.0,7359876264.71
2017-07-25,0.1915,0.1926,0.1658,0.1744,,,,,,,,,,,,,,7024123740.0,166807008.0,6827134104.07
2017-07-26,0.1744,0.1787,0.1642,0.1723,,,,,,,,,,,,,,6540983562.0,76584600.0,6662995240.07
2017-07-27,0.1723,0.1756,0.17,0.1725,,,,,,,,,,,,,,6675874889.0,34575100.0,6649142909.04
2017-07-28,0.1725,0.1738,0.1591,0.1633,,,,,,,,,,,,,,6574815046.0,74649800.0,6360878067.17
2017-07-29,0.1633,0.1704,0.155,0.169,,,,,,,,,,,,,,6079474848.0,80897000.0,6511680445.88
2017-07-30,0.169,0.1709,0.1609,0.1633,,,,,,,,,,,,,,6349109808.0,40621700.0,6328103274.65
2017-07-31,0.1633,0.1689,0.1585,0.1648,,,,,,,,,,,,,,6323311638.0,57273800.0,6416422715.56
2017-08-01,0.1648,0.1847,0.162,0.1776,,,,,,,,,,,,,,6551585193.0,119957000.0,6786988703.1
2017-08-02,0.1776,0.1794,0.1676,0.1709,,,,,,,,,,,,,,6756782227.0,53441400.0,6635956325.85
2017-08-03,0.1709,0.1771,0.1696,0.1748,,,,,,,,,,,,,,6608969830.0,31479000.0,6695294918.87
2017-08-04,0.1748,0.1767,0.1717,0.1744,,,,,,,,,,,,,,6698707520.0,45170000.0,6661974120.28
2017-08-05,0.1744,0.1928,0.1719,0.1848,,,,,,,,,,,,,,6796292598.0,114270000.0,7083526317.94
2017-08-06,0.1848,0.1896,0.1786,0.1802,,,,,,,,,,,,,,7081762501.0,74161600.0,6918916204.74
2017-08-07,0.1802,0.1828,0.1766,0.1782,,,,,,,,,,,,,,6911362467.0,58052100.0,6864352917.74
2017-08-08,0.1782,0.1972,0.1772,0.1967,,,,,,,,,,,,,,6915848697.0,180028000.0,7384487132.88
2017-08-09,0.1967,0.1967,0.1818,0.1841,,,,,,,,,,,,,,7243036700.0,97805400.0,7014890840.97
2017-08-10,0.1841,0.185,0.1784,0.1809,,,,,,,,,,,,,,6921945368.0,48162800.0,6918778293.02
2017-08-11,0.1809,0.184,0.1758,0.1778,,,,,,,,,,,,,,6946277137.0,54059700.0,6876897207.78
2017-08-12,0.1778,0.1825,0.1707,0.1716,,,,,,,,,,,,,,6837585749.0,65229300.0,6667721897.44
2017-08-13,0.1716,0.1721,0.1587,0.1657,,,,,,,,,,,,,,6455286612.0,110199000.0,6446772325.96
2017-08-14,0.1657,0.1801,0.1652,0.1683,,,,,,,,,,,,,,6646973118.0,84388304.0,6518108025.53
2017-08-15,0.1683,0.1683,0.153,0.1577,,,,,,,,,,,,,,6374356962.0,100614000.0,6181832532.22
2017-08-16,0.1577,0.1606,0.1489,0.1603,,,,,,,,,,,,,,5986048875.0,107920000.0,6151540897.13
2017-08-17,0.1603,0.161,0.154,0.1578,,,,,,,,,,,,,,6095213793.0,56084300.0,6039078408.89
2017-08-18,0.1578,0.1704,0.1518,0.1569,,,,,,,,,,,,,,6033135113.0,146539008.0,6092184629.9
2017-08-19,0.1569,0.1616,0.1483,0.1526,,,,,,,,,,,,,,6001079661.0,87062096.0,5945481090.85
2017-08-20,0.1526,0.1611,0.1494,0.1587,,,,,,,,,,,,,,5918180275.0,68542800.0,6086509741.3
2017-08-21,0.1587,0.2081,0.1523,0.1958,,,,,,,,,,,,,,6008326647.0,447088992.0,7358873446.5
2017-08-22,0.1958,0.2598,0.1715,0.2421,,,,,,,,,,,,,,6692917600.0,1450040064.0,9175144548.82
2017-08-23,0.2421,0.2977,0.2169,0.2457,,,,,,,,,,,,,,11208058357.0,1770400000.0,9464295460.46
2017-08-24,0.2457,0.2862,0.2124,0.2173,,,,,,,,,,,,,,10030940755.0,1342360064.0,8395690931.02
2017-08-25,0.2173,0.2309,0.2029,0.2167,,,,,,,,,,,,,,8754704322.0,504484000.0,8352362389.69
2017-08-26,0.2167,0.2308,0.2069,0.2097,,,,,,,,,,,,,,8337139884.0,184120992.0,8151018875.96
2017-08-27,0.2097,0.2104,0.193,0.2017,,,,,,,,,,,,,,7937903802.0,193971008.0,7783608183.04
2017-08-28,0.2017,0.242,0.1947,0.2252,,,,,,,,,,,,,,7688400423.0,542467968.0,8608499253.47
2017-08-29,0.2252,0.2262,0.2125,0.2199,,,,,,,,,,,,,,8374563474.0,269769984.0,8380583457.32
2017-08-30,0.2199,0.2332,0.2175,0.2319,,,,,,,,,,,,,,8439901380.0,181186000.0,8742626012.38
2017-08-31,0.2319,0.2648,0.2275,0.2593,,,,,,,,,,,,,,8710263809.0,432574016.0,9801836300.55
2017-09-01,0.2593,0.2604,0.2444,0.2529,,,,,,,,,,,,,,9696850861.0,283576000.0,9527639487.25
2017-09-02,0.2529,0.2538,0.2185,0.2252,,,,,,,,,,,,,,8881469063.0,329928000.0,8691360295.78
2017-09-03,0.2252,0.2381,0.2168,0.2303,,,,,,,,,,,,,,8834612889.0,186526000.0,8773492805.09
2017-09-04,0.2303,0.2306,0.1901,0.2045,,,,,,,,,,,,,,7936331705.0,239612992.0,7859260583.07
2017-09-05,0.2045,0.2204,0.1917,0.2168,,,,,,,,,,,,,,7918770225.0,242636000.0,8251172990.96
2017-09-06,0.2168,0.2329,0.2162,0.2314,,,,,,,,,,,,,,8474104087.0,163296992.0,8672840220.15
2017-09-07,0.2314,0.2318,0.2216,0.2271,,,,,,,,,,,,,,8442585449.0,103080000.0,8575216798.71
2017-09-08,0.2271,0.2295,0.2026,0.2122,,,,,,,,,,,,,,8600332015.0,151328992.0,8110412747.41
2017-09-09,0.2122,0.2145,0.2075,0.213,,,,,,,,,,,,,,8021876816.0,51185500.0,8052015076.22
2017-09-10,0.213,0.2243,0.1993,0.2173,,,,,,,,,,,,,,7740317985.0,117091000.0,8168426980.18
2017-09-11,0.2173,0.2216,0.2087,0.2143,,,,,,,,,,,,,,8206195664.0,138339008.0,8222491797.23
2017-09-12,0.2143,0.2242,0.206,0.2095,,,,,,,,,,,,,,8371074184.0,94519504.0,8025481137.64
2017-09-13,0.2095,0.2099,0.1904,0.1983,,,,,,,,,,,,,,7824099280.0,105471000.0,7698599885.58
2017-09-14,0.1983,0.2007,0.1663,0.1711,,,,,,,,,,,,,,7574174118.0,152532992.0,6294793490.41
2017-09-15,0.1711,0.1917,0.1483,0.1846,,,,,,,,,,,,,,6452578399.0,289414016.0,6953962476.22
2017-09-16,0.1846,0.1918,0.1741,0.1828,,,,,,,,,,,,,,7092537120.0,84495200.0,6866691892.09
2017-09-17,0.1828,0.1846,0.1717,0.1814,,,,,,,,,,,,,,6639351253.0,49161100.0,6840272985.03
2017-09-18,0.1814,0.1946,0.1814,0.1933,,,,,,,,,,,,,,7124055758.0,88397904.0,7276434186.45
2017-09-19,0.1933,0.1945,0.1831,0.1848,,,,,,,,,,,,,,7051662585.0,54046100.0,7056839003.99
2017-09-20,0.1848,0.1886,0.1808,0.1817,,,,,,,,,,,,,,7067882030.0,34521600.0,6981570042.37
2017-09-21,0.1817,0.1831,0.1703,0.171,,,,,,,,,,,,,,6914084880.0,43583200.0,6585708218.77
2017-09-22,0.171,0.177,0.1675,0.1728,,,,,,,,,,,,,,6644335953.0,37244700.0,6653040005.12
2017-09-23,0.1728,0.1803,0.1701,0.1791,,,,,,,,,,,,,,6718492943.0,32476700.0,6820679281.83
2017-09-24,0.1791,0.1799,0.1733,0.1757,,,,,,,,,,,,,,6718071160.0,20566500.0,6740348933.09
2017-09-25,0.1757,0.1869,0.1748,0.1846,,,,,,,,,,,,,,6796752724.0,35622600.0,6958908831.82
2017-09-26,0.1846,0.194,0.1809,0.1892,,,,,,,,,,,,,,6994491917.0,70000704.0,7136517507.42
2017-09-27,0.1892,0.2146,0.1874,0.2099,,,,,,,,,,,,,,7413283358.0,249934000.0,7795264710.97
2017-09-28,0.2099,0.2102,0.1968,0.2023,,,,,,,,,,,,,,7643959910.0,117962000.0,7520416052.35
2017-09-29,0.2023,0.2025,0.188,0.1967,,,,,,,,,,,,,,7366887309.0,72291200.0,7423597851.6
2017-09-30,0.1967,0.2051,0.1955,0.1999,,,,,,,,,,,,,,7575746216.0,54729300.0,7574020743.31
2017-10-01,0.1999,0.2085,0.1965,0.2083,,,,,,,,,,,,,,7582916514.0,51345500.0,7919230351.78
2017-10-02,0.2083,0.2092,0.2001,0.2031,,,,,,,,,,,,,,7808685055.0,77412304.0,7771376497.48
2017-10-03,0.2031,0.2062,0.198,0.2033,,,,,,,,,,,,,,7717618431.0,48703100.0,7795993243.97
2017-10-04,0.2033,0.217,0.2012,0.2135,,,,,,,,,,,,,,7816583887.0,123573000.0,8235260296.58
2017-10-05,0.2135,0.2442,0.2134,0.238,,,,,,,,,,,,,,8504088972.0,404299008.0,9088104027.74
2017-10-06,0.238,0.2444,0.2332,0.2334,,,,,,,,,,,,,,9141516999.0,167492000.0,9033236633.32
2017-10-07,0.2334,0.2411,0.2324,0.2397,,,,,,,,,,,,,,9095648212.0,77950200.0,9209664171.69
2017-10-08,0.2397,0.2811,0.2385,0.2799,,,,,,,,,,,,,,9336532979.0,529838016.0,10805038459.7
2017-10-09,0.2799,0.2802,0.234,0.2501,,,,,,,,,,,,,,10277261133.0,610110016.0,9719725409.81
2017-10-10,0.2501,0.2666,0.2406,0.2582,,,,,,,,,,,,,,9668602477.0,384048992.0,10064411506.9
2017-10-11,0.2582,0.2656,0.2553,0.2632,,,,,,,,,,,,,,10229891642.0,161206000.0,10207464779.9
2017-10-12,0.2632,0.2652,0.2461,0.2464,,,,,,,,,,,,,,10058968843.0,245004000.0,9588892545.51
2017-10-13,0.2464,0.2651,0.233,0.2602,,,,,,,,,,,,,,9613288030.0,398688992.0,10037042042.3
2017-10-14,0.2602,0.2685,0.2542,0.2556,,,,,,,,,,,,,,10207312912.0,211160000.0,9914935595.41
2017-10-15,0.2556,0.2691,0.2482,0.2652,,,,,,,,,,,,,,9937283887.0,280211008.0,10171671239.2
2017-10-16,0.2652,0.2977,0.2523,0.2579,,,,,,,,,,,,,,10457844978.0,963158016.0,9873013281.06
2017-10-17,0.2579,0.2654,0.214,0.2295,,,,,,,,,,,,,,9929307859.0,411264992.0,8941783048.4
2017-10-18,0.2295,0.2344,0.2016,0.217,,,,,,,,,,,,,,8631450033.0,354224992.0,8419911885.24
2017-10-19,0.217,0.232,0.2064,0.2139,,,,,,,,,,,,,,8208604925.0,304542016.0,8290060599.07
2017-10-20,0.2141,0.2234,0.2056,0.2082,,,,,,,,,,,,,,8326280245.0,182704000.0,8112776988.49
2017-10-21,0.2081,0.2107,0.1971,0.2097,,,,,,,,,,,,,,7915071662.0,116807000.0,8130771217.16
2017-10-22,0.2097,0.2114,0.1954,0.2014,,,,,,,,,,,,,,7871531023.0,75849504.0,7867254022.48
2017-10-23,0.2015,0.202,0.1845,0.1917,,,,,,,,,,,,,,7523282974.0,99914800.0,7587938896.83
2017-10-24,0.1917,0.2169,0.183,0.2038,,,,,,,,,,,,,,7993560407.0,220080992.0,7962311329.0
2017-10-25,0.2038,0.2047,0.1961,0.2023,,,,,,,,,,,,,,7950443615.0,75017504.0,7883706989.6
2017-10-26,0.2023,0.2046,0.1999,0.2019,,,,,,,,,,,,,,7904552552.0,38193100.0,7846100207.61
2017-10-27,0.2019,0.2027,0.198,0.2001,,,,,,,,,,,,,,7835889349.0,29623000.0,7813618120.3
2017-10-28,0.2001,0.2008,0.1974,0.1982,,,,,,,,,,,,,,7833230673.0,26864900.0,7777013158.32
2017-10-29,0.1981,0.2053,0.1966,0.2015,,,,,,,,,,,,,,7771349022.0,62511100.0,7813618120.3
2017-10-30,0.2015,0.2044,0.2001,0.2024,,,,,,,,,,,,,,7835773755.0,34835100.0,7810766786.42
2017-10-31,0.2024,0.2034,0.1975,0.1975,,,,,,,,,,,,,,7817163021.0,43875700.0,7727808383.12
2017-11-01,0.1975,0.2006,0.1896,0.1903,,,,,,,,,,,,,,7740562322.0,67921000.0,7479896461.69
2017-11-02,0.191,0.2065,0.1755,0.2003,,,,,,,,,,,,,,7229672647.0,197770000.0,7932141134.02
2017-11-03,0.2003,0.2263,0.1961,0.2059,,,,,,,,,,,,,,7983619270.0,373401984.0,8019684790.45
2017-11-04,0.2059,0.2061,0.2001,0.2015,,,,,,,,,,,,,,7894457288.0,74013200.0,7850801055.36
2017-11-05,0.2014,0.2033,0.1984,0.1997,,,,,,,,,,,,,,7845984612.0,46959000.0,7785490096.88
2017-11-06,0.1997,0.2067,0.1981,0.2013,,,,,,,,,,,,,,7807337479.0,102233000.0,7937111702.54
2017-11-07,0.2013,0.2065,0.1993,0.2055,,,,,,,,,,,,,,7959575589.0,114073000.0,8105263338.4
2017-11-08,0.2055,0.2235,0.2031,0.2167,,,,,,,,,,,,,,8111505447.0,156959008.0,8378182228.58
2017-11-09,0.2167,0.2218,0.2126,0.2154,,,,,,,,,,,,,,8465533227.0,147916992.0,8380147337.07
2017-11-10,0.2154,0.2185,0.1988,0.2033,,,,,,,,,,,,,,8344582726.0,141032992.0,7956107751.23
2017-11-11,0.2033,0.2147,0.2016,0.2092,,,,,,,,,,,,,,8131965694.0,134503008.0,8108191735.36
2017-11-12,0.2092,0.2094,0.1861,0.1915,,,,,,,,,,,,,,7566322703.0,251175008.0,7603775359.33
2017-11-13,0.1915,0.2001,0.1906,0.2001,,,,,,,,,,,,,,7757824451.0,132567000.0,7857514002.15
2017-11-14,0.2001,0.2103,0.1995,0.205,,,,,,,,,,,,,,8000302754.0,127361000.0,8104043783.99
2017-11-15,0.205,0.2101,0.2037,0.2083,,,,,,,,,,,,,,8168080503.0,100294000.0,8224976686.5
2017-11-16,0.2083,0.2809,0.2058,0.2269,,,,,,,,,,,,,,8157579739.0,1022579968.0,8771529237.69
2017-11-17,0.227,0.2376,0.2174,0.2239,,,,,,,,,,,,,,8799067360.0,397071008.0,8751213596.25
2017-11-18,0.2239,0.2293,0.2191,0.2275,,,,,,,,,,,,,,8770100190.0,144298000.0,8830236034.22
2017-11-19,0.2275,0.237,0.2231,0.2321,,,,,,,,,,,,,,8759478895.0,193808000.0,8922506124.31
2017-11-20,0.2322,0.2462,0.2315,0.2406,,,,,,,,,,,,,,9100480412.0,214663008.0,9221563180.62
2017-11-21,0.2409,0.2444,0.2292,0.2318,,,,,,,,,,,,,,9130335908.0,217851008.0,9009595603.64
2017-11-22,0.2321,0.2417,0.2317,0.2385,,,,,,,,,,,,,,9115962988.0,167078000.0,9225420203.5
2017-11-23,0.2385,0.2503,0.2357,0.24,,,,,,,,,,,,,,9234651069.0,240684992.0,9362261033.37
2017-11-24,0.24,0.2443,0.2312,0.241,,,,,,,,,,,,,,9219588150.0,211486000.0,9448776263.09
2017-11-25,0.241,0.2531,0.2394,0.2488,,,,,,,,,,,,,,9507096797.0,212592992.0,9748142131.64
2017-11-26,0.2489,0.2492,0.2412,0.245,,,,,,,,,,,,,,9690941660.0,133297000.0,9610065369.92
2017-11-27,0.2445,0.2497,0.2403,0.247,,,,,,,,,,,,,,9771586213.0,196735008.0,9807389614.85
2017-11-28,0.247,0.2806,0.2467,0.2795,,,,,,,,,,,,,,10335711859.0,720742976.0,11554108929.2
2017-11-29,0.2796,0.2797,0.2128,0.2353,,,,,,,,,,,,,,10847580760.0,541177984.0,9387829373.58
2017-11-30,0.2356,0.2468,0.22,0.2356,,,,,,,,,,,,,,9653863704.0,270907008.0,9689628482.97
2017-12-01,0.2369,0.2511,0.2259,0.2473,,,,,,,,,,,,,,9418843538.0,182992000.0,9875829341.22
2017-12-02,0.2473,0.2494,0.2403,0.2441,,,,,,,,,,,,,,9968408361.0,118250000.0,9867834407.05
2017-12-03,0.2441,0.2586,0.2354,0.2449,,,,,,,,,,,,,,9907191111.0,134710000.0,9754514905.26
2017-12-04,0.2449,0.2486,0.2354,0.2462,,,,,,,,,,,,,,9842188821.0,104650000.0,9814930419.61
2017-12-05,0.2462,0.2469,0.2305,0.2337,,,,,,,,,,,,,,9708834989.0,174591008.0,9533742325.86
2017-12-06,0.2337,0.234,0.2099,0.2182,,,,,,,,,,,,,,9394939969.0,274526016.0,9008555736.97
2017-12-07,0.2182,0.2197,0.2009,0.2035,,,,,,,,,,,,,,8819315013.0,275204992.0,8631972508.34
2017-12-08,0.2037,0.253,0.2005,0.2337,,,,,,,,,,,,,,9715273959.0,660172032.0,9767106894.55
2017-12-09,0.2337,0.2446,0.2295,0.2353,,,,,,,,,,,,,,9730769576.0,205288992.0,9479778657.22
2017-12-10,0.2353,0.2366,0.2223,0.2271,,,,,,,,,,,,,,9024671183.0,198174000.0,9194077463.97
2017-12-11,0.2271,0.247,0.227,0.2451,,,,,,,,,,,,,,9455682909.0,176100992.0,9750294105.69
2017-12-12,0.2451,0.4369,0.2442,0.3555,,,,,,,,,,,,,,10370159162.0,1555040000.0,14470658905.3
2017-12-13,0.3555,0.5006,0.3388,0.4584,,,,,,,,,,,,,,18479308135.0,2738759936.0,18248577789.1
2017-12-14,0.4582,0.8809,0.4527,0.8507,,,,,,,,,,,,,,21483412601.0,6358700032.0,33480809542.9
2017-12-15,0.8507,0.8523,0.6183,0.7377,,,,,,,,,,,,,,30430179364.0,3194210048.0,29293805289.5
2017-12-16,0.7375,0.8122,0.7177,0.7397,,,,,,,,,,,,,,29668257863.0,1334770048.0,29389142325.0
2017-12-17,0.7397,0.7524,0.7016,0.7114,,,,,,,,,,,,,,29223183828.0,805200000.0,28216275975.6
2017-12-18,0.7118,0.7912,0.6651,0.7558,,,,,,,,,,,,,,29103712305.0,1342720000.0,30154821522.9
2017-12-19,0.7558,0.8402,0.7019,0.7344,,,,,,,,,,,,,,32400219836.0,1449670016.0,30652619534.2
2017-12-20,0.7344,0.7426,0.6568,0.7144,,,,,,,,,,,,,,29758132679.0,1007420032.0,30060181792.1
2017-12-21,0.7144,1.13,0.7128,1.12,,,,,,,,,,,,,,38762388333.0,3626109952.0,46218124151.2
2017-12-22,1.12,1.24,0.6203,1.0,,,,,,,,,,,,,,42284163991.0,4644700160.0,44095993796.4
2017-12-23,1.0,1.07,0.9263,1.01,,,,,,,,,,,,,,44037885079.0,1497590016.0,45492927359.6
2017-12-24,1.01,1.01,0.8253,0.9782,,,,,,,,,,,,,,42391858814.0,754958976.0,40441730263.0
2017-12-25,0.9782,1.02,0.9236,0.9805,,,,,,,,,,,,,,40729562109.0,686014016.0,43477717044.7
2017-12-26,0.9805,1.09,0.9712,1.07,,,,,,,,,,,,,,43618727531.0,938846976.0,46079825404.1
2017-12-27,1.07,1.28,1.07,1.21,,,,,,,,,,,,,,48765610316.0,2854259968.0,54220856693.7
2017-12-28,1.21,1.31,1.1,1.26,,,,,,,,,,,,,,52348206431.0,2843300096.0,55431067578.7
2017-12-29,1.26,1.97,1.25,1.93,,,,,,,,,,,,,,62191048354.0,7545739776.0,85791710178.2
2017-12-30,1.93,2.44,1.77,1.86,,,,,,,,,,,,,,96786654268.0,8108389888.0,83638588507.6
2017-12-31,1.86,2.09,1.61,1.98,,,,,,,,,,,,,,85587167493.0,4642079744.0,89122114460.7
2018-01-01,1.98,2.09,1.81,2.05,,,,,,,,,,,,,,87787550920.0,1894230016.0,92626457503.5
2018-01-02,2.05,2.21,1.89,2.19,,,,,,,,,,,,,,90668581122.0,3171010048.0,96107944450.9
2018-01-03,2.19,2.85,2.15,2.73,,,,,,,,,,,,,,106451683516.0,6635879936.0,120299378234.0
2018-01-04,2.73,3.29,2.58,2.73,,,,,,,,,,,,,,141363013461.0,8103660032.0,123834712592.0
2018-01-05,2.73,3.05,2.24,2.51,,,,,,,,,,,,,,128715070060.0,6288500224.0,118104418286.0
2018-01-06,2.51,2.85,2.46,2.65,,,,,,,,,,,,,,119207709131.0,2777560064.0,119857751982.0
2018-01-07,2.65,2.82,2.58,2.78,,,,,,,,,,,,,,125247529204.0,2395150080.0,130853470856.0
2018-01-08,2.78,2.78,1.93,2.41,,,,,,,,,,,,,,99609963145.0,3315259904.0,95151474964.6
2018-01-09,2.26936,2.28746,1.98827,2.1219,,,,,,,,,,,,,,94466566883.0,3694700032.0,81421159856.5
2018-01-10,2.1219,2.1822,1.6817,1.99901,,,,,,,,,,,,,,73839517937.0,4833639936.0,76506707920.3
2018-01-11,2.00062,2.19216,1.64395,1.94728,,,,,,,,,,,,,,70561411673.0,6296119808.0,75572319795.7
2018-01-12,1.94897,2.12478,1.85842,2.02243,,,,,,,,,,,,,,78385943738.0,3330810112.0,79152978765.7
2018-01-13,2.02184,2.11762,1.9881,2.04008,,,,,,,,,,,,,,80431757869.0,2130169984.0,78305366321.0
2018-01-14,2.0399,2.04136,1.82547,1.88429,,,,,,,,,,,,,,73488541303.0,1978200064.0,72100905208.4
2018-01-15,1.88429,1.92504,1.67782,1.70757,,,,,,,,,,,,,,71252130589.0,1838460032.0,64955082925.5
2018-01-16,1.70878,1.73382,0.90028,1.19846,,,,,,,,,,,,,,52272662352.0,5687960064.0,45682746768.4
2018-01-17,1.1979,1.42809,0.88529,1.34068,,,,,,,,,,,,,,43838763570.0,7251210240.0,50606491819.7
2018-01-18,1.34073,1.75914,1.25973,1.60697,,,,,,,,,,,,,,55039024540.0,9110439936.0,61850140629.2
2018-01-19,1.60712,1.7128,1.50367,1.57155,,,,,,,,,,,,,,64625025428.0,3697430016.0,60125086599.8
2018-01-20,1.57383,1.65727,1.52065,1.60149,,,,,,,,,,,,,,61338009161.0,2346449920.0,61154385624.3
2018-01-21,1.60096,1.60199,1.35002,1.39464,,,,,,,,,,,,,,54088365975.0,2840750080.0,53461566644.9
2018-01-22,1.39622,1.44513,1.1701,1.37243,,,,,,,,,,,,,,54314602569.0,2642510080.0,52582575494.5
2018-01-23,1.37198,1.46006,1.21422,1.36019,,,,,,,,,,,,,,50332218688.0,2977080064.0,51796945678.3
2018-01-24,1.36125,1.44365,1.321,1.38162,,,,,,,,,,,,,,52950209959.0,1853440000.0,52574827665.9
2018-01-25,1.38152,1.40163,1.28565,1.30863,,,,,,,,,,,,,,51869387875.0,986067968.0,50834665370.9
2018-01-26,1.30864,1.32551,1.12097,1.21363,,,,,,,,,,,,,,45730008522.0,2037570048.0,47155996369.5
2018-01-27,1.21363,1.24298,1.18317,1.22142,,,,,,,,,,,,,,47020021978.0,689100992.0,47227276392.3
2018-01-28,1.22147,1.39393,1.21828,1.3632,,,,,,,,,,,,,,50047485988.0,1327360000.0,54219304278.3
2018-01-29,1.36329,1.37075,1.25299,1.271,,,,,,,,,,,,,,51340211184.0,1073680000.0,51289462907.5
2018-01-30,1.27101,1.27281,1.09043,1.11266,,,,,,,,,,,,,,48838824733.0,1134640000.0,44106838438.9
2018-01-31,1.11594,1.14804,1.02701,1.13931,,,,,,,,,,,,,,43318496882.0,1264029952.0,45029992212.1
2018-02-01,1.13627,1.14261,0.89933,0.95131,,,,,,,,,,,,,,42213656529.0,1410419968.0,37547540520.6
2018-02-02,0.95131,0.96437,0.66529,0.8993,,,,,,,,,,,,,,28143900932.0,3529760000.0,34514730026.0
2018-02-03,0.90083,1.01952,0.7825,0.95978,,,,,,,,,,,,,,33835540569.0,1988960000.0,36046192830.6
2018-02-04,0.95985,0.96898,0.78294,0.81795,,,,,,,,,,,,,,35767159909.0,1190960000.0,31819934386.7
2018-02-05,0.8179,0.83638,0.64196,0.68132,,,,,,,,,,,,,,31239399236.0,1286179968.0,26986536507.5
2018-02-06,0.68136,0.77926,0.5746,0.76185,,,,,,,,,,,,,,25677426233.0,2361139968.0,30286482112.1
2018-02-07,0.76286,0.81291,0.69687,0.71781,,,,,,,,,,,,,,30091592069.0,1133369984.0,28238576299.0
2018-02-08,0.71783,0.79002,0.71286,0.78213,,,,,,,,,,,,,,29795434103.0,947315008.0,31412678173.4
2018-02-09,0.78205,0.92851,0.74203,0.92043,,,,,,,,,,,,,,31275053659.0,1690339968.0,37231487853.8
2018-02-10,0.9202,1.22864,0.90687,1.02892,,,,,,,,,,,,,,43162527048.0,4682010112.0,41768727766.4
2018-02-11,1.02856,1.03859,0.8941,0.96074,,,,,,,,,,,,,,38681460406.0,2555310080.0,39171494175.9
2018-02-12,0.96117,1.07547,0.95916,1.0427,,,,,,,,,,,,,,42928861845.0,1756290048.0,42169352413.0
2018-02-13,1.0427,1.04843,0.96758,0.98725,,,,,,,,,,,,,,39984836326.0,921100032.0,40078458444.1
2018-02-14,0.98734,1.15377,0.98113,1.12865,,,,,,,,,,,,,,40816902899.0,1457600000.0,44533700985.0
2018-02-15,1.1283,1.14278,1.07074,1.10821,,,,,,,,,,,,,,44395608360.0,1188530048.0,44738109276.0
2018-02-16,1.10797,1.11712,1.06601,1.11358,,,,,,,,,,,,,,43876395698.0,568339008.0,44393657900.1
2018-02-17,1.11358,1.20265,1.10391,1.17811,,,,,,,,,,,,,,44402630019.0,1186729984.0,47005324900.5
2018-02-18,1.17809,1.17907,1.04427,1.07052,,,,,,,,,,,,,,42651116228.0,1113650048.0,43708265977.8
2018-02-19,1.06984,1.13353,1.06949,1.10954,,,,,,,,,,,,,,45207780234.0,556304000.0,44642926789.3
2018-02-20,1.10954,1.13297,1.01181,1.02735,,,,,,,,,,,,,,44695199138.0,806673024.0,42498980286.9
2018-02-21,1.02801,1.04072,0.94058,0.95247,,,,,,,,,,,,,,41845575921.0,871526016.0,39609567669.7
2018-02-22,0.95243,1.00433,0.86399,0.89144,,,,,,,,,,,,,,37897843278.0,889707008.0,36738411365.6
2018-02-23,0.89144,0.98311,0.85367,0.94178,,,,,,,,,,,,,,38762457278.0,896403968.0,39050038643.5
2018-02-24,0.94109,0.96733,0.87252,0.90218,,,,,,,,,,,,,,37009876391.0,489920000.0,37312157401.6
2018-02-25,0.90218,0.92479,0.88094,0.9026,,,,,,,,,,,,,,37137638204.0,360271008.0,36885437635.7
2018-02-26,0.90303,0.94378,0.8773,0.92937,,,,,,,,,,,,,,36410826737.0,458612992.0,37408213330.6
2018-02-27,0.92978,0.95805,0.91822,0.92968,,,,,,,,,,,,,,37491837112.0,312712992.0,37034701590.5
2018-02-28,0.92939,0.94707,0.88353,0.88692,,,,,,,,,,,,,,35932970969.0,329529984.0,35364493451.2
2018-03-01,0.88692,0.94714,0.87629,0.91533,,,,,,,,,,,,,,35814396434.0,475256992.0,36293542330.5
2018-03-02,0.91533,0.92145,0.88771,0.89935,,,,,,,,,,,,,,35466921832.0,271036000.0,35579309844.2
2018-03-03,0.89921,0.92053,0.8923,0.89855,,,,,,,,,,,,,,35611091605.0,280852992.0,35487834665.5
2018-03-04,0.89849,1.02711,0.88572,1.0043,,,,,,,,,,,,,,35215090083.0,797225984.0,39308526146.2
2018-03-05,1.00421,1.08514,0.94342,0.94569,,,,,,,,,,,,,,41204876965.0,1706819968.0,37503572321.1
2018-03-06,0.94401,0.9798,0.89676,0.90345,,,,,,,,,,,,,,36951711168.0,875180032.0,36077458648.5
2018-03-07,0.90367,0.91412,0.79199,0.85192,,,,,,,,,,,,,,36030079197.0,809598016.0,34057303601.8
2018-03-08,0.85212,0.87251,0.79771,0.80642,,,,,,,,,,,,,,34053003486.0,499496000.0,32284366089.3
2018-03-09,0.80633,0.84138,0.73363,0.82457,,,,,,,,,,,,,,31152067563.0,989203008.0,33218820222.4
2018-03-10,0.82449,0.84073,0.77066,0.77546,,,,,,,,,,,,,,32699131749.0,402670016.0,31141708194.8
2018-03-11,0.77546,0.82985,0.7523,0.81652,,,,,,,,,,,,,,31939457755.0,472972000.0,32490185241.4
2018-03-12,0.8169,0.82695,0.76613,0.78325,,,,,,,,,,,,,,32705269187.0,355031008.0,31314533735.4
2018-03-13,0.78325,0.79943,0.76337,0.77825,,,,,,,,,,,,,,30723150614.0,279679008.0,30871158541.6
2018-03-14,0.77825,0.79079,0.65633,0.68783,,,,,,,,,,,,,,29495442853.0,479148992.0,27438554006.0
2018-03-15,0.68784,0.72309,0.63136,0.68468,,,,,,,,,,,,,,28173478276.0,888345024.0,27257442083.4
2018-03-16,0.68468,0.71019,0.66083,0.67874,,,,,,,,,,,,,,27096462394.0,502740000.0,26944356525.8
2018-03-17,0.6782,0.68321,0.6172,0.62952,,,,,,,,,,,,,,26732049413.0,319824000.0,24934885930.0
2018-03-18,0.62944,0.68163,0.53945,0.65043,,,,,,,,,,,,,,23813031849.0,923606016.0,25752723731.3
2018-03-19,0.65052,0.72417,0.62823,0.72155,,,,,,,,,,,,,,25935790239.0,1096930048.0,29284604562.7
2018-03-20,0.72095,0.72095,0.65919,0.70026,,,,,,,,,,,,,,27168089362.0,814275968.0,27749301270.2
2018-03-21,0.70026,0.70936,0.66237,0.68035,,,,,,,,,,,,,,27791288328.0,527324000.0,27118166203.1
2018-03-22,0.68042,0.69119,0.62382,0.65445,,,,,,,,,,,,,,25885373016.0,449041984.0,25909425482.8
2018-03-23,0.65445,0.65445,0.61433,0.6404,,,,,,,,,,,,,,24902201810.0,387164000.0,25144390548.8
2018-03-24,0.64045,0.67795,0.62902,0.62913,,,,,,,,,,,,,,25158386282.0,390740000.0,25069759668.9
2018-03-25,0.62921,0.65427,0.62239,0.63466,,,,,,,,,,,,,,24719553580.0,229352000.0,25093607147.5
2018-03-26,0.63466,0.63715,0.57604,0.58843,,,,,,,,,,,,,,23423540851.0,384504992.0,23435542779.3
2018-03-27,0.58893,0.5964,0.5582,0.57012,,,,,,,,,,,,,,22718906498.0,351380992.0,22593218558.0
2018-03-28,0.57022,0.58862,0.56588,0.57354,,,,,,,,,,,,,,23072787444.0,258298000.0,22596541567.3
2018-03-29,0.57359,0.57493,0.49814,0.50298,,,,,,,,,,,,,,21061350355.0,420550016.0,19997127299.9
2018-03-30,0.50333,0.52665,0.47369,0.49917,,,,,,,,,,,,,,20002633287.0,518219008.0,19921199401.3
2018-03-31,0.49929,0.52182,0.49327,0.50089,,,,,,,,,,,,,,20272893708.0,293208000.0,20030194924.8
2018-04-01,0.50127,0.50893,0.45579,0.47874,,,,,,,,,,,,,,19037467762.0,297868992.0,18964009158.3
2018-04-02,0.47874,0.50364,0.47223,0.49373,,,,,,,,,,,,,,19742420158.0,262342000.0,19574157341.7
2018-04-03,0.49379,0.55252,0.49218,0.54745,,,,,,,,,,,,,,21014673143.0,578238976.0,21816462666.5
2018-04-04,0.54744,0.55256,0.4869,0.49122,,,,,,,,,,,,,,20046380056.0,415257984.0,19611023474.6
2018-04-05,0.49145,0.49787,0.47598,0.48931,,,,,,,,,,,,,,19395417193.0,358755008.0,19383102419.4
2018-04-06,0.48931,0.4945,0.4605,0.47391,,,,,,,,,,,,,,18446905934.0,218156000.0,18625841554.9
2018-04-07,0.47369,0.4963,0.472,0.48562,,,,,,,,,,,,,,18995988476.0,209076000.0,19072926492.8
2018-04-08,0.48562,0.50127,0.48532,0.4984,,,,,,,,,,,,,,19218475393.0,137548000.0,19562819930.7
2018-04-09,0.49842,0.5116,0.47668,0.48669,,,,,,,,,,,,,,19027733226.0,271775008.0,19228835441.0
2018-04-10,0.48696,0.49408,0.47787,0.49152,,,,,,,,,,,,,,18922295304.0,154495008.0,19231806624.6
2018-04-11,0.49153,0.55401,0.48745,0.54025,,,,,,,,,,,,,,19224065909.0,341707008.0,21091728443.2
2018-04-12,0.54069,0.66235,0.5029,0.64141,,,,,,,,,,,,,,21268357487.0,1346739968.0,24597948739.8
2018-04-13,0.64141,0.70904,0.61385,0.64073,,,,,,,,,,,,,,24973918799.0,1245170048.0,24963746872.7
2018-04-14,0.64107,0.67152,0.62258,0.64046,,,,,,,,,,,,,,24911557064.0,626268032.0,24732805014.1
2018-04-15,0.64049,0.69545,0.64044,0.69374,,,,,,,,,,,,,,26403974323.0,609636992.0,26702637740.7
2018-04-16,0.69374,0.69491,0.63689,0.66449,,,,,,,,,,,,,,25720929446.0,531996000.0,25950032533.9
2018-04-17,0.66417,0.68189,0.65259,0.65532,,,,,,,,,,,,,,26214815610.0,442352992.0,25701055066.7
2018-04-18,0.65533,0.72878,0.65433,0.71267,,,,,,,,,,,,,,26675056170.0,624049024.0,27735401282.3
2018-04-19,0.71351,0.78757,0.70641,0.78299,,,,,,,,,,,,,,28179210268.0,878328000.0,30984314667.6
2018-04-20,0.78299,0.93623,0.78299,0.92432,,,,,,,,,,,,,,34236709981.0,2344069888.0,36167654650.1
2018-04-21,0.92432,0.92432,0.80788,0.86585,,,,,,,,,,,,,,32219929901.0,1563970048.0,34158229654.9
2018-04-22,0.8662,0.9128,0.83879,0.8629,,,,,,,,,,,,,,35434415226.0,946398976.0,34036636008.2
2018-04-23,0.86305,0.88331,0.84818,0.87375,,,,,,,,,,,,,,34270433830.0,674545024.0,34317793232.3
2018-04-24,0.87375,0.96427,0.86879,0.92197,,,,,,,,,,,,,,35942125796.0,1572930048.0,36593127158.6
2018-04-25,0.92102,0.92557,0.67787,0.795,,,,,,,,,,,,,,32024843514.0,1614050048.0,31340724463.9
2018-04-26,0.79496,0.87556,0.76296,0.84858,,,,,,,,,,,,,,31564797332.0,1028590016.0,33368771823.3
2018-04-27,0.84728,0.86047,0.80646,0.80831,,,,,,,,,,,,,,33464523436.0,673793024.0,31860507752.6
2018-04-28,0.80824,0.88902,0.80498,0.86288,,,,,,,,,,,,,,32866721764.0,788718976.0,33814647080.0
2018-04-29,0.86295,0.9086,0.82577,0.86782,,,,,,,,,,,,,,33149083329.0,896313984.0,34165945109.3
2018-04-30,0.86843,0.87462,0.82017,0.83137,,,,,,,,,,,,,,33366814513.0,575363968.0,32802091382.9
2018-05-01,0.83143,0.83752,0.78255,0.83491,,,,,,,,,,,,,,32627577608.0,630809024.0,32944324344.5
2018-05-02,0.83491,0.86546,0.82433,0.85921,,,,,,,,,,,,,,33611271043.0,544425984.0,33636838507.9
2018-05-03,0.85924,0.89279,0.84174,0.88075,,,,,,,,,,,,,,33447373022.0,725228992.0,34651838438.6
2018-05-04,0.5,1.5,0.5,0.8899,0.5,1.5,0.5,0.8899,37492.0,15525.0,21967.0,20890213.82,18946724.6944755,8580293.34,7765705.5420755,12309920.48,11181019.1524,35452132744.0,1007609984.0,35081859014.5
2018-05-05,0.8898,0.935,0.888,0.9028,0.8898,0.935,0.888,0.9028,26476.0,13630.0,12846.0,16816165.3,15282000.0777909,8057022.91,7321986.1399994,8759142.39,7960013.9377915,35347291722.0,668800000.0,35460360179.3
2018-05-06,0.9028,0.918,0.83774,0.86483,0.9028,0.918,0.83774,0.86483,28713.0,14129.0,14584.0,16002035.8,13997141.5638168,7105353.54,6202720.6376838,8896682.26,7794420.926133,34203443259.0,640057024.0,34140875578.6
2018-05-07,0.86482,0.86886,0.8,0.8249,0.86482,0.86886,0.8,0.8249,29174.0,14533.0,14641.0,17303486.4,14192279.7292327,7663873.06,6270763.1524248,9639613.34,7921516.5768079,32311916891.0,602534976.0,32621425141.7
2018-05-08,0.8249,0.84802,0.792,0.80667,0.8249,0.84802,0.792,0.80667,23010.0,12203.0,10807.0,12971303.18,10571844.1306248,5941956.44,4847939.688014,7029346.74,5723904.4426108,31938665613.0,465040992.0,31889927859.2
2018-05-09,0.80667,0.81894,0.7569,0.79481,0.80667,0.81894,0.7569,0.79481,26971.0,14057.0,12914.0,13982375.89,11014807.2399319,6959966.53,5481454.8884517,7022409.36,5533352.3514802,31441571857.0,611574976.0,31422648758.5
2018-05-10,0.79481,0.80572,0.74085,0.74558,0.79481,0.80572,0.74085,0.74558,20175.0,10832.0,9343.0,10136895.73,7949198.409258,4439818.93,3482182.6810076,5697076.8,4467015.7282504,31326035170.0,399324000.0,29706405924.2
2018-05-11,0.7492,0.75602,0.64758,0.6761,0.74562,0.75602,0.64758,0.6761,50248.0,24706.0,25542.0,31292480.04,21611338.0498561,14712053.67,10103226.2877778,16580426.37,11508111.7620783,26857950569.0,991409024.0,26843090365.4
2018-05-12,0.67376,0.71,0.62519,0.68522,0.67376,0.71,0.62519,0.68522,33907.0,15068.0,18839.0,18181151.11,12223888.8379142,7997751.67,5381952.9203652,10183399.44,6841935.917549,27288484354.0,596684992.0,27305022521.0
2018-05-13,0.68192,0.7501,0.66456,0.72999,0.68192,0.7501,0.66456,0.72999,29953.0,13852.0,16101.0,17521261.77,12503150.5196937,8303020.7,5916965.1230793,9218241.07,6586185.3966144,27438503552.0,532488000.0,29225840434.3
2018-05-14,0.72999,0.7499,0.68585,0.72694,0.72897,0.7499,0.68585,0.72694,35859.0,17250.0,18609.0,21771364.96,15661876.5437869,9846287.51,7081706.547908,11925077.45,8580169.9958789,28829159575.0,613462016.0,29035769088.3
2018-05-15,0.72695,0.74892,0.6801,0.689,0.72695,0.74892,0.6801,0.689,22403.0,11397.0,11006.0,12951988.45,9315740.4729229,6043057.82,4344307.1402962,6908930.63,4971433.3326267,29306415008.0,422980000.0,27377641532.1
2018-05-16,0.689,0.712,0.65756,0.70585,0.689,0.712,0.65756,0.70585,18836.0,9221.0,9615.0,11182432.7,7602189.9923878,5378728.97,3658187.3211456,5803703.73,3944002.6712422,27670116265.0,429641984.0,27984811710.1
2018-05-17,0.70942,0.712,0.6482,0.65849,0.70942,0.712,0.6482,0.65849,17108.0,9190.0,7918.0,10070061.14,6897498.1823117,4900105.69,3364677.4611544,5169955.45,3532820.7211573,27271750237.0,337999008.0,26151857705.6
2018-05-18,0.65849,0.68255,0.646,0.67766,0.65849,0.68255,0.646,0.67766,17434.0,8633.0,8801.0,10140675.13,6745876.6916484,4897821.95,3264359.2222635,5242853.18,3481517.4693849,26343222320.0,344944000.0,26660700253.2
2018-05-19,0.67698,0.69139,0.6611,0.67339,0.67698,0.69139,0.6611,0.67339,11991.0,6012.0,5979.0,6854397.75,4624460.5306185,3406639.88,2298450.0819077,3447757.87,2326010.4487108,26362895684.0,249039008.0,26520360976.9
2018-05-20,0.67483,0.70659,0.668,0.6994,0.67494,0.70659,0.668,0.6994,15301.0,7851.0,7450.0,8055673.92,5558451.0162887,4443174.05,3067546.8924936,3612499.87,2490904.1237951,26851045928.0,275614016.0,27442540119.6
2018-05-21,0.6994,0.705,0.66666,0.67612,0.6994,0.705,0.66666,0.67612,15647.0,7559.0,8088.0,7908213.57,5420030.2894863,3350164.18,2296478.1730167,4558049.39,3123552.1164696,26990366266.0,250480992.0,26711372882.1
2018-05-22,0.67612,0.67817,0.635,0.63782,0.67612,0.67817,0.635,0.63782,14642.0,7344.0,7298.0,7567010.71,4982003.424795,3434610.57,2258972.1051671,4132400.14,2723031.3196279,26281850830.0,234712992.0,25299750226.1
2018-05-23,0.63782,0.64488,0.5731,0.59198,0.63782,0.64488,0.5731,0.59198,31407.0,15270.0,16137.0,20078062.21,12176385.086686,9130039.89,5543765.1973045,10948022.32,6632619.8893815,24236683147.0,482480992.0,23498069816.3
2018-05-24,0.59053,0.64,0.57617,0.62814,0.59053,0.64,0.57617,0.62814,24696.0,11671.0,13025.0,14214140.1,8700112.8757114,6528856.78,3995619.0036634,7685283.32,4704493.872048,24127930985.0,440532992.0,24767942357.1
2018-05-25,0.62966,0.63391,0.59336,0.60459,0.63,0.63391,0.59336,0.60459,22182.0,11338.0,10844.0,20060607.91,12208461.5322743,11606885.16,7059761.6221055,8453722.75,5148699.9101688,24256395701.0,289816000.0,23945109784.0
2018-05-26,0.60596,0.62618,0.59771,0.60852,0.60596,0.62618,0.59771,0.60852,20665.0,10665.0,10000.0,25800066.42,15835491.8882858,15979550.23,9814600.7783622,9820516.19,6020891.1099236,24346062349.0,213242000.0,24012007059.8
2018-05-27,0.60907,0.648,0.59705,0.60416,0.60856,0.648,0.59705,0.60416,17852.0,9084.0,8768.0,23735080.8,14343498.0709639,14690368.57,8886803.0844117,9044712.23,5456694.9865522,23902118388.0,186963008.0,23822837083.1
2018-05-28,0.60417,0.6091,0.5434,0.54689,0.60417,0.6091,0.5434,0.54689,26621.0,13277.0,13344.0,29854808.11,17222339.8894059,15977400.95,9226361.6386967,13877407.16,7995978.2507092,22587882803.0,327903008.0,21644580268.4
2018-05-29,0.54689,0.60921,0.54303,0.59998,0.54689,0.60921,0.54303,0.59998,27166.0,13971.0,13195.0,30948291.22,17917595.5436051,17587477.66,10168521.2321253,13360813.56,7749074.3114798,23505594290.0,380744000.0,23562615694.0
2018-05-30,0.5997,0.626,0.58101,0.60149,0.59943,0.626,0.58101,0.60149,25759.0,13254.0,12505.0,31305613.07,18886579.3618361,17746483.17,10710970.1122182,13559129.9,8175609.2496179,24274501467.0,320604992.0,23741948988.6
2018-05-31,0.60051,0.62255,0.58829,0.6114,0.60051,0.62255,0.58829,0.6114,28332.0,13918.0,14414.0,33579966.89,20482812.8093579,18354470.71,11196589.998735,15225496.18,9286222.8106229,24117114554.0,283328000.0,24008636722.5
2018-06-01,0.6114,0.62428,0.6024,0.62151,0.61053,0.62428,0.6024,0.62151,26882.0,13804.0,13078.0,34403361.87,21071397.5305232,20665105.55,12660032.0391702,13738256.32,8411365.491353,24325957895.0,263088000.0,24461754518.7
2018-06-02,0.62236,0.65204,0.61513,0.64269,0.62236,0.65204,0.61513,0.64269,30570.0,15346.0,15224.0,37211532.2,23702560.1167091,22153226.27,14105395.2477296,15058305.93,9597164.8689795,25223864192.0,315206016.0,25249999048.4
2018-06-03,0.64285,0.69101,0.63862,0.6901,0.64285,0.69101,0.63862,0.6901,34763.0,17320.0,17443.0,37142715.53,24486265.639337,21732634.39,14319099.9793306,15410081.14,10167165.6600064,25936961199.0,327804000.0,26339108356.8
2018-06-04,0.6901,0.707,0.6351,0.65507,0.6901,0.707,0.6351,0.65507,51519.0,25648.0,25871.0,48289982.65,32100617.0883567,25998134.35,17279792.4946701,22291848.3,14820824.5936866,25633388755.0,558131008.0,25955326234.0
2018-06-05,0.65508,0.686,0.6328,0.67464,0.65508,0.686,0.6328,0.67464,39571.0,20257.0,19314.0,42509387.77,28070582.1314106,24818974.98,16389459.145474,17690412.79,11681122.9859366,26086667621.0,386328000.0,26567101622.0
2018-06-06,0.67507,0.6833,0.653,0.6741,0.67507,0.6833,0.653,0.6741,31424.0,15605.0,15819.0,34326183.79,22997564.6483558,20599033.56,13805804.0412227,13727150.23,9191760.6071331,26382352518.0,273966016.0,26480063917.7
2018-06-07,0.6738,0.69,0.67089,0.67756,0.6738,0.69,0.67089,0.67756,28989.0,15101.0,13888.0,35031819.04,23809284.7139929,21586892.03,14672978.5676339,13444927.01,9136306.146359,26780850213.0,244568000.0,26612667216.8
2018-06-08,0.6777,0.68,0.65832,0.6721,0.67756,0.68,0.65832,0.6721,22990.0,11218.0,11772.0,32089604.02,21502857.3219476,18737083.13,12559804.2806458,13352520.89,8943053.0413018,26092680074.0,221887008.0,26464127493.6
2018-06-09,0.67211,0.68,0.65514,0.6574,0.67211,0.68,0.65514,0.6574,19776.0,9561.0,10215.0,31323211.84,20988079.8735296,18206205.9,12208798.9750629,13117005.94,8779280.8984667,26360954195.0,175990000.0,25891631461.4
2018-06-10,0.65687,0.6585,0.55,0.58201,0.65739,0.6585,0.55,0.58201,45053.0,22138.0,22915.0,47688606.63,28984633.4576875,25100135.37,15278981.5989341,22588471.26,13705651.8587534,24527930842.0,492555008.0,23080600594.0
2018-06-11,0.58202,0.6,0.56,0.59989,0.58202,0.6,0.56,0.59989,26713.0,13557.0,13156.0,23744329.91,13711198.2992459,13867760.56,8009105.2312261,9876569.35,5702093.0680198,22902823857.0,336547008.0,23706154936.8
2018-06-12,0.59901,0.5991,0.5415,0.5556,0.599,0.5991,0.5415,0.5556,27017.0,12836.0,14181.0,29332950.65,16778215.9525018,15424402.47,8815958.8770461,13908548.18,7962257.0754557,23278156463.0,309544000.0,22091918626.5
2018-06-13,0.5556,0.56124,0.50401,0.52862,0.5556,0.56124,0.50401,0.52862,30883.0,15813.0,15070.0,36877773.15,19678707.3890784,20602550.49,11010929.2816884,16275222.66,8667778.10739,21137104500.0,359864992.0,20982481909.3
2018-06-14,0.52863,0.569,0.51934,0.55769,0.52863,0.569,0.51934,0.55769,28822.0,15316.0,13506.0,35000456.5,19168374.218116,20510351.5,11228402.011232,14490105.0,7939972.206884,21839420719.0,379824992.0,22028624987.0
2018-06-15,0.55765,0.55927,0.52447,0.53258,0.55765,0.55927,0.52447,0.53258,21219.0,11144.0,10075.0,25702497.7,14014574.412175,15663637.3,8541662.411823,10038860.4,5472912.000352,21515924326.0,241684992.0,21102475042.0
2018-06-16,0.53224,0.5385,0.51733,0.53275,0.53224,0.5385,0.51733,0.53275,19238.0,9754.0,9484.0,26240580.6,13928650.364901,16056639.0,8527625.744733,10183941.6,5401024.620168,20903736819.0,202682000.0,20987761016.4
2018-06-17,0.53232,0.5437,0.51999,0.52617,0.53189,0.5437,0.51999,0.52617,18128.0,8485.0,9643.0,33461820.8,17731742.407787,18034481.0,9558256.288054,15427339.8,8173486.119733,20984464410.0,166028000.0,20729997855.3
2018-06-18,0.52669,0.5535,0.50818,0.5387,0.5267,0.5535,0.50818,0.5387,25331.0,13296.0,12035.0,33893328.6,17838659.679919,20603533.7,10841629.76694,13289794.9,6997029.912979,20165257920.0,276527008.0,21094155037.4
2018-06-19,0.53835,0.56185,0.5207,0.54834,0.53795,0.56185,0.5207,0.54834,20714.0,10564.0,10150.0,28857265.3,15666561.302406,16365493.6,8893886.674231,12491771.7,6772674.628175,21493711484.0,255400000.0,21570043601.9
2018-06-20,0.54833,0.55188,0.52065,0.53916,0.54804,0.55188,0.52065,0.53916,23483.0,11665.0,11818.0,34683099.0,18569764.370552,20711928.9,11101717.948877,13971170.1,7468046.421675,20795419778.0,256920000.0,21164443378.0
2018-06-21,0.53919,0.549,0.52899,0.53457,0.53919,0.549,0.52899,0.53457,19507.0,10524.0,8983.0,29891909.8,16084409.984671,19276600.6,10369959.259792,10615309.2,5714450.724879,21125158828.0,194312000.0,20987407808.6
2018-06-22,0.5342,0.53506,0.46859,0.48216,0.53375,0.53506,0.46859,0.48216,31757.0,15636.0,16121.0,41843180.71,21054452.0977786,22942765.47,11565072.4841051,18900415.24,9489379.6136735,20026094070.0,339428992.0,19110383376.6
2018-06-23,0.48287,0.49909,0.47333,0.49005,0.48287,0.49909,0.47333,0.49005,18211.0,9924.0,8287.0,27230808.7,13211906.742514,17097902.7,8295627.461121,10132906.0,4916279.281393,19261085346.0,204927008.0,19280590262.9
2018-06-24,0.48963,0.51,0.43724,0.47331,0.48923,0.51,0.43724,0.47331,32181.0,16626.0,15555.0,41451907.36,19228982.693618,24177040.42,11231760.881433,17274866.94,7997221.812185,18354989752.0,369520000.0,18734923546.7
2018-06-25,0.47418,0.4992,0.47123,0.48125,0.47418,0.4992,0.47123,0.48125,21583.0,11550.0,10033.0,31726495.2,15210518.564136,19582746.5,9388230.827206,12143748.7,5822287.73693,19273761579.0,231728992.0,18914626969.1
2018-06-26,0.48125,0.48241,0.4511,0.453,0.48125,0.48241,0.4511,0.453,12386.0,6253.0,6133.0,17670678.0,8310814.136168,10125106.1,4766770.133809,7545571.9,3544044.002359,18731351558.0,179426000.0,17903549770.4
2018-06-27,0.45218,0.47518,0.44787,0.4701,0.45218,0.47518,0.44787,0.4701,17841.0,9279.0,8562.0,29671588.2,13726173.831504,17697213.7,8189649.829659,11974374.5,5536524.001845,18194756650.0,215618000.0,18467712720.6
2018-06-28,0.47042,0.47396,0.442,0.44575,0.47084,0.47396,0.442,0.44575,19786.0,10023.0,9763.0,35784353.9,16443331.069985,20239951.2,9318276.359917,15544402.7,7125054.710068,18061821158.0,220566000.0,17607401644.0
2018-06-29,0.4463,0.46124,0.42393,0.45321,0.4463,0.46124,0.42393,0.45321,24570.0,12569.0,12001.0,37535516.8,16486127.909613,21585798.4,9478605.773986,15949718.4,7007522.135627,16884625694.0,309777984.0,17788871057.8
2018-06-30,0.45346,0.48318,0.45312,0.46796,0.45346,0.48318,0.45312,0.46796,22107.0,11357.0,10750.0,37495051.8,17496283.246416,21807780.6,10181290.398745,15687271.2,7314992.847671,18427351284.0,345528992.0,18305756569.2
2018-07-01,0.46797,0.46989,0.45007,0.46222,0.46797,0.46989,0.45007,0.46222,16731.0,8364.0,8367.0,31676174.1,14527131.724696,18318221.9,8406621.938793,13357952.2,6120509.785903,18070733654.0,267224992.0,18113882699.5
2018-07-02,0.46222,0.4954,0.452,0.4899,0.46287,0.4954,0.452,0.4899,24340.0,12991.0,11349.0,39873781.8,18861835.883111,23606073.3,11171729.493479,16267708.5,7690106.389632,17996489028.0,335919008.0,19086169277.8
2018-07-03,0.48913,0.52,0.47801,0.4844,0.48913,0.52,0.47801,0.4844,28822.0,15005.0,13817.0,44333181.6,22062745.014106,25727690.8,12797155.682281,18605490.8,9265589.331825,19443101004.0,410225984.0,19050872652.3
2018-07-04,0.48469,0.508,0.47941,0.49097,0.48498,0.508,0.47941,0.49097,16907.0,8306.0,8601.0,26722886.3,13200046.150371,14314761.4,7074668.345457,12408124.9,6125377.804914,19062297922.0,313828992.0,19240115961.4
2018-07-05,0.49155,0.50295,0.46887,0.4769,0.49097,0.50295,0.46887,0.4769,20079.0,10495.0,9584.0,30689285.9,14877622.127311,17709409.3,8587486.775315,12979876.6,6290135.351996,19206821702.0,279999008.0,18909774936.8
2018-07-06,0.47772,0.48156,0.45747,0.47698,0.47772,0.48156,0.45747,0.47698,17487.0,9503.0,7984.0,26805008.7,12625528.914747,16236899.3,7653807.819314,10568109.4,4971721.095433,18732347949.0,245003008.0,18812639648.6
2018-07-07,0.47644,0.488,0.46381,0.48494,0.47698,0.488,0.46381,0.48494,14854.0,8167.0,6687.0,28584029.2,13447638.637185,18050351.1,8494783.695036,10533678.1,4952854.942149,18531167182.0,214979008.0,19335850986.9
2018-07-08,0.4852,0.48798,0.4751,0.47915,0.48495,0.48798,0.4751,0.47915,17034.0,9138.0,7896.0,31480979.3,15227900.93218,19421259.9,9399285.986977,12059719.4,5828614.945203,19393134893.0,226644000.0,18757593701.1
2018-07-09,0.47872,0.48201,0.47015,0.473,0.47914,0.48201,0.47015,0.473,15248.0,7811.0,7437.0,26690553.6,12722388.76024,15641198.8,7458560.563701,11049354.8,5263828.196539,18798544430.0,206344992.0,18620999655.9
2018-07-10,0.4728,0.47338,0.43866,0.44337,0.47337,0.47338,0.43866,0.44337,19920.0,9876.0,10044.0,30651668.1,13915044.9298,17853341.0,8105557.66034,12798327.1,5809487.26946,17630997112.0,230418000.0,17473436921.7
2018-07-11,0.44247,0.45134,0.43957,0.44872,0.44246,0.45134,0.43957,0.44872,16031.0,8311.0,7720.0,28635928.2,12781404.225893,17455352.2,7794058.269067,11180576.0,4987345.956826,17701708775.0,183887008.0,17677248272.3
2018-07-12,0.449,0.44932,0.4236,0.43675,0.44932,0.44932,0.4236,0.43675,16925.0,8549.0,8376.0,30380599.5,13249846.551343,18144258.1,7917758.176384,12236341.4,5332088.374959,17000717087.0,182139008.0,17093454981.8
2018-07-13,0.43706,0.44509,0.43001,0.43754,0.43703,0.44509,0.43001,0.43754,18301.0,9383.0,8918.0,33168644.3,14593937.357387,19947082.5,8780500.44585,13221561.8,5813436.911537,17346854799.0,179403008.0,17226044257.6
2018-07-14,0.43761,0.4443,0.431,0.43864,0.43721,0.4443,0.431,0.43864,13496.0,7560.0,5936.0,27141582.3,11872724.616941,17615525.3,7707017.212705,9526057.0,4165707.404236,17164794843.0,134840992.0,17246853353.3
2018-07-15,0.43864,0.45004,0.43509,0.44681,0.43864,0.45004,0.43509,0.44681,16126.0,8399.0,7727.0,33882949.8,15040196.535797,20628126.7,9158715.036178,13254823.1,5881481.499619,17511600018.0,152903008.0,17506888524.6
2018-07-16,0.44695,0.4858,0.4435,0.48173,0.44681,0.4858,0.4435,0.48173,26379.0,13847.0,12532.0,41419524.1,19088386.241065,24094170.3,11090907.002703,17325353.8,7997479.238362,18307724609.0,269283008.0,18979505038.6
2018-07-17,0.48173,0.52019,0.4665,0.50728,0.48173,0.52019,0.4665,0.50728,32812.0,17473.0,15339.0,48166296.2,23548100.522162,27008288.0,13209075.015318,21158008.2,10339025.506844,18495399095.0,347700000.0,19850581637.1
2018-07-18,0.50651,0.52525,0.4752,0.48868,0.5065,0.52525,0.4752,0.48868,37079.0,20154.0,16925.0,48747453.6,24610955.767417,27194739.9,13760004.55911,21552713.7,10850951.208307,20040101457.0,367988992.0,19096821223.5
2018-07-19,0.48869,0.495,0.47125,0.47687,0.48869,0.495,0.47125,0.47687,23113.0,12533.0,10580.0,36600560.0,17630279.611388,21929041.6,10562977.052267,14671518.4,7067302.559121,19112958088.0,293942016.0,18731289025.5
2018-07-20,0.47703,0.4773,0.431,0.44439,0.47687,0.4773,0.431,0.44439,27061.0,14361.0,12700.0,40745516.2,18539211.491687,22653021.4,10316327.031469,18092494.8,8222884.460218,18119930147.0,295403008.0,17573874619.7
2018-07-21,0.4444,0.459,0.4346,0.45506,0.4444,0.459,0.4346,0.45506,17507.0,10209.0,7298.0,28483991.4,12866104.784527,18744840.2,8470719.147022,9739151.2,4395385.637505,17653292300.0,180339008.0,17904755411.8
2018-07-22,0.45467,0.46409,0.44589,0.44859,0.45467,0.46409,0.44589,0.44859,17774.0,9833.0,7941.0,32232347.2,14665477.900179,20018428.5,9104536.343544,12213918.7,5560941.556635,17835481177.0,158906000.0,17664969058.3
2018-07-23,0.44859,0.46371,0.44212,0.44499,0.44859,0.46371,0.44212,0.44499,18532.0,10054.0,8478.0,30316389.9,13697250.548571,17914298.6,8092497.175798,12402091.3,5604753.372773,17765892417.0,194542000.0,17506330275.5
2018-07-24,0.4452,0.4715,0.438,0.45885,0.4452,0.4715,0.438,0.45885,28932.0,15375.0,13557.0,43532211.2,19790934.546181,25026198.5,11374295.436158,18506012.7,8416639.110023,17996164375.0,319956000.0,17991761019.3
2018-07-25,0.45741,0.46878,0.45153,0.4598,0.45881,0.46878,0.45153,0.4598,25272.0,13492.0,11780.0,42650288.4,19640124.678339,23850021.4,10983178.195061,18800267.0,8656946.483278,17935225066.0,255872000.0,18078491417.1
2018-07-26,0.45983,0.46887,0.44538,0.44968,0.45983,0.46887,0.44538,0.44968,23172.0,12222.0,10950.0,38041528.4,17513597.40406,21469578.9,9886532.621174,16571949.5,7627064.782886,18228755959.0,199587008.0,17688912309.5
2018-07-27,0.44878,0.462,0.444,0.4555,0.44868,0.462,0.444,0.4555,20570.0,11039.0,9531.0,35252979.8,15945776.398794,20737290.3,9382582.856884,14515689.5,6563193.54191,17628916576.0,203720992.0,17834970073.6
2018-07-28,0.4555,0.45887,0.44803,0.45641,0.4555,0.45887,0.44803,0.45641,15477.0,7922.0,7555.0,27843347.3,12621424.420115,16086103.5,7294998.682053,11757243.8,5326425.738062,17827382146.0,157346000.0,17836228175.5
2018-07-29,0.45643,0.45849,0.45,0.45315,0.45641,0.45849,0.45,0.45315,14882.0,8016.0,6866.0,31188705.5,14129680.202986,19567559.0,8865746.712587,11621146.5,5263933.490399,17735265500.0,191966000.0,17822035213.8
2018-07-30,0.45315,0.45621,0.43382,0.44534,0.45315,0.45621,0.43382,0.44534,17834.0,9622.0,8212.0,32141597.9,14421158.754733,19336368.9,8688567.692574,12805229.0,5732591.062159,17649635941.0,247714000.0,17539001608.4
2018-07-31,0.44616,0.44641,0.4268,0.4353,0.44616,0.44641,0.4268,0.4353,18444.0,9761.0,8683.0,31785092.6,13868351.212342,18503962.9,8081628.290231,13281129.7,5786722.922111,17165109458.0,228767000.0,17111168340.8
2018-08-01,0.4353,0.46382,0.42671,0.44642,0.4353,0.46382,0.42671,0.44642,26220.0,13996.0,12224.0,39833478.3,17676468.234578,22661294.3,10058372.069233,17172184.0,7618096.165345,17663199852.0,323200000.0,17528976109.1
2018-08-02,0.44673,0.44888,0.42849,0.42975,0.44705,0.44888,0.42849,0.42975,17967.0,9809.0,8158.0,33396468.1,14590469.469659,20717124.1,9048093.590245,12679344.0,5542375.879414,17098036902.0,204898000.0,16915730078.3
2018-08-03,0.43021,0.44619,0.4253,0.44033,0.43021,0.44619,0.4253,0.44033,23415.0,12559.0,10856.0,44748261.2,19595686.13835,25306225.8,11087231.16324,19442035.4,8508454.97511,17190114233.0,278870000.0,17314385048.0
2018-08-04,0.44097,0.445,0.42741,0.42985,0.44097,0.445,0.42741,0.42985,17878.0,9020.0,8858.0,35095397.5,15286746.080336,20383063.3,8883883.959492,14712334.2,6402862.120844,17051272387.0,185678000.0,16840271360.9
2018-08-05,0.42984,0.43705,0.42705,0.4345,0.42984,0.43705,0.42705,0.4345,15634.0,8019.0,7615.0,34962084.2,15070456.191158,20115956.3,8672801.084941,14846127.9,6397655.106217,16943708630.0,186848000.0,17041919017.5
2018-08-06,0.43437,0.43699,0.40127,0.4129,0.43429,0.43699,0.40127,0.4129,22947.0,11543.0,11404.0,40578992.9,17175993.751881,22538045.8,9547443.679043,18040947.1,7628550.072838,16737109190.0,242075000.0,16273331370.1
2018-08-07,0.41328,0.41567,0.37387,0.37863,0.41328,0.41567,0.37387,0.37863,28999.0,16320.0,12679.0,41157252.56,16510797.071863,23410758.4,9404544.161159,17746494.16,7106252.910704,16250105144.0,244448000.0,14973488018.0
2018-08-08,0.37863,0.37863,0.31928,0.33171,0.37863,0.37863,0.31928,0.33171,43751.0,22703.0,21048.0,72393008.15,24880674.06677,37037677.9,12719489.572211,35355330.25,12161184.494559,13886296287.0,360857000.0,13045357570.9
2018-08-09,0.33197,0.35799,0.328,0.3441,0.33203,0.35799,0.328,0.3441,35793.0,17995.0,17798.0,51832840.7,17804650.76097,29153531.5,10013175.9399,22679309.2,7791474.82107,13253253907.0,325775000.0,13628056811.4
2018-08-10,0.3441,0.34689,0.31236,0.31897,0.34418,0.34689,0.31236,0.31897,26036.0,13692.0,12344.0,39269097.2,13024070.345518,21899735.5,7262515.143434,17369361.7,5761555.202084,13381096399.0,249264000.0,12592701615.4
2018-08-11,0.31897,0.32008,0.2874,0.29784,0.31897,0.32008,0.2874,0.29784,31688.0,16822.0,14866.0,48724318.7,14620533.307937,26159515.3,7855464.605066,22564803.4,6765068.702871,11636810765.0,284423000.0,11839558818.7
2018-08-12,0.29708,0.30938,0.29401,0.29547,0.29705,0.30938,0.29401,0.29547,22096.0,11211.0,10885.0,35382260.6,10652732.364649,20361325.4,6136660.788856,15020935.2,4516071.575793,11877443897.0,178827000.0,11706253644.1
2018-08-13,0.29575,0.309,0.27127,0.2743,0.29547,0.309,0.27127,0.2743,26230.0,13192.0,13038.0,43767335.34,12811612.465216,23202489.8,6807697.639912,20564845.54,6003914.825304,12062546307.0,235117000.0,10924502190.5
2018-08-14,0.2743,0.27732,0.24672,0.2725,0.2743,0.27732,0.24672,0.2725,33635.0,18078.0,15557.0,56101899.0,14596261.070984,30873810.8,8035707.352722,25228088.2,6560553.718262,10459514152.0,276768000.0,10798746746.6
2018-08-15,0.2728,0.30234,0.2728,0.28039,0.2728,0.30234,0.2728,0.28039,46747.0,26337.0,20410.0,72676585.2,20916400.042758,39000634.1,11218554.140158,33675951.1,9697845.9026,11390080814.0,332432000.0,11103213511.7
2018-08-16,0.28,0.30184,0.2755,0.29142,0.28,0.30184,0.2755,0.29142,27218.0,15098.0,12120.0,46325561.5,13404983.211325,26040842.4,7532781.92385,20284719.1,5872201.287475,11326612506.0,238219000.0,11513907010.5
2018-08-17,0.29161,0.37506,0.29085,0.3672,0.29161,0.37506,0.29085,0.3672,52662.0,26131.0,26531.0,84683658.1,27589694.265223,46269677.0,15049110.593955,38413981.1,12540583.671268,12470656317.0,497206000.0,14436913947.0
2018-08-18,0.36721,0.37,0.31039,0.32829,0.36721,0.37,0.31039,0.32829,47049.0,24609.0,22440.0,80106581.6,26958940.37206,41500438.0,13953408.705499,38606143.6,13005531.666561,13549696297.0,434332000.0,12878711865.7
2018-08-19,0.32848,0.35281,0.316,0.34201,0.32832,0.35281,0.316,0.34201,35020.0,17855.0,17165.0,63806323.3,21565062.240047,34643807.9,11696643.402887,29162515.4,9868418.83716,13690531370.0,327300000.0,13543239223.9
2018-08-20,0.34201,0.35095,0.3128,0.31499,0.34279,0.35095,0.3128,0.31499,31552.0,15924.0,15628.0,52378768.0,17505459.17843,27392419.5,9175537.335416,24986348.5,8329921.843014,13338384629.0,311144000.0,12570937819.0
2018-08-21,0.315,0.33799,0.31302,0.33339,0.31559,0.33799,0.31302,0.33339,25584.0,13630.0,11954.0,43866930.8,14398361.069011,24782264.7,8133957.712874,19084666.1,6264403.356137,13129159698.0,248735000.0,13196722736.2
2018-08-22,0.33398,0.35499,0.31039,0.3185,0.33398,0.35499,0.31039,0.3185,37654.0,20766.0,16888.0,65706077.8,21938243.858308,35433810.5,11841011.529901,30272267.3,10097232.328407,13432524036.0,286845000.0,12640056537.7
2018-08-23,0.31849,0.32958,0.31306,0.3263,0.31849,0.32958,0.31306,0.3263,25117.0,13726.0,11391.0,44849401.1,14416872.005221,25612693.2,8233941.128959,19236707.9,6182930.876262,12779419956.0,217578000.0,12952537305.5
2018-08-24,0.3263,0.329,0.31577,0.32646,0.3263,0.329,0.31577,0.32646,23872.0,14145.0,9727.0,43010739.1,13888483.054743,26188252.7,8459584.478257,16822486.4,5428898.576486,12856769420.0,244571000.0,12948466281.0
2018-08-25,0.32647,0.332,0.3216,0.32702,0.32647,0.332,0.3216,0.32702,19914.0,10556.0,9358.0,36349187.2,11877020.751021,21341487.7,6974630.714347,15007699.5,4902390.036674,12895266291.0,167363000.0,12973129574.6
2018-08-26,0.32759,0.32912,0.318,0.32276,0.32759,0.32912,0.318,0.32276,17944.0,9035.0,8909.0,33496561.2,10820831.328355,19066844.8,6161471.365302,14429716.4,4659359.963053,12779578054.0,168718000.0,12797087411.7
2018-08-27,0.32277,0.34062,0.32145,0.33901,0.32277,0.34062,0.32145,0.33901,27370.0,15367.0,12003.0,50870196.2,16729938.740017,30095791.0,9894661.80741,20774405.2,6835276.932607,12951232996.0,227284000.0,13347493496.0
2018-08-28,0.339,0.35809,0.33423,0.35128,0.339,0.35809,0.33423,0.35128,37204.0,20183.0,17021.0,63583203.6,22005126.050742,36068008.0,12481633.714785,27515195.6,9523492.335957,13815107217.0,329550000.0,13939151830.5
2018-08-29,0.35067,0.3556,0.33361,0.34494,0.35067,0.3556,0.33361,0.34494,35052.0,20783.0,14269.0,55136625.6,19087594.050018,30570911.7,10586905.677505,24565713.9,8500688.372513,13872315911.0,275908000.0,13671491746.6
2018-08-30,0.34494,0.3466,0.32252,0.33518,0.34494,0.3466,0.32252,0.33518,28767.0,15990.0,12777.0,43887997.7,14597560.167611,23041490.2,7669139.050071,20846507.5,6928421.11754,12932888694.0,263925000.0,13300405963.5
2018-08-31,0.3347,0.349,0.32728,0.3353,0.3347,0.349,0.32728,0.3353,25134.0,14844.0,10290.0,36467734.8,12146264.69397,21223299.8,7072382.806235,15244435.0,5073881.887735,13020039730.0,219139000.0,13295965146.4
2018-09-01,0.3353,0.35517,0.33476,0.34699,0.3353,0.35517,0.33476,0.34699,29880.0,17719.0,12161.0,49527170.3,17041317.67028,29876912.1,10272099.00901,19650258.2,6769218.66127,13391442715.0,257267000.0,13787190893.4
2018-09-02,0.34698,0.34918,0.33,0.34253,0.34698,0.34918,0.33,0.34253,27346.0,14963.0,12383.0,41314287.1,14133280.02829,21879965.0,7492250.588392,19434322.1,6641029.439898,13519354109.0,240907000.0,13581089397.5
2018-09-03,0.34237,0.34387,0.333,0.33493,0.34247,0.34387,0.333,0.33493,20604.0,11136.0,9468.0,34536040.9,11646480.835051,18710834.8,6311001.019093,15825206.1,5335479.815958,13442551762.0,201147000.0,13320905092.7
2018-09-04,0.33491,0.34157,0.32819,0.33116,0.33491,0.34157,0.32819,0.33116,28147.0,12941.0,15206.0,42441830.5,14216452.798915,24285090.8,8135678.672265,18156739.7,6080774.12665,13458054972.0,241419000.0,13150052582.9
2018-09-05,0.33116,0.334,0.2772,0.27889,0.33116,0.334,0.2772,0.27889,44268.0,21982.0,22286.0,67385077.8,20531186.784348,35298034.7,10771449.710275,32087043.1,9759737.074073,12132788254.0,344488000.0,11244823075.3
2018-09-06,0.27899,0.307,0.2676,0.30179,0.27899,0.307,0.2676,0.30179,43031.0,19521.0,23510.0,71823322.1,20773885.741105,36819256.6,10659597.829682,35004065.5,10114287.911423,11344860411.0,329763000.0,12002497851.3
2018-09-07,0.30182,0.30445,0.28092,0.2869,0.30182,0.30445,0.28092,0.2869,27913.0,14098.0,13815.0,48139492.1,14113813.706953,24922068.5,7312277.390609,23217423.6,6801536.316344,11636170086.0,213961000.0,11555442374.8
2018-09-08,0.28686,0.294,0.26891,0.27679,0.28686,0.294,0.26891,0.27679,22777.0,11861.0,10916.0,41246183.1,11708609.982267,22296990.4,6342352.497396,18949192.7,5366257.484871,11656589915.0,169208000.0,11075596221.7
2018-09-09,0.27665,0.2908,0.27,0.2766,0.27665,0.2908,0.27,0.2766,22591.0,11835.0,10756.0,39852343.2,11184746.9466,22277418.0,6257706.292373,17574925.2,4927040.654227,11348072073.0,168991000.0,11049704671.8
2018-09-10,0.27699,0.28263,0.259,0.27,0.27699,0.28263,0.259,0.27,24307.0,13356.0,10951.0,46733069.5,12644195.511874,26870943.7,7276644.618327,19862125.8,5367550.893547,10909779281.0,204958000.0,10735217970.1
2018-09-11,0.27,0.276,0.25261,0.26314,0.27,0.276,0.25261,0.26314,25846.0,13462.0,12384.0,50280138.4,13240950.106642,26763506.1,7051664.819061,23516632.3,6189285.287581,10462668664.0,200330000.0,10472676303.0
2018-09-12,0.26349,0.27413,0.25308,0.2699,0.26351,0.27413,0.25308,0.2699,27096.0,14147.0,12949.0,46434334.2,12188060.331284,24613315.7,6461414.636164,21821018.5,5726645.69512,10336381793.0,298449000.0,10725925162.6
2018-09-13,0.26959,0.28641,0.2676,0.27933,0.26959,0.28641,0.2676,0.27933,32253.0,16551.0,15702.0,59569126.9,16495197.601999,31734754.7,8787289.905535,27834372.2,7707907.696464,10923337751.0,311799000.0,11142751261.3
2018-09-14,0.27892,0.2867,0.27138,0.27571,0.27892,0.2867,0.27138,0.27571,25499.0,12953.0,12546.0,46466958.6,12953940.133873,24542681.3,6847133.623803,21924277.3,6106806.51007,10907333472.0,269029000.0,11033441784.3
2018-09-15,0.2761,0.28489,0.27533,0.28031,0.2761,0.28489,0.27533,0.28031,17204.0,8992.0,8212.0,33938106.1,9518765.101534,18733812.3,5256877.509924,15204293.8,4261887.59161,11272694289.0,205361000.0,11226475960.4
2018-09-16,0.2803,0.28229,0.27351,0.28122,0.2803,0.28229,0.27351,0.28122,17859.0,9544.0,8315.0,32576561.4,9086763.534845,18290197.8,5103293.316976,14286363.6,3983470.217869,11066562929.0,197009000.0,11192956724.3
2018-09-17,0.28122,0.28373,0.26662,0.2706,0.28132,0.28373,0.26662,0.2706,24607.0,12565.0,12042.0,48278145.2,13290945.922097,24407956.4,6732886.889781,23870188.8,6558059.032316,11050121784.0,246489000.0,10838058873.2
2018-09-18,0.2706,0.337,0.269,0.31897,0.2706,0.337,0.269,0.31897,78869.0,40141.0,38728.0,161707328.6,50292944.440348,83667152.5,26007642.447722,78040176.1,24285301.992626,12768798724.0,600216000.0,12812946982.5
2018-09-19,0.31898,0.337,0.3109,0.32679,0.31898,0.337,0.3109,0.32679,51251.0,25733.0,25518.0,104736271.2,33882388.902964,51054085.2,16521962.862673,53682186.0,17360426.040291,12644674047.0,489609000.0,12979866409.2
2018-09-20,0.32718,0.492,0.32103,0.44819,0.32718,0.492,0.32103,0.44819,140593.0,71811.0,68782.0,273416987.8,109122045.132079,138687072.0,55132330.025016,134729915.8,53989715.107063,14682460485.0,1291360000.0,17910816754.0
2018-09-21,0.44877,0.8,0.4185,0.56405,0.44877,0.8,0.4185,0.56405,410141.0,204467.0,205674.0,699259999.14,395455074.776482,346028319.21,195424790.766156,353231679.93,200030284.010328,23377796214.0,4101490000.0,22351279558.4
2018-09-22,0.56399,0.63,0.49094,0.57368,0.56399,0.63,0.49094,0.57368,220021.0,107793.0,112228.0,384055321.9,216942129.574625,185013652.8,104552461.264948,199041669.1,112389668.309677,22743319270.0,2411430000.0,22722937027.6
2018-09-23,0.57249,0.59975,0.55501,0.5719,0.57246,0.59975,0.55501,0.5719,98848.0,50064.0,48784.0,176776991.6,101737621.937344,91407347.5,52618201.709668,85369644.1,49119420.227676,22617681848.0,1043970000.0,22718597839.0
2018-09-24,0.5719,0.5831,0.48256,0.49358,0.5719,0.5831,0.48256,0.49358,126716.0,62334.0,64382.0,220968527.3,117393707.835089,108819181.8,57906803.4263,112149345.5,59486904.408789,21135072688.0,1034380000.0,19724616281.8
2018-09-25,0.49235,0.549,0.43558,0.5256,0.49235,0.549,0.43558,0.5256,190435.0,92082.0,98353.0,381527240.4,180801292.095164,186295904.7,88221849.669365,195231335.7,92579442.425799,18252861481.0,1639680000.0,21009615752.5
2018-09-26,0.52633,0.57299,0.48364,0.513,0.52633,0.57299,0.48364,0.513,232712.0,110061.0,122651.0,418985950.3,221539769.839412,205581850.8,108748358.477052,213404099.5,112791411.36236,21815127692.0,1821610000.0,20585668395.4
2018-09-27,0.51343,0.555,0.50578,0.54305,0.51343,0.555,0.50578,0.54305,117620.0,57988.0,59632.0,195704174.8,103926811.591671,99833041.1,53041448.096603,95871133.7,50885363.495068,20910496677.0,824083000.0,21585351653.6
2018-09-28,0.54305,0.55,0.51624,0.54025,0.543,0.55,0.51624,0.54025,100050.0,48535.0,51515.0,169084867.6,90519036.614725,84634732.1,45332995.522945,84450135.5,45186041.09178,21090154985.0,718255000.0,21494884565.0
2018-09-29,0.54026,0.5968,0.52505,0.56876,0.54048,0.5968,0.52505,0.56876,114772.0,55414.0,59358.0,216560342.7,121708052.316986,111285279.7,62534819.763764,105275063.0,59173232.553222,22419530775.0,1034370000.0,22775378623.2
2018-09-30,0.56875,0.62604,0.55744,0.58257,0.56875,0.62604,0.55744,0.58257,138712.0,68560.0,70152.0,249779723.5,147310824.201957,126855785.6,74868861.439901,122923937.9,72441962.762056,24338477672.0,1329720000.0,23187803288.1
2018-10-01,0.58257,0.6059,0.532,0.5776,0.58247,0.6059,0.532,0.5776,157725.0,77185.0,80540.0,268385710.5,153441259.048015,135506246.2,77512655.259844,132879464.3,75928603.788171,21952323484.0,1412800000.0,23021206667.6
2018-10-02,0.57734,0.58038,0.515,0.51692,0.57734,0.58038,0.515,0.51692,103186.0,50607.0,52579.0,162916775.7,90278192.037143,80730818.8,44786329.540429,82185956.9,45491862.496714,22485912425.0,743705000.0,20799839394.4
2018-10-03,0.51692,0.5388,0.50785,0.5293,0.51691,0.5388,0.50785,0.5293,102025.0,52957.0,49068.0,170746863.2,89419690.108365,88882259.9,46555144.301283,81864603.3,42864545.807082,21034659608.0,789229000.0,21092366276.3
2018-10-04,0.52982,0.54999,0.5257,0.5294,0.52982,0.54999,0.5257,0.5294,68453.0,34453.0,34000.0,121125329.6,65086638.527038,64474905.7,34642485.027119,56650423.9,30444153.499919,21340325240.0,621615000.0,21030226777.6
2018-10-05,0.52921,0.53331,0.51031,0.5211,0.52902,0.53331,0.51031,0.5211,62811.0,30452.0,32359.0,101220917.6,52684486.180606,52931144.4,27557442.49662,48289773.2,25127043.683986,20736821316.0,589636000.0,20727516366.0
2018-10-06,0.52098,0.5226,0.46859,0.48964,0.52098,0.5226,0.46859,0.48964,79527.0,39092.0,40435.0,141936655.1,70038792.158779,73894171.9,36489441.112978,68042483.2,33549351.045801,19704850374.0,672167000.0,19491755023.8
2018-10-07,0.4893,0.49149,0.46666,0.48269,0.48926,0.49149,0.46666,0.48269,54514.0,27744.0,26770.0,98985658.4,47221735.879455,53573580.8,25572983.106015,45412077.6,21648752.77344,19085891446.0,548645000.0,19250425338.2
2018-10-08,0.4826,0.50449,0.47824,0.49335,0.48252,0.50449,0.47824,0.49335,63907.0,32976.0,30931.0,119530087.1,58662978.513049,62065836.7,30463775.278676,57464250.4,28199203.234373,19612040480.0,540832000.0,19558407223.9
2018-10-09,0.49302,0.49387,0.47108,0.48199,0.49302,0.49387,0.47108,0.48199,46959.0,24783.0,22176.0,87513820.2,42189815.073147,48443338.9,23356271.471606,39070481.3,18833543.601541,18994199744.0,416867000.0,19163286272.5
2018-10-10,0.48171,0.48171,0.46066,0.46605,0.48136,0.48171,0.46066,0.46605,47831.0,25433.0,22398.0,87026618.7,40924381.510947,48016424.5,22575110.87824,39010194.2,18349270.632707,18619845206.0,412207000.0,18494386175.9
2018-10-11,0.46632,0.46632,0.37713,0.38315,0.46632,0.46632,0.37713,0.38315,112771.0,52979.0,59792.0,214466238.8,88997910.786555,100612511.3,41613946.228817,113853727.5,47383964.557738,16414469189.0,791202000.0,15324293666.5
2018-10-12,0.38319,0.44953,0.37685,0.42071,0.38327,0.44953,0.37685,0.42071,97604.0,50227.0,47377.0,182232226.9,76885040.552342,95429529.9,40204171.210962,86802697.0,36680869.34138,17046951782.0,820154000.0,16763608540.3
2018-10-13,0.42071,0.432,0.417,0.4227,0.42071,0.432,0.417,0.4227,38313.0,20135.0,18178.0,73115932.0,30906424.399965,42820640.6,18102939.485337,30295291.4,12803484.914628,16764888464.0,373875000.0,16754129100.9
2018-10-14,0.42259,0.43057,0.40321,0.40994,0.42248,0.43057,0.40321,0.40994,40584.0,21265.0,19319.0,82556004.2,34881006.749228,47957664.1,20256807.499294,34598340.1,14624199.249934,16741409853.0,289195000.0,16130485985.4
2018-10-15,0.40951,0.52179,0.39771,0.46168,0.40994,0.52179,0.39771,0.46168,145064.0,75377.0,69687.0,287232730.0,132802904.811259,145537136.6,67237151.193872,141695593.4,65565753.617387,17881982395.0,1041470000.0,17891581827.9
2018-10-16,0.46183,0.48896,0.45554,0.48352,0.462,0.48896,0.45554,0.48352,73496.0,38761.0,34735.0,126629832.4,59718125.928556,67608358.7,31871432.216988,59021473.7,27846693.711568,18143646919.0,605102000.0,18809007568.1
2018-10-17,0.48352,0.49818,0.47201,0.48437,0.48351,0.49818,0.47201,0.48437,63293.0,33339.0,29954.0,110247010.2,53342652.049563,59001944.0,28561865.981051,51245066.2,24780786.068512,18507185418.0,526538000.0,18726772431.8
2018-10-18,0.48383,0.49408,0.456,0.4675,0.48383,0.49408,0.456,0.4675,57549.0,29137.0,28412.0,98622485.8,46871048.162802,53129746.5,25268288.577611,45492739.3,21602759.585191,18517664799.0,476876000.0,18307917204.4
2018-10-19,0.46848,0.473,0.458,0.46077,0.46855,0.473,0.458,0.46077,30723.0,15168.0,15555.0,54642245.2,25322985.794798,30648922.2,14208064.578283,23993323.0,11114921.216515,18080690643.0,303401000.0,18166045595.2
2018-10-20,0.46103,0.47293,0.45633,0.46788,0.46127,0.47293,0.45633,0.46788,36228.0,19213.0,17015.0,62948221.8,29410276.418814,38343134.6,17917190.11685,24605087.2,11493086.301964,18339035363.0,277061000.0,18364953831.0
2018-10-21,0.46772,0.47476,0.4635,0.46458,0.46772,0.47476,0.4635,0.46458,27796.0,13916.0,13880.0,48975343.9,22991998.329168,28174398.2,13227432.578639,20800945.7,9764565.750529,18532223938.0,262867000.0,18266679643.3
2018-10-22,0.46458,0.46901,0.45475,0.46192,0.46448,0.46901,0.45475,0.46192,34288.0,19726.0,14562.0,41455391.5,19174006.375674,25619782.7,11857764.218374,15835608.8,7316242.1573,18099249545.0,249302000.0,18123288124.0
2018-10-23,0.46163,0.48649,0.444,0.47006,0.46163,0.48649,0.444,0.47006,49333.0,23153.0,26180.0,58195282.8,26921368.908957,28866594.1,13358009.302872,29328688.7,13563359.606085,17669394968.0,445238000.0,18481226954.2
2018-10-24,0.47005,0.478,0.46,0.46402,0.47006,0.478,0.46,0.46402,27432.0,12871.0,14561.0,36421466.1,17124032.950699,17386069.3,8179751.012334,19035396.8,8944281.938365,18412631011.0,295115000.0,18288398358.8
2018-10-25,0.46401,0.4731,0.45688,0.46351,0.464,0.4731,0.45688,0.46351,25920.0,13069.0,12851.0,34586029.5,16056625.64538,17958557.8,8339860.22952,16627471.7,7716765.41586,18247520776.0,273380000.0,18416216083.6
2018-10-26,0.46351,0.471,0.45923,0.46657,0.46351,0.471,0.45923,0.46657,24187.0,12765.0,11422.0,38006244.6,17679448.154151,22442281.3,10444637.708132,15563963.3,7234810.446019,18359285075.0,235514000.0,18465910098.9
2018-10-27,0.46657,0.4681,0.4576,0.46012,0.46657,0.4681,0.4576,0.46012,21200.0,10788.0,10412.0,35912703.0,16602118.645579,21454782.7,9920214.650372,14457920.3,6681903.995207,18312485857.0,211006000.0,18347705887.8
2018-10-28,0.4601,0.46695,0.458,0.46472,0.4601,0.46695,0.458,0.46472,18212.0,10066.0,8146.0,36212879.3,16701624.47066,22229121.1,10253538.546032,13983758.2,6448085.924628,18398445246.0,280005000.0,18591270891.4
2018-10-29,0.46483,0.46516,0.4343,0.44506,0.46483,0.46516,0.4343,0.44506,31507.0,15611.0,15896.0,48934076.3,21992327.249052,25195260.5,11327037.161731,23738815.8,10665290.087321,17770073268.0,341648000.0,17751297293.6
2018-10-30,0.44554,0.455,0.444,0.44749,0.44554,0.455,0.444,0.44749,19797.0,9967.0,9830.0,28201734.6,12642203.421292,15239668.9,6831986.390009,12962065.7,5810217.031283,17897323720.0,245858000.0,17881764186.4
2018-10-31,0.44734,0.46097,0.4375,0.45418,0.44748,0.46097,0.4375,0.45418,24072.0,12939.0,11133.0,34928585.5,15682781.881603,19503577.4,8762106.081633,15425008.1,6920675.79997,17767057855.0,367008000.0,18027428763.6
2018-11-01,0.45418,0.462,0.4485,0.46141,0.4542,0.462,0.4485,0.46141,18865.0,9984.0,8881.0,28279669.6,12870451.820889,15258640.9,6950099.209416,13021028.7,5920352.611473,18209037070.0,346501000.0,18322537236.1
2018-11-02,0.46137,0.46899,0.45901,0.463,0.46137,0.46899,0.45901,0.463,23077.0,11683.0,11394.0,35704076.7,16544229.859453,18339304.6,8502329.045086,17364772.1,8041900.814367,18500205402.0,401300000.0,18441666174.0
2018-11-03,0.46281,0.46449,0.45433,0.45713,0.46281,0.46449,0.45433,0.45713,16664.0,8061.0,8603.0,28318009.2,12982479.368907,13921768.2,6384908.881315,14396241.0,6597570.487592,18336890604.0,275311000.0,18320325932.8
2018-11-04,0.45706,0.47959,0.44955,0.46999,0.45706,0.47959,0.44955,0.46999,34635.0,18534.0,16101.0,50696119.7,23552335.658476,25344085.4,11782102.66792,25352034.3,11770232.990556,18291257346.0,429629000.0,18602729462.9
2018-11-05,0.46999,0.50644,0.461,0.5022,0.46999,0.50644,0.461,0.5022,51511.0,26679.0,24832.0,76939385.1,37157243.650754,40243888.4,19453230.582636,36695496.7,17704013.068118,18699544340.0,556519000.0,19998705113.4
2018-11-06,0.5022,0.56878,0.50053,0.55523,0.5022,0.56878,0.50053,0.55523,124811.0,64325.0,60486.0,165152551.2,88002414.58841,82142058.9,43771517.758872,83010492.3,44230896.829538,21260514963.0,1333160000.0,21639288293.7
2018-11-07,0.5546,0.5555,0.52751,0.5409,0.55459,0.5555,0.52751,0.5409,60477.0,29961.0,30516.0,83021151.0,44669952.839755,40102317.6,21588318.652788,42918833.4,23081634.186967,21282665431.0,631230000.0,21538372466.8292
2018-11-08,0.5409,0.5468,0.492,0.49694,0.5403,0.5468,0.492,0.49694,66746.0,31506.0,35240.0,91511954.5,47140761.340871,43983448.7,22658034.900611,47528505.8,24482726.44026,20602549045.0,686221000.0,19841740203.8054
2018-11-09,0.49713,0.5227,0.496,0.5044,0.49713,0.5227,0.496,0.5044,46795.0,24052.0,22743.0,61996751.7,31436298.02457,31005530.2,15722694.340307,30991221.5,15713603.684263,20065041599.0,509865000.0,20129611646.3336
2018-11-10,0.50463,0.51748,0.5027,0.50956,0.50441,0.51748,0.5027,0.50956,27480.0,14371.0,13109.0,33178374.5,16924543.912421,16314431.8,8324150.298514,16863942.7,8600393.613907,20353837768.0,328038000.0,20372050863.9936
2018-11-11,0.50941,0.51233,0.49764,0.51019,0.50941,0.51233,0.49764,0.51019,21970.0,11091.0,10879.0,28362231.8,14359756.772527,14525805.4,7354123.075181,13836426.4,7005633.697346,20166118248.0,292675000.0,20340489539.6382
2018-11-12,0.51018,0.53499,0.50521,0.5245,0.51019,0.53499,0.50521,0.5245,40657.0,20486.0,20171.0,51147716.5,26656295.264836,25618745.8,13358298.67254,25528970.7,13297996.592296,20929460037.0,605042000.0,20792881923.9019
2018-11-13,0.52403,0.53464,0.51111,0.51736,0.524,0.53464,0.51111,0.51736,52170.0,25573.0,26597.0,66199009.7,34723582.971704,31901239.1,16742513.698563,34297770.6,17981069.273141,20810733169.0,521675000.0,20509312470.8081
2018-11-14,0.51817,0.52012,0.422,0.4846,0.51737,0.52012,0.422,0.4846,105991.0,49883.0,56108.0,158164446.3,74598758.621796,77719764.0,36695138.993596,80444682.3,37903619.6282,19980891469.0,980604000.0,19103790091.4863
2018-11-15,0.48461,0.4947,0.4311,0.48931,0.48436,0.4947,0.4311,0.48931,122599.0,62923.0,59676.0,176221131.0,82146492.142359,88346092.4,41229836.339828,87875038.6,40916655.802531,18028051133.0,965997000.0,19399223641.7615
2018-11-16,0.48931,0.49568,0.46382,0.47765,0.48931,0.49568,0.46382,0.47765,80023.0,41096.0,38927.0,114883969.7,54906996.348711,58527053.7,27979923.077337,56356916.0,26927073.271374,19072579486.0,593572000.0,18992519249.1457
2018-11-17,0.47805,0.505,0.46939,0.49813,0.47809,0.505,0.46939,0.49813,66323.0,36054.0,30269.0,95437797.3,46418055.300284,50275008.6,24452511.286607,45162788.7,21965544.013677,19287993071.0,607453000.0,19799766456.7883
2018-11-18,0.49815,0.532,0.49537,0.51611,0.49815,0.532,0.49537,0.51611,96328.0,50127.0,46201.0,133560299.2,68787303.159538,67723937.6,34882677.617876,65836361.6,33904625.541662,20895963463.0,884280000.0,20557640500.2219
2018-11-19,0.51608,0.51695,0.4645,0.4825,0.51608,0.51695,0.4645,0.4825,157260.0,77331.0,79929.0,245733373.5,120441930.494856,125439873.3,61510322.864019,120293500.2,58931607.630837,19138464067.0,1297340000.0,19283163673.2349
2018-11-20,0.48235,0.50865,0.4095,0.44285,0.48249,0.50865,0.4095,0.44285,221361.0,112410.0,108951.0,325286452.6,150503910.824941,166339762.0,76937457.404437,158946690.6,73566453.420504,18168959549.0,1538310000.0,17531343949.6131
2018-11-21,0.44285,0.46947,0.41933,0.45367,0.44267,0.46947,0.41933,0.45367,123793.0,64191.0,59602.0,189645261.1,84499550.416396,98537988.7,43929895.894143,91107272.4,40569654.522253,17638413041.0,858303000.0,18052574841.1373
2018-11-22,0.45345,0.45785,0.424,0.42831,0.45289,0.45785,0.424,0.42831,64541.0,32494.0,32047.0,91671173.8,40666439.237085,46747693.9,20752044.562891,44923479.9,19914394.674194,17735118007.0,480044000.0,17182673753.2403
2018-11-23,0.42766,0.44376,0.39674,0.41447,0.42766,0.44376,0.39674,0.41447,104172.0,51536.0,52636.0,161040318.2,66739393.24073,80449592.1,33354325.081537,80590726.1,33385068.159193,16499004329.0,774083000.0,16430488175.7773
2018-11-24,0.41461,0.42878,0.37001,0.37982,0.41461,0.42878,0.37001,0.37982,99431.0,49298.0,50133.0,160389596.0,64453203.549571,80044121.2,32214834.559631,80345474.8,32238368.98994,16261798905.0,626279000.0,15136303125.8125
2018-11-25,0.37977,0.39639,0.32802,0.382,0.37944,0.39639,0.32802,0.382,175085.0,88760.0,86325.0,322162714.6,115190759.745284,163768057.6,58533387.486879,158394657.0,56657372.258405,14138524037.0,1296590000.0,15104646162.5749
2018-11-26,0.38186,0.39999,0.34625,0.36354,0.38226,0.39999,0.34625,0.36354,145831.0,74616.0,71215.0,267557884.2,99598875.407841,137452353.1,51197570.354598,130105531.1,48401305.053243,14267410221.0,1032000000.0,14334393936.0285
2018-11-27,0.3634,0.376,0.34634,0.365,0.36352,0.376,0.34634,0.365,87519.0,46038.0,41481.0,149919921.1,53689154.843102,79699830.4,28545317.651879,70220090.7,25143837.191223,14104245796.0,600169000.0,14524416370.1378
2018-11-28,0.36476,0.40319,0.36476,0.39203,0.36476,0.40319,0.36476,0.39203,91369.0,45618.0,45751.0,157732401.0,60683360.709519,79698836.0,30654322.34263,78033565.0,30029038.366889,15561433962.0,774818000.0,15750125593.8891
2018-11-29,0.3922,0.395,0.37072,0.38149,0.3922,0.395,0.37072,0.38149,75894.0,39126.0,36768.0,106959084.6,40905765.742894,54832156.1,20970280.511507,52126928.5,19935485.231387,15376556619.0,629900577.12,15306739230.0938
2018-11-30,0.38148,0.38331,0.355,0.36466,0.38148,0.38331,0.355,0.36466,56516.0,27718.0,28798.0,82213339.6,30275595.929295,40984650.5,15099474.750697,41228689.1,15176121.178598,14537180719.0,512041152.34,14616841112.3162
2018-12-01,0.36492,0.379,0.35617,0.37205,0.36508,0.379,0.35617,0.37205,49368.0,25141.0,24227.0,58583664.8,21666243.082642,30183965.9,11172502.575936,28399698.9,10493740.506706,14987352434.0,397266565.68,15038289184.0537
2018-12-02,0.372,0.3799,0.366,0.36963,0.372,0.3799,0.366,0.36963,36328.0,18448.0,17880.0,43193884.2,16049727.054353,21499996.7,7995425.393843,21693887.5,8054301.66051,14862533986.0,335732170.19,14825428857.6068
2018-12-03,0.36974,0.371,0.34553,0.34827,0.36974,0.371,0.34553,0.34827,43290.0,20588.0,22702.0,57538980.4,20563351.655543,26956439.7,9638485.093999,30582540.7,10924866.561544,14549252762.0,392651602.64,14064337568.8134
2018-12-04,0.34827,0.36255,0.33913,0.35231,0.34827,0.36255,0.33913,0.35231,49309.0,24971.0,24338.0,59867337.7,21146929.5164094,29989019.0,10598106.6894654,29878318.7,10548822.826944,14361669832.0,445334425.08,14204552398.7097
2018-12-05,0.35235,0.361,0.338,0.3395,0.35234,0.361,0.338,0.3395,41717.0,19978.0,21739.0,56281559.4,19480367.077544,27420514.6,9501099.453834,28861044.8,9979267.62371,13964261257.0,400526135.08,13640400736.3568
2018-12-06,0.33906,0.3455,0.30671,0.30919,0.33864,0.3455,0.30671,0.30919,58042.0,28205.0,29837.0,83574815.0,27575889.963269,39572098.9,13094038.243984,44002716.1,14481851.719285,13493919821.0,517551018.21,12539238457.6656
2018-12-07,0.30959,0.312,0.2865,0.30114,0.30907,0.312,0.2865,0.30114,87129.0,44123.0,43006.0,128448766.2,38612235.211272,65222702.2,19600373.87725,63226064.0,19011861.334022,12266692655.0,667331346.55,12359838915.6977
2018-12-08,0.30114,0.325,0.29117,0.30247,0.30113,0.325,0.29117,0.30247,63846.0,32757.0,31089.0,91555422.9,27867470.990108,46692587.0,14217034.716147,44862835.9,13650436.273961,12266048782.0,463529471.23,12575595451.1481
2018-12-09,0.30247,0.31965,0.2983,0.30914,0.30247,0.31965,0.2983,0.30914,44521.0,22234.0,22287.0,63609809.9,19615781.379523,31528394.7,9719422.446593,32081415.2,9896358.93293,12842701149.0,430122746.74,12825284623.7147
2018-12-10,0.30944,0.31377,0.29424,0.29956,0.30944,0.31377,0.29424,0.29956,42343.0,20387.0,21956.0,59077810.9,17855538.982623,28352209.4,8573393.064362,30725601.5,9282145.918261,12470296820.0,386627710.61,12432208489.2219
2018-12-11,0.2995,0.31,0.29396,0.29904,0.2995,0.31,0.29396,0.29904,39647.0,18596.0,21051.0,52196740.0,15657313.108933,25181669.6,7556135.65768,27015070.4,8101177.451253,12201264990.0,394872460.5,12333147092.1542
2018-12-12,0.29905,0.31064,0.2971,0.30463,0.29905,0.31064,0.2971,0.30463,37265.0,18782.0,18483.0,48158835.8,14652586.087512,25262995.0,7689778.379141,22895840.8,6962807.708371,12644480741.0,370325300.48,12577803840.8252
2018-12-13,0.30463,0.30569,0.29558,0.29934,0.30463,0.30569,0.29558,0.29934,31266.0,15502.0,15764.0,42978785.0,12946520.968695,21670672.1,6529729.378454,21308112.9,6416791.590241,12444372021.0,303413882.8,12279148092.9081
2018-12-14,0.29916,0.3008,0.28312,0.28816,0.29909,0.3008,0.28312,0.28816,38394.0,19866.0,18528.0,47556494.8,13894996.7686,23779031.3,6949747.676102,23777463.5,6945249.092498,12024280573.0,320266796.63,11819314866.2693
2018-12-15,0.28803,0.29149,0.2805,0.28422,0.28803,0.29149,0.2805,0.28422,33453.0,16327.0,17126.0,38261672.5,10918212.326527,19240398.6,5491969.57863,19021273.9,5426242.747897,11586057165.0,277696889.74,11700328892.3153
2018-12-16,0.28421,0.2954,0.28312,0.28669,0.28421,0.2954,0.28312,0.28669,35222.0,17387.0,17835.0,43951184.1,12725450.065093,22256296.1,6444631.224519,21694888.0,6280818.840574,11903672224.0,316135928.15,11784050728.6
2018-12-17,0.28669,0.337,0.285,0.32721,0.28669,0.337,0.285,0.32721,90715.0,45612.0,45103.0,129250477.5,40390343.943368,67486482.3,21076468.355107,61763995.2,19313875.588261,12409347655.0,639336584.69,13388520904.4401
2018-12-18,0.32721,0.3498,0.32149,0.34979,0.32721,0.3498,0.32149,0.34979,127305.0,62588.0,64717.0,166459905.1,55469101.627342,83894930.1,27950502.55815,82564975.0,27518599.069192,13617263631.0,753758216.81,14273429558.8071
2018-12-19,0.34979,0.39265,0.34165,0.34468,0.34979,0.39265,0.34165,0.34468,176074.0,85698.0,90376.0,238920130.5,87014869.305606,118666141.8,43201890.858106,120253988.7,43812978.4475,15269553323.0,1041279272.34,14346541678.6659
2018-12-20,0.34468,0.38368,0.339,0.37228,0.34468,0.38368,0.339,0.37228,150844.0,73413.0,77431.0,190801771.6,69774455.418295,97763087.0,35740491.899142,93038684.6,34033963.519153,15185330973.0,1006287680.0,15416266365.8491
2018-12-21,0.37228,0.383,0.34584,0.35428,0.372,0.383,0.34584,0.35428,114072.0,56237.0,57835.0,141255512.3,51393412.287701,72290274.9,26304236.814094,68965237.4,25089175.473607,15034438914.0,724747471.22,14627554926.2073
2018-12-22,0.35405,0.36,0.34383,0.35644,0.35405,0.36,0.34383,0.35644,63823.0,32041.0,31782.0,68501560.8,24066090.375105,36370268.4,12778284.542271,32131292.4,11287805.832834,14469524936.0,487175830.17,14780047339.8459
2018-12-23,0.35645,0.37784,0.35407,0.3669,0.35645,0.37784,0.35407,0.3669,76601.0,38821.0,37780.0,83342114.3,30424677.06743,43456218.5,15864548.764938,39885895.8,14560128.302492,14987121423.0,634162706.81,15145652798.4735
2018-12-24,0.36691,0.45,0.36665,0.40092,0.367,0.45,0.36665,0.40092,232374.0,113081.0,119293.0,308763465.2,127757382.972354,153425540.2,63441831.207359,155337925.0,64315551.764995,17706606540.0,1688430313.01,16594994618.0122
2018-12-25,0.40075,0.40399,0.36,0.37598,0.40084,0.40399,0.36,0.37598,159217.0,78570.0,80647.0,190479475.6,71154490.38717,95591387.1,35702196.178777,94888088.5,35452294.208393,15180788815.0,955306079.64,15537325694.9142
2018-12-26,0.37599,0.38942,0.35327,0.37253,0.376,0.38942,0.35327,0.37253,108072.0,52851.0,55221.0,115977475.4,43003343.747994,58541290.2,21722363.73339,57436185.2,21280980.014604,15007803756.0,690588635.09,15448432551.6306
2018-12-27,0.37298,0.375,0.325,0.33368,0.37299,0.375,0.325,0.33368,95303.0,47356.0,47947.0,113118482.1,39617938.885856,56338305.5,19734569.041425,56780176.6,19883369.844431,14852209943.0,575821046.58,13917404308.5459
2018-12-28,0.3337,0.37559,0.32823,0.36997,0.3337,0.37559,0.32823,0.36997,112497.0,56228.0,56269.0,133220344.3,47303924.001404,69398083.0,24613705.04204,63822261.3,22690218.959364,14786017042.0,765420103.12,15373342678.0375
2018-12-29,0.37017,0.37913,0.35103,0.35593,0.36989,0.37913,0.35103,0.35593,100154.0,48652.0,51502.0,105406488.5,38674353.099337,54085900.9,19858574.87846,51320587.6,18815778.220877,15287135745.0,617892296.77,14981716068.1975
2018-12-30,0.35622,0.36578,0.3508,0.36489,0.35622,0.36578,0.3508,0.36489,73672.0,35563.0,38109.0,66395531.2,23862549.572035,34827603.2,12527776.808505,31567928.0,11334772.76353,14964898366.0,486955034.39,15076740856.3326
2018-12-31,0.36488,0.36932,0.3435,0.34849,0.36488,0.36932,0.3435,0.34849,68146.0,32837.0,35309.0,70308054.1,24879457.068601,35439472.4,12543669.427563,34868581.7,12335787.641038,14635307917.0,501793515.34,14388351240.4842
2019-01-01,0.34864,0.36111,0.34533,0.3608,0.34864,0.36111,0.34533,0.3608,44289.0,22791.0,21498.0,41061397.6,14481148.630993,22590192.6,7971621.738376,18471205.0,6509526.892617,14414953102.0,449347621.93,14880496657.818
2019-01-02,0.36057,0.3745,0.3535,0.36882,0.36057,0.3745,0.3535,0.36882,73217.0,34656.0,38561.0,74162520.5,27033811.668072,36341329.4,13248817.032563,37821191.1,13784994.635509,14999702667.0,543216668.58,15307691623.9993
2019-01-03,0.3686,0.3691,0.34778,0.3524,0.3688,0.3691,0.34778,0.3524,64440.0,31030.0,33410.0,61459149.9,21962305.235877,30798652.6,11011314.48801,30660497.3,10950990.747867,14857496889.0,438873803.44,14695011675.9226
2019-01-04,0.35255,0.358,0.34385,0.35308,0.35255,0.358,0.34385,0.35308,58174.0,28009.0,30165.0,51976479.9,18261381.090014,25762836.5,9058915.328707,26213643.4,9202465.761307,14415391242.0,450633875.59,14553198220.8348
2019-01-05,0.35303,0.35981,0.345,0.34851,0.35296,0.35981,0.345,0.34851,60623.0,26923.0,33700.0,53463920.9,18885957.009937,27206130.3,9620300.528156,26257790.6,9265656.481781,14685112054.0,452090239.46,14493133456.6644
2019-01-06,0.34851,0.36446,0.34542,0.36042,0.34851,0.36446,0.34542,0.36042,66421.0,31830.0,34591.0,63015691.4,22444101.911474,33644141.7,11987199.806257,29371549.7,10456902.105217,14601403607.0,492558794.21,15028369642.2363
2019-01-07,0.36042,0.37218,0.35701,0.36022,0.36042,0.37218,0.35701,0.36022,73648.0,33784.0,39864.0,70715569.0,25665344.459982,34805479.8,12638654.7862,35910089.2,13026689.673782,14967083516.0,499028522.21,14863201413.8935
2019-01-08,0.36015,0.36796,0.3545,0.36073,0.36015,0.36796,0.3545,0.36073,69400.0,31797.0,37603.0,67790037.4,24413973.844119,34032712.9,12259159.176157,33757324.5,12154814.667962,15134297914.0,499493489.94,14902699114.9664
2019-01-09,0.36073,0.36919,0.35775,0.3648,0.36073,0.36919,0.35775,0.3648,71907.0,33860.0,38047.0,67288168.8,24400079.838975,33996016.0,12330830.424715,33292152.8,12069249.41426,14946228112.0,455908708.15,15130140418.9396
2019-01-10,0.36479,0.37963,0.315,0.32464,0.3648,0.37963,0.315,0.32464,152574.0,74477.0,78097.0,182432057.4,63015215.63774,89001347.8,30681935.203198,93430709.6,32333280.434542,14088803977.0,839535352.31,13652158154.6882
2019-01-11,0.32464,0.33418,0.31559,0.3258,0.32464,0.33418,0.31559,0.3258,94037.0,47093.0,46944.0,74955650.2,24412830.449489,37755914.2,12299257.638656,37199736.0,12113572.810833,13731729470.0,501054509.36,13662512032.1385
2019-01-12,0.3258,0.32977,0.32071,0.32557,0.3258,0.32977,0.32071,0.32557,54644.0,30134.0,24510.0,38674176.1,12579459.68976,20970189.6,6822808.704173,17703986.5,5756650.985587,13545211211.0,376386862.6,13494075803.9191
2019-01-13,0.32554,0.32953,0.30796,0.31132,0.32554,0.32953,0.30796,0.31132,59856.0,31025.0,28831.0,56198037.6,17845500.581001,26953523.0,8583259.112369,29244514.6,9262241.468632,13577551085.0,452358901.65,13045216854.2835
2019-01-14,0.31139,0.33593,0.31115,0.32871,0.31139,0.33593,0.31115,0.32871,71026.0,37028.0,33998.0,65175057.4,21107405.234631,34817690.6,11272136.167661,30357366.8,9835269.06697,13572991935.0,545540174.0,13697899740.6082
2019-01-15,0.3286,0.33176,0.31606,0.3215,0.3286,0.33176,0.31606,0.3215,64871.0,29891.0,34980.0,54164499.2,17587679.755488,27767305.2,9020786.273692,26397194.0,8566893.481796,13543264256.0,429283719.6,13427555273.7552
2019-01-16,0.32154,0.33196,0.3201,0.3257,0.32154,0.33196,0.3201,0.3257,59556.0,30720.0,28836.0,48151576.2,15670242.945673,25333612.7,8248693.071853,22817963.5,7421549.87382,13594867583.0,438731638.44,13531060364.9609
2019-01-17,0.3258,0.3284,0.31926,0.32489,0.3258,0.3284,0.31926,0.32489,58968.0,27159.0,31809.0,46482575.6,15050768.289156,24625854.6,7975933.099259,21856721.0,7074835.189897,13442916342.0,433446502.44,13516769989.7764
2019-01-18,0.32468,0.32548,0.3161,0.32036,0.32466,0.32548,0.3161,0.32036,44455.0,18165.0,26290.0,31990322.9,10280587.416064,15020400.1,4828679.177569,16969922.8,5451908.238495,13381483612.0,376280714.05,13308451031.432
2019-01-19,0.32042,0.3325,0.31927,0.3267,0.32042,0.3325,0.31927,0.3267,50888.0,24452.0,26436.0,43414969.4,14172186.906988,22935951.4,7489056.092144,20479018.0,6683130.814844,13577820114.0,420070096.83,13584427086.4756
2019-01-20,0.32672,0.32861,0.31089,0.3168,0.3267,0.32861,0.31089,0.3168,48146.0,22175.0,25971.0,40593702.6,12957741.167481,18694340.8,5968923.168324,21899361.8,6988817.999157,13191570005.0,407205880.81,13181215053.6675
2019-01-21,0.31697,0.32163,0.3127,0.31767,0.31704,0.32163,0.3127,0.31767,43779.0,22119.0,21660.0,29721620.1,9416171.524385,16293009.2,5164210.103625,13428610.9,4251961.42076,13140337945.0,363940430.83,13165341827.4196
2019-01-22,0.31766,0.3202,0.30611,0.31762,0.31748,0.3202,0.30611,0.31762,60138.0,30071.0,30067.0,51740083.2,16317684.232892,27336863.7,8629683.918712,24403219.5,7688000.31418,13124885144.0,434125854.2,13112032407.7908
2019-01-23,0.31762,0.31933,0.312,0.31415,0.31767,0.31933,0.312,0.31415,47968.0,22341.0,25627.0,37351681.3,11800940.36567,19342819.4,6114744.042292,18008861.9,5686196.323378,13052877188.0,375671478.08,12988961767.1715
2019-01-24,0.31422,0.31795,0.31255,0.31593,0.31422,0.31795,0.31255,0.31593,38617.0,16717.0,21900.0,27176617.3,8561556.633777,13890071.6,4376260.509053,13286545.7,4185296.124724,13000925464.0,344960253.17,13034332606.2609
2019-01-25,0.31584,0.31698,0.31,0.31384,0.31584,0.31698,0.31,0.31384,36598.0,18481.0,18117.0,23989294.4,7528099.419364,11999984.9,3767069.723096,11989309.5,3761029.696268,12961736827.0,360076504.92,13016563842.8419
2019-01-26,0.314,0.31887,0.3119,0.31258,0.314,0.31887,0.3119,0.31258,37734.0,18720.0,19014.0,27927773.9,8782194.110508,15211582.6,4784052.701533,12716191.3,3998141.408975,13060540684.0,346413647.87,12935008077.8467
2019-01-27,0.3126,0.31409,0.30272,0.30646,0.3126,0.31409,0.30272,0.30646,46839.0,21777.0,25062.0,40448660.6,12492573.537131,19164021.3,5917575.850311,21284639.3,6574997.68682,12773480958.0,362599965.07,12737591538.844
2019-01-28,0.30653,0.30767,0.28089,0.29223,0.30655,0.30767,0.28089,0.29223,84364.0,41937.0,42427.0,86788557.0,25369158.233396,43286384.4,12643047.646452,43502172.6,12726110.586944,11795919095.0,584796818.26,12137576987.0864
2019-01-29,0.29223,0.294,0.28126,0.28693,0.29223,0.294,0.28126,0.28693,57922.0,32695.0,25227.0,46228128.9,13311591.583111,24771304.0,7134922.06994,21456824.9,6176669.513171,12015202054.0,454631054.85,11919217294.9316
2019-01-30,0.28694,0.32646,0.28447,0.32109,0.28694,0.32646,0.28447,0.32109,114127.0,59425.0,54702.0,135161854.0,42202164.516304,68868384.9,21472338.923896,66293469.1,20729825.592408,13018412742.0,753787392.13,13191291588.284
2019-01-31,0.32118,0.3358,0.30349,0.30911,0.32109,0.3358,0.30349,0.30911,148816.0,78784.0,70032.0,173326720.7,54812345.826359,90474479.4,28609190.85446,82852241.3,26203154.971899,12822365864.0,780304474.31,12762148539.2466
2019-02-01,0.3092,0.31197,0.295,0.30624,0.3092,0.31197,0.295,0.30624,93872.0,50014.0,43858.0,87742017.5,26700174.283483,45736008.1,13920013.602285,42006009.4,12780160.681198,12682675729.0,564486615.36,12699646520.0179
2019-02-02,0.30628,0.31377,0.30428,0.3103,0.30624,0.31377,0.30428,0.3103,53361.0,26555.0,26806.0,44389361.1,13640816.098831,23244660.1,7143983.91525,21144701.0,6496832.183581,12591252908.0,429425319.8,12798226061.8303
2019-02-03,0.31042,0.31215,0.289,0.30219,0.31052,0.31215,0.289,0.30219,59432.0,31046.0,28386.0,55823769.6,16968204.217589,27993544.4,8511600.824117,27830225.2,8456603.393472,12529138000.0,438357004.01,12445862136.9874
2019-02-04,0.30204,0.30566,0.29736,0.29939,0.30204,0.30566,0.29736,0.29939,51641.0,28749.0,22892.0,44235957.5,13325536.773214,24449715.2,7366100.430602,19786242.3,5959436.342612,12387986114.0,418384496.53,12358907414.8467
2019-02-05,0.29932,0.30225,0.29642,0.29972,0.29932,0.30225,0.29642,0.29972,54759.0,31719.0,23040.0,53121022.0,15853498.129435,28570555.4,8527120.616733,24550466.6,7326377.512702,12277798311.0,424722760.39,12319438867.7643
2019-02-06,0.29972,0.30101,0.28809,0.2894,0.29972,0.30101,0.28809,0.2894,69378.0,35087.0,34291.0,60630230.6,17718861.635088,30882186.4,9025903.221634,29748044.2,8692958.413454,12059589402.0,456205129.77,11969011802.0909
2019-02-07,0.28934,0.29469,0.28913,0.29145,0.28934,0.29469,0.28913,0.29145,45452.0,24081.0,21371.0,32936661.6,9626719.690917,17199981.3,5027467.552783,15736680.3,4599252.138134,12099222047.0,368034283.22,12005682182.0905
2019-02-08,0.29146,0.32129,0.28908,0.31205,0.29153,0.32129,0.28908,0.31205,99364.0,49980.0,49384.0,93896197.0,28641390.670907,49770962.4,15183597.341188,44125234.6,13457793.329719,12407024900.0,683014534.79,12831745666.6026
2019-02-09,0.31195,0.3164,0.30719,0.31215,0.31186,0.3164,0.30719,0.31215,77622.0,40436.0,37186.0,65169202.2,20290088.699507,35254373.5,10970652.310359,29914828.7,9319436.389148,12696498035.0,461638795.23,12815309888.3661
2019-02-10,0.31218,0.31286,0.29829,0.30988,0.31216,0.31286,0.29829,0.30988,76282.0,37530.0,38752.0,65487258.0,19934978.57051,33289240.7,10130003.748332,32198017.3,9804974.822178,12522782289.0,495640830.96,12758715489.7811
2019-02-11,0.30985,0.3103,0.30136,0.30255,0.30985,0.3103,0.30136,0.30255,62422.0,30737.0,31685.0,41900510.2,12728464.017408,21597491.2,6561110.609714,20303019.0,6167353.407694,12582394763.0,474495062.37,12475397373.8564
2019-02-12,0.30243,0.30842,0.29625,0.30514,0.30243,0.30842,0.29625,0.30514,57603.0,29537.0,28066.0,50915657.1,15358313.916763,27563521.5,8313009.47852,23352135.6,7045304.438243,12419485480.0,472806809.85,12576315747.1467
2019-02-13,0.3051,0.31373,0.30113,0.30382,0.30513,0.31373,0.30113,0.30382,61469.0,30415.0,31054.0,54722420.4,16721771.674074,28611220.3,8741147.254751,26111200.1,7980624.419323,12476546621.0,494653114.71,12538960413.1628
2019-02-14,0.30387,0.30556,0.29975,0.30081,0.30387,0.30556,0.29975,0.30081,47821.0,22024.0,25797.0,38757408.1,11729954.917422,19231591.2,5821948.960311,19525816.9,5908005.957111,12518611723.0,418928959.72,12441105390.7472
2019-02-15,0.30082,0.30646,0.296,0.30194,0.30082,0.30646,0.296,0.30194,47728.0,23495.0,24233.0,35931398.3,10832503.231432,18202947.3,5489802.068959,17728451.0,5342701.162473,12358541163.0,426310729.25,12434893659.6419
2019-02-16,0.30195,0.30408,0.2997,0.30077,0.30195,0.30408,0.2997,0.30077,39518.0,19949.0,19569.0,31126221.9,9391385.050381,16963602.8,5118953.081686,14162619.1,4272431.968695,12466281727.0,379011431.46,12432602528.1567
2019-02-17,0.30084,0.308,0.29849,0.30318,0.30084,0.308,0.29849,0.30318,47749.0,22755.0,24994.0,49930873.1,15070219.153568,23497801.5,7095959.340233,26433071.6,7974259.813335,12379313381.0,427237164.5,12501307769.4633
2019-02-18,0.3031,0.32862,0.30177,0.32194,0.3031,0.32862,0.30177,0.32194,151258.0,77204.0,74054.0,172763975.2,54465043.945125,90512885.2,28537333.016433,82251090.0,25927710.928692,13031821008.0,887187377.08,13251207947.4575
2019-02-19,0.32188,0.34777,0.31807,0.32238,0.32194,0.34777,0.31807,0.32238,178712.0,92586.0,86126.0,198102626.4,65840466.219509,106852753.4,35468330.154421,91249873.0,30372136.065088,13915037738.0,1135384190.17,13374527523.851
2019-02-20,0.3225,0.33476,0.3166,0.3315,0.3225,0.33476,0.3166,0.3315,115042.0,59859.0,55183.0,103063793.8,33620034.424232,55743107.9,18179111.907083,47320685.9,15440922.517149,13536481916.0,777173685.37,13750925866.2106
2019-02-21,0.33139,0.33297,0.31688,0.3207,0.33139,0.33297,0.31688,0.3207,78855.0,40678.0,38177.0,74728496.6,24112948.138159,37704981.3,12169939.692018,37023515.3,11943008.446141,13331829572.0,634536384.75,13272215549.1976
2019-02-22,0.32064,0.32333,0.31352,0.32105,0.32069,0.32333,0.31352,0.32105,58278.0,30780.0,27498.0,47070036.8,15075900.287105,24577351.0,7875473.888886,22492685.8,7200426.398219,13272077260.0,570898964.44,13315770282.3979
2019-02-23,0.32102,0.33395,0.31753,0.33201,0.32102,0.33395,0.31753,0.33201,64349.0,33940.0,30409.0,65573265.4,21374994.016811,35477806.8,11571786.188633,30095458.6,9803207.828178,13197678418.0,638747256.13,13759017837.5162
2019-02-24,0.33201,0.34345,0.29371,0.29757,0.332,0.34345,0.29371,0.29757,140982.0,67078.0,73904.0,168785982.4,53774945.904826,76777071.2,24514237.72741,92008911.2,29260708.177416,12578406508.0,1117884486.44,12469397084.6018
2019-02-25,0.29757,0.33975,0.29672,0.32731,0.29757,0.33975,0.29672,0.32731,157915.0,79205.0,78710.0,198793053.8,63766205.883951,101419763.1,32452376.898838,97373290.7,31313828.985113,12768276365.0,1060838439.89,13589015145.0172
2019-02-26,0.3274,0.33502,0.31334,0.31658,0.32733,0.33502,0.31334,0.31658,139027.0,73682.0,65345.0,156768298.4,50296752.489879,82279092.7,26382068.201181,74489205.7,23914684.288698,13350068364.0,881257177.54,13215356893.1755
2019-02-27,0.31663,0.31874,0.30076,0.31067,0.31658,0.31874,0.30076,0.31067,81307.0,44939.0,36368.0,86042683.7,26836386.606227,44725939.6,13959770.935141,41316744.1,12876615.671086,13180880893.0,716326028.68,12951843119.9634
2019-02-28,0.31054,0.31771,0.30602,0.3139,0.31066,0.31771,0.30602,0.3139,79418.0,41547.0,37871.0,82235972.7,25649682.966488,42649417.6,13305039.015006,39586555.1,12344643.951482,13057348626.0,734041244.65,13033383005.9586
2019-03-01,0.31386,0.32354,0.31146,0.31564,0.3139,0.32354,0.31146,0.31564,75705.0,39471.0,36234.0,82928007.7,26450566.429875,39928362.2,12733964.170107,42999645.5,13716602.259768,13304739379.0,752723591.36,13146898194.0162
2019-03-02,0.31565,0.31819,0.30993,0.31382,0.31574,0.31819,0.30993,0.31382,56696.0,30207.0,26489.0,49884108.0,15647042.146256,26332587.1,8259361.424447,23551520.9,7387680.721809,13085126392.0,604560085.69,13056329959.2228
2019-03-03,0.31389,0.31542,0.308,0.31114,0.31389,0.31542,0.308,0.31114,39242.0,22294.0,16948.0,35107981.0,10959710.198373,17596640.5,5493716.23608,17511340.5,5465993.962293,12965909440.0,548503372.46,12949767220.5835
2019-03-04,0.31115,0.31222,0.29728,0.30207,0.31115,0.31222,0.29728,0.30207,57629.0,31577.0,26052.0,54554165.3,16547698.384388,27321879.0,8287500.817593,27232286.3,8260197.566795,12671379509.0,647905631.8,12642316835.7351
2019-03-05,0.30197,0.31787,0.3008,0.31471,0.30197,0.31787,0.3008,0.31471,65306.0,34567.0,30739.0,65812161.6,20428224.510567,34264020.3,10635726.005776,31548141.3,9792498.504791,13003781887.0,786832982.18,13113543970.5655
2019-03-06,0.31473,0.32186,0.3095,0.31629,0.31473,0.32186,0.3095,0.31629,68602.0,32247.0,36355.0,69108469.9,21761325.644857,33218453.2,10465664.914448,35890016.7,11295660.730409,13161381260.0,750399371.12,13135275498.9144
2019-03-07,0.31628,0.31936,0.3124,0.31311,0.31627,0.31936,0.3124,0.31311,59083.0,29122.0,29961.0,51060315.9,16092143.111092,24867249.3,7838676.595277,26193066.6,8253466.515815,13120704124.0,716447225.73,13041438380.5281
2019-03-08,0.31324,0.316,0.305,0.30775,0.31324,0.316,0.305,0.30775,57754.0,29618.0,28136.0,52311973.0,16277504.813893,25925009.1,8072205.925583,26386963.9,8205298.88831,12959794014.0,680461374.65,12847588531.5661
2019-03-09,0.3078,0.319,0.3068,0.31389,0.3078,0.319,0.3068,0.31389,64710.0,35311.0,29399.0,60052162.0,18838307.476235,33285098.3,10439432.379741,26767063.7,8398875.096494,13011336528.0,763946051.4,13002493405.7268
2019-03-10,0.31395,0.31705,0.30905,0.31289,0.31395,0.31705,0.30905,0.31289,49031.0,25624.0,23407.0,43024192.8,13461275.941035,22006255.8,6887941.40593,21017937.0,6573334.535105,13084057545.0,620043948.95,12972692491.35
2019-03-11,0.31279,0.315,0.30658,0.30992,0.31289,0.315,0.30658,0.30992,53810.0,28140.0,25670.0,51679569.6,16045274.789686,27324720.4,8482248.252556,24354849.2,7563026.53713,12863092809.0,671951310.57,12888076063.2533
2019-03-12,0.30991,0.31204,0.30766,0.31031,0.30991,0.31204,0.30766,0.31031,37834.0,18716.0,19118.0,34008792.9,10562743.784609,15714254.4,4880483.622891,18294538.5,5682260.161718,12843960902.0,581106367.09,12852289140.1538
2019-03-13,0.3103,0.32555,0.30733,0.31332,0.3103,0.32555,0.30733,0.31332,70639.0,35889.0,34750.0,78566025.5,24765674.350718,39801002.9,12546744.018195,38765022.6,12218930.332523,13114709790.0,827163023.75,13013743791.0211
2019-03-14,0.31345,0.31654,0.30585,0.31131,0.31345,0.31654,0.30585,0.31131,57351.0,31390.0,25961.0,54311189.1,16915000.623763,26688095.8,8317093.608458,27623093.3,8597907.015305,12975823150.0,706966031.67,12966405951.3542
2019-03-15,0.31131,0.31678,0.3107,0.31473,0.31131,0.31678,0.3107,0.31473,45084.0,25045.0,20039.0,40022943.7,12556120.534813,21924074.7,6879877.549015,18098869.0,5676242.985798,13033735331.0,636037517.18,13053269085.5741
2019-03-16,0.31485,0.323,0.31465,0.31868,0.31485,0.323,0.31465,0.31868,64557.0,31874.0,32683.0,59414487.2,18942070.278137,31755796.9,10126038.728596,27658690.3,8816031.549541,13219928346.0,759396360.12,13277693053.3083
2019-03-17,0.31866,0.31892,0.314,0.3154,0.31866,0.31892,0.314,0.3154,40297.0,22475.0,17822.0,33510613.2,10588464.503035,17236877.5,5447566.371849,16273735.7,5140898.131186,13152327193.0,530234054.25,13159356178.0036
2019-03-18,0.31546,0.32,0.31135,0.31452,0.31546,0.32,0.31135,0.31452,48291.0,24489.0,23802.0,46830749.7,14758458.44135,21447770.5,6762386.735084,25382979.2,7996071.706266,13126611808.0,692176695.95,13152224849.5606
2019-03-19,0.31451,0.3166,0.3125,0.31594,0.31451,0.3166,0.3125,0.31594,43894.0,23938.0,19956.0,37937661.9,11923966.970912,19760309.6,6211400.096619,18177352.3,5712566.874293,13196950948.0,672954616.12,13228510121.7409
2019-03-20,0.31581,0.32275,0.3115,0.31779,0.31595,0.32275,0.3115,0.31779,58354.0,29133.0,29221.0,61071284.0,19305865.146562,31298668.7,9901221.996179,29772615.3,9404643.150383,13289329136.0,794566633.47,13316885396.7992
2019-03-21,0.3178,0.31915,0.29,0.30965,0.3178,0.31915,0.29,0.30965,67223.0,35016.0,32207.0,68244170.4,21207636.162497,31734073.8,9869497.954883,36510096.6,11338138.207614,13009393552.0,824129022.77,13029696678.0705
2019-03-22,0.30965,0.31262,0.30642,0.31041,0.30965,0.31262,0.30642,0.31041,47521.0,25153.0,22368.0,40997646.8,12708277.251718,20987712.2,6506585.234038,20009934.6,6201692.01768,13048801031.0,687711343.43,12980675768.4325
2019-03-23,0.31041,0.31264,0.30883,0.31182,0.31041,0.31264,0.30883,0.31182,39272.0,21176.0,18096.0,35555914.1,11050754.527932,18727351.9,5820412.158729,16828562.2,5230342.369203,12989344174.0,611853725.5,13014768156.1416
2019-03-24,0.31174,0.31186,0.30471,0.30787,0.31174,0.31186,0.30471,0.30787,39103.0,21956.0,17147.0,34884060.5,10758082.15291,17224273.9,5312608.276462,17659786.6,5445473.876448,12913139305.0,649754894.32,12874448651.7167
2019-03-25,0.30792,0.308,0.3,0.3031,0.30794,0.308,0.3,0.3031,50480.0,25412.0,25068.0,47533457.4,14470205.127853,23381927.7,7116518.60118,24151529.7,7353686.526673,12774427727.0,750245385.04,12681109120.1852
2019-03-26,0.30296,0.30384,0.294,0.30302,0.30296,0.30384,0.294,0.30302,49269.0,26185.0,23084.0,45108158.9,13503616.090554,22248415.2,6659697.253651,22859743.7,6843918.836903,12539604168.0,761000016.7,12722986422.7757
2019-03-27,0.303,0.31097,0.30055,0.31012,0.30303,0.31097,0.30055,0.31012,57231.0,31261.0,25970.0,55385680.1,16995861.109668,29546153.7,9068041.264756,25839526.4,7927819.844912,12916040086.0,781951317.88,13031827697.9234
2019-03-28,0.30986,0.31012,0.30418,0.30604,0.30991,0.31012,0.30418,0.30604,39530.0,20383.0,19147.0,33354763.4,10226441.236927,16299115.3,4997640.398584,17055648.1,5228800.838343,12921973517.0,677929378.89,12897607539.5467
2019-03-29,0.30603,0.31042,0.30475,0.30774,0.30603,0.31042,0.30475,0.30774,52467.0,26182.0,26285.0,52565413.4,16151708.193281,24033014.4,7388338.734379,28532399.0,8763369.458902,12855904578.0,854583315.63,12842645324.6491
2019-03-30,0.30775,0.31834,0.30687,0.31107,0.30775,0.31834,0.30687,0.31107,62859.0,32355.0,30504.0,66842364.5,20896399.78371,33763081.4,10555089.175673,33079283.1,10341310.608037,13040036783.0,929122633.48,12955391175.1783
2019-03-31,0.31092,0.31168,0.30718,0.30889,0.31092,0.31168,0.30718,0.30889,37012.0,17470.0,19542.0,31804560.0,9842096.875464,14518009.0,4493213.791838,17286551.0,5348883.083626,12917156332.0,652757652.26,12896872921.6611
2019-04-01,0.30889,0.31455,0.30739,0.31248,0.30889,0.31455,0.30739,0.31248,45109.0,23400.0,21709.0,43573420.6,13587510.978309,21496349.2,6704978.037354,22077071.4,6882532.940955,13032877156.0,836123225.03,13043585710.8733
2019-04-02,0.31249,0.35571,0.3115,0.3505,0.3125,0.35571,0.3115,0.3505,184258.0,95873.0,88385.0,254825056.8,84753414.780293,137555751.5,45738182.242572,117269305.3,39015232.537721,13999573218.0,2400198267.69,14672900148.4179
2019-04-03,0.3505,0.3705,0.32354,0.34022,0.35056,0.3705,0.32354,0.34022,242363.0,119048.0,123315.0,317885933.0,113046169.785911,159060587.2,56634172.409841,158825345.8,56411997.37607,15006702920.0,2544122430.59,14286134858.5548
2019-04-04,0.34022,0.34669,0.325,0.32996,0.34001,0.34669,0.325,0.32996,134293.0,60986.0,73307.0,142045982.4,47714820.701926,66719505.9,22440033.435282,75326476.5,25274787.266644,14096336054.0,1599115419.0,13880340560.4673
2019-04-05,0.32996,0.37999,0.32994,0.3613,0.32996,0.37999,0.32994,0.3613,216258.0,107425.0,108833.0,277642035.5,100621892.665417,139407172.2,50518670.550849,138234863.3,50103222.114568,15144519152.0,2359353480.69,15103004665.6233
2019-04-06,0.36118,0.36224,0.3461,0.35264,0.3612,0.36224,0.3461,0.35264,112820.0,54336.0,58484.0,127333234.4,45233281.721602,62971953.8,22377805.819051,64361280.6,22855475.902551,14923147565.0,1440643534.19,14794185026.2349
2019-04-07,0.35267,0.367,0.35041,0.3612,0.35267,0.367,0.35041,0.3612,99902.0,47551.0,52351.0,110132996.9,39597409.587672,54289180.2,19522625.824905,55843816.7,20074783.762767,14897585184.0,1398086395.49,15021731304.72
2019-04-08,0.36149,0.37012,0.34365,0.35568,0.36139,0.37012,0.34365,0.35568,120076.0,57043.0,63033.0,128130260.7,45648808.499445,61047367.5,21753887.221516,67082893.2,23894921.277929,14964242126.0,1513421925.66,14971342083.2572
2019-04-09,0.35558,0.35574,0.34385,0.34732,0.35558,0.35574,0.34385,0.34732,72785.0,34135.0,38650.0,68738132.8,23969116.478163,34365004.7,11983425.327563,34373128.1,11985691.1506,14646992606.0,1076688923.67,14604743888.5557
2019-04-10,0.34728,0.3578,0.34608,0.35345,0.34728,0.3578,0.34608,0.35345,75488.0,37558.0,37930.0,75219953.7,26594313.52442,38163851.5,13494814.862074,37056102.2,13099498.662346,14893071579.0,1213341088.7,14827516668.7291
2019-04-11,0.3535,0.35377,0.3191,0.32705,0.35358,0.35377,0.3191,0.32705,113160.0,56841.0,56319.0,141965465.9,46956927.984737,69921105.7,23101771.35397,72044360.2,23855156.630767,13850972027.0,1641951209.66,13832528015.473
2019-04-12,0.3271,0.3282,0.31391,0.32325,0.32719,0.3282,0.31391,0.32325,66068.0,34835.0,31233.0,72144027.4,23275540.851039,37083117.7,11964662.239798,35060909.7,11310878.611241,13675164896.0,1076074030.94,13638700668.6978
2019-04-13,0.32314,0.3359,0.31936,0.32458,0.32314,0.3359,0.31936,0.32458,59615.0,31078.0,28537.0,67170066.4,21933335.561958,35942605.8,11734846.99121,31227460.6,10198488.570748,13633595986.0,976688780.43,13625508288.9129
2019-04-14,0.32459,0.33,0.32121,0.32762,0.32459,0.33,0.32121,0.32762,38224.0,18775.0,19449.0,36641180.9,11897726.92004,19011665.6,6174255.922026,17629515.3,5723470.998014,13588115474.0,746765729.32,13741639598.8247
2019-04-15,0.32761,0.33184,0.31311,0.31905,0.3276,0.33184,0.31311,0.31905,54094.0,26374.0,27720.0,60520268.3,19512733.390887,28270582.7,9124039.468556,32249685.6,10388693.922331,13672007379.0,934107163.65,13468978197.435
2019-04-16,0.31889,0.325,0.31541,0.32379,0.31889,0.325,0.31541,0.32379,38362.0,19289.0,19073.0,43657398.1,13974983.002732,22425796.3,7179437.584959,21231601.8,6795545.417773,13512190368.0,799796781.27,13733570916.7036
2019-04-17,0.324,0.341,0.319,0.33436,0.32401,0.341,0.319,0.33436,85665.0,43736.0,41929.0,104205590.3,34394029.835788,55562162.2,18344185.863199,48643428.1,16049843.972589,13945531310.0,1137811633.14,14079207979.9901
2019-04-18,0.33435,0.34671,0.33116,0.33533,0.33436,0.34671,0.33116,0.33533,74098.0,34941.0,39157.0,89265139.5,30166552.68147,43643127.5,14753030.05507,45622012.0,15413522.6264,14126103233.0,1092731768.77,14146855827.5394
2019-04-19,0.33525,0.33537,0.32606,0.32999,0.33521,0.33537,0.32606,0.32999,54644.0,26749.0,27895.0,56599475.8,18667104.947315,27545358.3,9085970.13552,29054117.5,9581134.811795,13924989199.0,1025167554.45,13930181414.776
2019-04-20,0.33008,0.33241,0.321,0.32668,0.33006,0.33241,0.321,0.32668,51440.0,25122.0,26318.0,50641661.9,16621332.270968,23823270.8,7819436.363965,26818391.1,8801895.907003,13862448427.0,931570799.42,13786384591.8335
2019-04-21,0.32673,0.32815,0.31356,0.31963,0.32673,0.32815,0.31356,0.31963,61037.0,33563.0,27474.0,56724369.4,18142346.664763,27056448.4,8654096.010806,29667921.0,9488250.653957,13447175951.0,1005803846.07,13533407429.7373
2019-04-22,0.31972,0.3306,0.31624,0.32252,0.31972,0.3306,0.31624,0.32252,65901.0,34188.0,31713.0,66794738.7,21587169.332023,33661972.3,10878412.467444,33132766.4,10708756.864579,13614349053.0,1131094080.38,13606823300.8989
2019-04-23,0.32232,0.32647,0.31684,0.31807,0.32232,0.32647,0.31684,0.31807,62109.0,31572.0,30537.0,54953934.0,17746937.169932,26244945.9,8478164.539227,28708988.1,9268772.630705,13656101776.0,1077333990.03,13492933874.6565
2019-04-24,0.31802,0.31989,0.2888,0.29963,0.31803,0.31989,0.2888,0.29963,104260.0,53137.0,51123.0,117021557.4,35150213.668001,54788033.0,16450476.45305,62233524.4,18699737.214951,12699446515.0,1517791002.04,12698877292.6801
2019-04-25,0.29971,0.30581,0.28455,0.29161,0.29972,0.30581,0.28455,0.29161,84302.0,45290.0,39012.0,89489236.1,26604585.6946,44885657.8,13354732.899721,44603578.3,13249852.794879,12782171597.0,1191205195.93,12155572104.6111
2019-04-26,0.29162,0.30491,0.28839,0.3035,0.29146,0.30491,0.28839,0.3035,76073.0,43457.0,32616.0,72046167.9,21424107.746478,36896309.6,10979778.354816,35149858.3,10444329.391662,12342760724.0,1226933036.4,12538573521.1164
2019-04-27,0.3034,0.30499,0.2975,0.29928,0.3034,0.30499,0.2975,0.29928,44419.0,25103.0,19316.0,32921334.6,9887345.470263,16562620.2,4976098.385841,16358714.4,4911247.084422,12425059674.0,785963315.16,12464603664.4576
2019-04-28,0.29942,0.30278,0.29535,0.29946,0.29942,0.30278,0.29535,0.29946,39891.0,24999.0,14892.0,27792665.6,8317449.559428,14117030.0,4225877.166299,13675635.6,4091572.393129,12508551729.0,721572911.19,12493351058.325
2019-04-29,0.29948,0.30161,0.28959,0.29323,0.29948,0.30161,0.28959,0.29323,50409.0,28898.0,21511.0,40369249.3,11919113.759627,19146479.2,5652003.992537,21222770.1,6267109.76709,12321214685.0,890911784.05,12361611828.472
2019-04-30,0.29313,0.31249,0.29154,0.3087,0.29302,0.31249,0.29154,0.3087,84159.0,45471.0,38688.0,79732128.9,24312231.569515,41480535.0,12642643.611629,38251593.9,11669587.957886,12873360088.0,1229331266.99,12999538690.0705
2019-05-01,0.30855,0.31,0.29992,0.30304,0.30855,0.31,0.29992,0.30304,62998.0,34677.0,28321.0,48514885.7,14743040.140745,24026097.2,7303320.332549,24488788.5,7439719.808196,12808825583.0,914654614.2,12798744396.7069
2019-05-02,0.30313,0.30478,0.30072,0.30205,0.30312,0.30478,0.30072,0.30205,51512.0,29660.0,21852.0,33326988.7,10088286.686509,16287192.2,4931539.025461,17039796.5,5156747.661048,12761051523.0,890538618.62,12737560179.2106
2019-05-03,0.30206,0.31053,0.3003,0.30784,0.30202,0.31053,0.3003,0.30784,79973.0,43773.0,36200.0,69197287.9,21177888.508798,35352644.4,10821446.190632,33844643.5,10356442.318166,12995593152.0,1221399046.25,12972165512.4254
2019-05-04,0.30792,0.31856,0.29634,0.30305,0.30792,0.31856,0.29634,0.30305,78431.0,40918.0,37513.0,66819936.9,20447567.124627,33690846.2,10311786.797118,33129090.7,10135780.327509,12700657144.0,1162919063.17,12817676080.3987
2019-05-05,0.30293,0.305,0.29892,0.30044,0.30305,0.305,0.29892,0.30044,52064.0,27983.0,24081.0,30103928.8,9074790.740683,14800953.9,4462207.176094,15302974.9,4612583.564589,12739873772.0,805245811.92,12724692457.4146
2019-05-06,0.30044,0.30751,0.29479,0.30283,0.30044,0.30751,0.29479,0.30283,62586.0,31223.0,31363.0,51001442.8,15374911.616461,23062598.7,6947454.252073,27938844.1,8427457.364388,12715323717.0,1048970512.46,12726677734.2641
2019-05-07,0.30284,0.30726,0.29712,0.29819,0.30284,0.30726,0.29712,0.29819,69373.0,34062.0,35311.0,57173886.2,17309502.393341,28461611.3,8619852.300808,28712274.9,8689650.092533,12696442919.0,1082385111.74,12626698622.7779
2019-05-08,0.29843,0.30275,0.29567,0.29958,0.29843,0.30275,0.29567,0.29958,51336.0,28851.0,22485.0,34177808.2,10250241.416229,16884473.0,5065597.198219,17293335.2,5184644.21801,12654093616.0,927526279.73,12670380604.1329
2019-05-09,0.29957,0.30198,0.29195,0.29488,0.29957,0.30198,0.29195,0.29488,64450.0,30752.0,33698.0,43626389.8,12951571.853822,20007905.9,5938989.323137,23618483.9,7012582.530685,12563537214.0,857521678.11,12492913760.3373
2019-05-10,0.29475,0.30198,0.29061,0.29881,0.29475,0.30198,0.29061,0.29881,78664.0,37135.0,41529.0,49685072.4,14747914.735959,24130865.0,7168940.255536,25554207.4,7578974.480423,12652529743.0,1057594528.83,12656310572.3491
2019-05-11,0.29877,0.3372,0.29801,0.31724,0.29867,0.3372,0.29801,0.31724,168786.0,85950.0,82836.0,191745220.0,60813200.234386,96914176.3,30778320.14716,94831043.7,30034880.087226,13615413730.0,2226303541.42,13674087916.8407
2019-05-12,0.31703,0.32992,0.30233,0.31016,0.31782,0.32992,0.30233,0.31016,142925.0,71246.0,71679.0,142010500.4,44648222.805019,69441302.8,21830400.533,72569197.6,22817822.272019,12967623217.0,2000224166.88,13064438400.0185
2019-05-13,0.31014,0.329,0.30785,0.32409,0.31019,0.329,0.30785,0.32409,117892.0,60565.0,57327.0,135144821.2,43588295.044902,68702355.9,22159589.642349,66442465.3,21428705.402553,13782211043.0,1973949372.51,13713341569.2235
2019-05-14,0.32385,0.4362,0.32199,0.409,0.32357,0.4362,0.32199,0.409,382984.0,192210.0,190774.0,602192165.3,233868919.28196,296122840.8,114796811.956161,306069324.5,119072107.325799,17173816090.0,5834207845.13,17235125076.7544
2019-05-15,0.409,0.467,0.40737,0.45734,0.40901,0.467,0.40737,0.45734,186963.0,99567.0,87396.0,281029374.4,122406943.50577,153141715.9,66638567.275382,127887658.5,55768376.230388,18003063000.0,4535603093.65,19212993088.4711
2019-05-16,0.45723,0.479,0.39334,0.41876,0.45723,0.479,0.39334,0.41876,333616.0,171289.0,162327.0,456302195.7,197563548.977879,232396919.4,100846900.920145,223905276.3,96716648.057734,18075292842.0,4730708974.88,17683635996.9539
2019-05-17,0.41891,0.42394,0.3585,0.38862,0.419,0.42394,0.3585,0.38862,271369.0,135892.0,135477.0,348570589.6,133157321.494624,172157722.1,65786670.259917,176412867.5,67370651.234707,15696669561.0,3644156225.24,16271598326.0076
2019-05-18,0.38858,0.39598,0.3634,0.37183,0.38849,0.39598,0.3634,0.37183,135377.0,71015.0,64362.0,147757619.6,55731993.667722,75567734.1,28497462.597609,72189885.5,27234531.070113,15952866431.0,1866646601.38,15704580784.6184
2019-05-19,0.37178,0.42796,0.37,0.41631,0.37166,0.42796,0.37,0.41631,210688.0,109677.0,101011.0,242837597.6,97668099.308911,127321889.2,51186090.350557,115515708.4,46482008.958354,17072165429.0,2803922255.26,17599092589.196
2019-05-20,0.41612,0.41647,0.37812,0.39636,0.416,0.41647,0.37812,0.39636,171025.0,88438.0,82587.0,186638980.5,73954519.416451,94850662.4,37589253.693499,91788318.1,36365265.722952,16553713284.0,2258366889.33,16762548744.114
2019-05-21,0.39629,0.40738,0.3853,0.39524,0.39629,0.40738,0.3853,0.39524,132143.0,66508.0,65635.0,136551127.7,53950488.331162,69991282.9,27661157.913141,66559844.8,26289330.418021,16638353175.0,1811582121.51,16745727273.3062
2019-05-22,0.39515,0.4111,0.366,0.37183,0.39514,0.4111,0.366,0.37183,141977.0,71980.0,69997.0,163758384.8,63767561.915252,82940020.6,32285597.149784,80818364.2,31481964.765468,16537459671.0,2028827459.63,15862699532.8773
2019-05-23,0.37171,0.38269,0.36091,0.37956,0.37165,0.38269,0.36091,0.37956,108145.0,59641.0,48504.0,123020941.9,45712569.705124,63280641.1,23525692.391278,59740300.8,22186877.313846,15902544604.0,1595345470.93,16055052179.0183
2019-05-24,0.37989,0.39375,0.36982,0.38286,0.37989,0.39375,0.36982,0.38286,114678.0,59931.0,54747.0,128350309.9,49275420.861692,65674819.1,25206296.627837,62675490.8,24069124.233855,16453431130.0,1872678191.54,16195609303.219
2019-05-25,0.38286,0.393,0.37941,0.3852,0.38273,0.393,0.37941,0.3852,70130.0,35687.0,34443.0,74444217.1,28713578.95009,37902275.6,14625217.475935,36541941.5,14088361.474155,16292779775.0,1363572842.89,16300831592.9493
2019-05-26,0.38526,0.41368,0.373,0.40372,0.38526,0.41368,0.373,0.40372,86612.0,49296.0,37316.0,96380922.0,37756572.668045,51578386.0,20224349.71564,44802536.0,17532222.952405,16165125283.0,1848938650.06,17200982209.7469
2019-05-27,0.40364,0.44645,0.399,0.43331,0.40363,0.44645,0.399,0.43331,174482.0,85600.0,88882.0,198385219.3,83039407.857653,102444864.9,42912338.2249,95940354.4,40127069.632753,17806991576.0,2736949591.32,18285708015.1029
2019-05-28,0.4334,0.4611,0.4176,0.44877,0.43317,0.4611,0.4176,0.44877,198648.0,99592.0,99056.0,245797208.7,107876505.101444,124422282.6,54633764.042759,121374926.1,53242741.058685,18384791047.0,3193961851.16,18807161863.888
2019-05-29,0.44863,0.45701,0.42,0.44307,0.44862,0.45701,0.42,0.44307,175046.0,89270.0,85776.0,205712650.4,90894593.911838,105884054.4,46796814.751855,99828596.0,44097779.159983,18888219286.0,2538438749.02,18687708967.5081
2019-05-30,0.44286,0.4735,0.401,0.41789,0.44247,0.4735,0.401,0.41789,257095.0,129299.0,127796.0,347536093.1,155017970.610996,174163888.0,77756235.121118,173372205.1,77261735.489878,19718328806.0,3527827314.74,17789891579.9072
2019-05-31,0.41809,0.4408,0.40614,0.43851,0.4182,0.4408,0.40614,0.43851,168694.0,92756.0,75938.0,193230057.5,81751522.207287,107122560.0,45309724.851628,86107497.5,36441797.355659,17897649205.0,2225730799.02,18499916713.3358
2019-06-01,0.43849,0.44169,0.41664,0.42894,0.43848,0.44169,0.41664,0.42894,117859.0,58132.0,59727.0,113888226.1,49238915.752335,59350078.1,25665001.24008,54538148.0,23573914.512255,18084314461.0,1740720642.4,18162849086.3406
2019-06-02,0.42856,0.44695,0.42735,0.44396,0.42856,0.44695,0.42735,0.44396,103531.0,49740.0,53791.0,102419845.2,44973534.627066,52905427.7,23228425.594413,49514417.5,21745109.032653,18518162235.0,1595105831.87,18761924960.1703
2019-06-03,0.44396,0.465,0.417,0.41731,0.44396,0.465,0.417,0.41731,206456.0,100422.0,106034.0,235501937.2,104328481.547735,116411552.8,51601607.850695,119090384.4,52726873.69704,18667972986.0,2544969218.28,17959558304.1339
2019-06-04,0.41739,0.41934,0.3836,0.39878,0.41721,0.41934,0.3836,0.39878,206294.0,109139.0,97155.0,220369532.7,89143978.175128,112523274.7,45523212.213333,107846258.0,43620765.961795,17532302374.0,2537240037.55,16900917006.1166
2019-06-05,0.3989,0.40597,0.3871,0.4001,0.39891,0.40597,0.3871,0.4001,140979.0,77014.0,63965.0,129307000.7,51543647.839286,66616017.6,26558828.973582,62690983.1,24984818.865704,16634345087.0,1768216478.84,16988033342.4161
2019-06-06,0.39997,0.427,0.39024,0.41937,0.40009,0.427,0.39024,0.41937,166982.0,83190.0,83792.0,187115409.8,76729329.755562,94150983.8,38610272.526365,92964426.0,38119057.229197,16767610768.0,2014934546.29,17720913431.6494
2019-06-07,0.41935,0.43003,0.41389,0.41886,0.41958,0.43003,0.41389,0.41886,120088.0,62590.0,57498.0,121225704.2,51138467.590377,62755355.2,26478449.142381,58470349.0,24660018.447996,17931948083.0,1659632775.22,17872581318.3288
2019-06-08,0.41871,0.42222,0.4021,0.40699,0.41866,0.42222,0.4021,0.40699,88909.0,47888.0,41021.0,77326412.3,31886670.374378,39536896.0,16311602.833367,37789516.3,15575067.541011,17499957719.0,1244578043.82,17419805679.1614
2019-06-09,0.40699,0.41043,0.37,0.38527,0.40699,0.41043,0.37,0.38527,118307.0,63234.0,55073.0,117296911.4,45513473.557376,57038735.3,22167829.218974,60258176.1,23345644.338402,16866743107.0,1575002838.04,16399949893.4008
2019-06-10,0.38528,0.40346,0.37985,0.3999,0.38528,0.40346,0.37985,0.3999,115417.0,59402.0,56015.0,111675278.5,43927195.378534,56524638.9,22217761.958359,55150639.6,21709433.420175,16910534078.0,1477656039.3,16913630344.8494
2019-06-11,0.39985,0.40195,0.38175,0.39192,0.39985,0.40195,0.38175,0.39192,90311.0,46376.0,43935.0,75361808.1,29435000.464769,38097656.4,14883010.383956,37264151.7,14551990.080813,16420645600.0,1186383475.91,16653166702.2963
2019-06-12,0.39209,0.402,0.38726,0.40074,0.39192,0.402,0.38726,0.40074,92046.0,47880.0,44166.0,80803548.9,31939889.169886,41405655.1,16368396.083958,39397893.8,15571493.085928,16973626277.0,1221700742.8,17075593028.9463
2019-06-13,0.40075,0.40804,0.3942,0.39876,0.40075,0.40804,0.3942,0.39876,86869.0,43993.0,42876.0,76971683.5,30894024.249337,40088608.2,16090386.462348,36883075.3,14803637.786989,17059297203.0,1209093570.54,17038475489.2061
2019-06-14,0.39872,0.40364,0.39025,0.40201,0.39872,0.40364,0.39025,0.40201,89064.0,48524.0,40540.0,70743211.6,28025633.511838,36406801.6,14425857.471581,34336410.0,13599776.040257,16936608359.0,1262403986.89,17252452724.7189
2019-06-15,0.40201,0.41213,0.40052,0.4095,0.40201,0.41213,0.40052,0.4095,135327.0,65935.0,69392.0,144441080.7,58839424.425706,76996589.6,31353160.345935,67444491.1,27486264.079771,17412387290.0,1344741902.53,17443622688.5845
2019-06-16,0.40949,0.44098,0.40583,0.42703,0.40949,0.44098,0.40583,0.42703,161611.0,81230.0,80381.0,179818739.9,75742406.866687,94081577.4,39643981.796028,85737162.5,36098425.070659,18155041733.0,1981370152.3,18170284661.1008
2019-06-17,0.42701,0.46311,0.42181,0.44705,0.42701,0.46311,0.42181,0.44705,227999.0,108444.0,119555.0,310680509.3,135725597.827274,153153556.8,66879245.684241,157526952.5,68846352.143033,18250490006.0,1979014572.61,19044270772.3325
2019-06-18,0.44705,0.45499,0.41963,0.42694,0.44705,0.45499,0.41963,0.42694,213078.0,113707.0,99371.0,247437564.9,108018660.610697,124786208.5,54490492.208643,122651356.4,53528168.402054,18439300379.0,1832910177.33,18223194815.3562
2019-06-19,0.42697,0.43852,0.42369,0.43406,0.42693,0.43852,0.42369,0.43406,106815.0,59426.0,47389.0,95631659.5,41253569.31395,51524362.4,22226840.402592,44107297.1,19026728.911358,18300423655.0,1150637870.32,18565554265.1014
2019-06-20,0.43426,0.43592,0.4198,0.42995,0.43407,0.43592,0.4198,0.42995,101636.0,52641.0,48995.0,91377053.5,39061819.447044,46352896.8,19819303.071524,45024156.7,19242516.37552,18077834214.0,1296288449.12,18268310634.2652
2019-06-21,0.42986,0.45,0.42925,0.4425,0.4295,0.45,0.42925,0.4425,116661.0,63338.0,53323.0,115252934.3,50628737.739106,62396090.6,27391038.156557,52856843.7,23237699.582549,18699953944.0,1546835769.37,18836369763.8561
2019-06-22,0.44262,0.50999,0.43752,0.47729,0.44202,0.50999,0.43752,0.47729,268424.0,140585.0,127839.0,348224018.7,163666705.904097,186633161.1,87577098.222145,161590857.6,76089607.681952,20370362068.0,3641363867.05,20178408967.9602
2019-06-23,0.47714,0.49298,0.465,0.47015,0.47714,0.49298,0.465,0.47015,156044.0,79396.0,76648.0,162392192.9,77700320.641673,84828976.3,40597660.641968,77563216.6,37102659.999705,20016494188.0,2114801632.19,19903281582.0599
2019-06-24,0.47015,0.47585,0.45,0.47385,0.47,0.47585,0.45,0.47385,112312.0,63185.0,49127.0,116373926.2,53803330.00071,60517691.2,27998925.751974,55856235.0,25804404.248736,19615049177.0,1641873590.81,20010034989.2651
2019-06-25,0.47391,0.47654,0.455,0.46809,0.47386,0.47654,0.455,0.46809,135540.0,68625.0,66915.0,156717428.9,73261711.579278,76842015.5,35926979.606675,79875413.4,37334731.972603,19787984790.0,1958460938.41,19930916235.7823
2019-06-26,0.46809,0.4968,0.453,0.46805,0.4681,0.4968,0.453,0.46805,257473.0,124136.0,133337.0,287100067.5,136848810.767903,141703442.6,67591947.1967,145396624.9,69256863.571203,20897939999.0,3581004665.11,19897799406.7628
2019-06-27,0.46773,0.47176,0.3951,0.41049,0.46764,0.47176,0.3951,0.41049,262650.0,130222.0,132428.0,300234945.9,128329754.855078,146383682.6,62496323.182892,153851263.3,65833431.672186,18079160335.0,3038678718.98,17399283013.5691
2019-06-28,0.41061,0.4272,0.40582,0.4261,0.41074,0.4272,0.40582,0.4261,150399.0,78584.0,71815.0,139943710.4,57991632.68898,73323669.5,30388704.909015,66620040.9,27602927.779965,17768333428.0,1974643650.96,18189360758.3163
2019-06-29,0.426,0.43,0.40392,0.4262,0.426,0.43,0.40392,0.4262,137188.0,69337.0,67851.0,128452215.5,53627022.7133,67461865.5,28181001.833653,60990350.0,25446020.879647,17783271256.0,1775096156.15,18277144071.2141
2019-06-30,0.42597,0.42859,0.3954,0.3962,0.42597,0.42859,0.3954,0.3962,126465.0,58959.0,67506.0,118288754.1,48657002.565749,54792857.7,22548424.577279,63495896.4,26108577.98847,17243731496.0,1570726856.17,16873846275.0226
2019-07-01,0.39637,0.42298,0.38804,0.40691,0.3964,0.42298,0.38804,0.40691,138563.0,71070.0,67493.0,135870243.9,54871430.134599,68233967.6,27569400.938801,67636276.3,27302029.195798,16816184563.0,1783852225.56,17318727257.431
2019-07-02,0.40694,0.41125,0.38386,0.39794,0.40694,0.41125,0.38386,0.39794,117094.0,59976.0,57118.0,105939905.9,41865559.992381,54295790.9,21458521.916239,51644115.0,20407038.076142,16985614520.0,1676193189.42,17035325314.4415
2019-07-03,0.39787,0.40666,0.3934,0.40456,0.39787,0.40666,0.3934,0.40456,90500.0,44893.0,45607.0,78793554.4,31538551.193993,40404320.2,16180795.814993,38389234.2,15357755.379,17071710719.0,1436716899.5,17389810699.443
2019-07-04,0.40458,0.4052,0.385,0.38723,0.40458,0.4052,0.385,0.38723,85963.0,44368.0,41595.0,71298699.9,28153103.434298,34632664.8,13679927.232917,36666035.1,14473176.201381,16913198299.0,1385563454.13,16546425930.2453
2019-07-05,0.38722,0.38825,0.37325,0.37881,0.38722,0.38825,0.37325,0.37881,84023.0,43057.0,40966.0,71395559.6,27193614.584189,34542612.0,13157152.785503,36852947.6,14036461.798686,16261287007.0,1286860594.51,16131219596.4083
2019-07-06,0.3787,0.4099,0.37826,0.39031,0.3787,0.4099,0.37826,0.39031,99868.0,49334.0,50534.0,94972192.3,37452447.105791,47598945.2,18760933.773147,47373247.1,18691513.332644,17078678307.0,1521409874.71,16560748580.6035
2019-07-07,0.39031,0.4007,0.38683,0.39651,0.39013,0.4007,0.38683,0.39651,80093.0,41709.0,38384.0,65893195.7,25937872.455345,32893678.9,12952989.905134,32999516.8,12984882.550211,16635980783.0,1210813689.92,16900947895.064
2019-07-08,0.39651,0.403,0.39114,0.40073,0.39651,0.403,0.39114,0.40073,78222.0,38000.0,40222.0,68579169.6,27221148.629725,35931196.8,14262362.800414,32647972.8,12958785.829311,17020193991.0,1253488309.06,17091878214.3301
2019-07-09,0.40072,0.40725,0.38875,0.39362,0.40072,0.40725,0.38875,0.39362,93981.0,47278.0,46703.0,84918198.9,33777741.162805,43813778.1,17436060.678662,41104420.8,16341680.484143,16841799496.0,1413299253.47,16778394835.1356
2019-07-10,0.39361,0.39646,0.34502,0.36154,0.39361,0.39646,0.34502,0.36154,144363.0,71259.0,73104.0,140899188.0,51886276.26124,67059903.0,24770746.201002,73839285.0,27115530.060238,15251939707.0,2300685763.24,15484656712.2203
2019-07-11,0.36141,0.36285,0.31574,0.32875,0.36141,0.36285,0.31574,0.32875,161574.0,81496.0,80078.0,168118356.8,55859987.090923,81687792.0,27118974.772317,86430564.8,28741012.318606,14074137048.0,2056220396.34,14061255159.6906
2019-07-12,0.32888,0.34988,0.31968,0.34336,0.32888,0.34988,0.31968,0.34336,115413.0,61955.0,53458.0,126888778.0,42835211.791323,65544732.2,22127105.592855,61344045.8,20708106.198468,14806181067.0,1641965114.75,14647922420.2662
2019-07-13,0.34336,0.34439,0.32359,0.33206,0.34339,0.34439,0.32359,0.33206,89325.0,44716.0,44609.0,86057978.8,28675157.342511,42629268.7,14213483.30109,43428710.1,14461674.041421,14241622863.0,1076509238.9,14139724264.9326
2019-07-14,0.33214,0.33549,0.2992,0.30366,0.33214,0.33549,0.2992,0.30366,132443.0,65824.0,66619.0,132780312.2,41832098.148217,63519604.6,20030818.293729,69260707.6,21801279.854488,13428674529.0,1365358144.4,13043521741.9112
2019-07-15,0.30366,0.32376,0.29474,0.31287,0.30352,0.32376,0.29474,0.31287,159417.0,81302.0,78115.0,160631099.6,49982145.320195,79771726.5,24840944.446056,80859373.1,25141200.874139,13571226948.0,1638295919.46,13421671800.1541
2019-07-16,0.31287,0.32032,0.286,0.29543,0.31287,0.32032,0.286,0.29543,162253.0,82282.0,79971.0,162767430.3,49219244.806496,80640391.6,24418484.008012,82127038.7,24800760.798484,12815347778.0,1527503243.29,12630613061.758
2019-07-17,0.29545,0.32365,0.29264,0.31032,0.29545,0.32365,0.29264,0.31032,167509.0,88718.0,78791.0,159617507.6,49013568.844656,82947914.3,25483875.440951,76669593.3,23529693.403705,13706101762.0,2478342584.51,13304378912.5867
2019-07-18,0.31032,0.327,0.30257,0.32035,0.31048,0.327,0.30257,0.32035,137000.0,71460.0,65540.0,129902403.6,41034748.083463,68791535.6,21741804.659978,61110868.0,19292943.423485,13863891031.0,1460358426.5,13842515319.9005
2019-07-19,0.32035,0.32215,0.30959,0.3188,0.32035,0.32215,0.30959,0.3188,90742.0,48600.0,42142.0,68682413.2,21723291.876651,36212956.4,11456624.404915,32469456.8,10266667.471736,13624558196.0,1181194675.51,13732383140.1234
2019-07-20,0.3187,0.34094,0.31818,0.33279,0.31866,0.34094,0.31818,0.33279,90591.0,51468.0,39123.0,84000903.4,27729535.558726,44858352.0,14807220.14329,39142551.4,12922315.415436,14372097152.0,1288327248.97,14272232665.8015
2019-07-21,0.33269,0.33501,0.32053,0.33075,0.33269,0.33501,0.32053,0.33075,75857.0,41673.0,34184.0,64040258.2,20985358.45287,32276372.6,10580931.078334,31763885.6,10404427.374536,13895631622.0,1045044899.58,14190843703.792
2019-07-22,0.33059,0.33259,0.3157,0.32111,0.33059,0.33259,0.3157,0.32111,73334.0,38460.0,34874.0,64393272.5,20794379.393206,31649228.2,10228927.989891,32744044.3,10565451.403315,13673315742.0,1079720970.15,13796653785.6059
2019-07-23,0.32135,0.32135,0.30572,0.30891,0.32135,0.32135,0.30572,0.30891,76827.0,41601.0,35226.0,63905860.1,19990194.79107,32210349.4,10075799.919407,31695510.7,9914394.871663,13280186795.0,1015322887.55,13274967597.7827
2019-07-24,0.30877,0.31905,0.30251,0.31548,0.30876,0.31905,0.30251,0.31548,78839.0,39648.0,39191.0,67739907.8,21031280.793116,33766258.0,10490068.015545,33973649.8,10541212.777571,13330139651.0,1222619064.39,13532870284.8362
2019-07-25,0.31547,0.323,0.31117,0.31335,0.3154,0.323,0.31117,0.31335,66454.0,29410.0,37044.0,54892791.7,17408784.039051,28134159.5,8925663.800916,26758632.2,8483120.238135,13594982968.0,1086214216.13,13484184546.4563
2019-07-26,0.31332,0.32514,0.307,0.32303,0.31332,0.32514,0.307,0.32303,62846.0,31709.0,31137.0,55029583.8,17390073.671651,28674748.5,9067359.609666,26354835.3,8322714.061985,13689883294.0,1039753780.57,13857657306.5081
2019-07-27,0.32303,0.32621,0.3054,0.30965,0.32303,0.32621,0.3054,0.30965,75595.0,36689.0,38906.0,64056737.5,20077776.256926,30205809.8,9476982.645655,33850927.7,10600793.611271,13284508141.0,1163969613.77,13300742951.0437
2019-07-28,0.30966,0.31478,0.3,0.31218,0.30941,0.31478,0.3,0.31218,54388.0,27206.0,27182.0,42792457.7,13205456.193123,21639347.5,6683871.281572,21153110.2,6521584.911551,13233259129.0,846655033.95,13376153627.0919
2019-07-29,0.31217,0.31478,0.306,0.31004,0.31202,0.31478,0.306,0.31004,54550.0,28917.0,25633.0,39176999.0,12160589.272159,20710878.4,6430099.99574,18466120.6,5730489.276419,13328492335.0,807093679.25,13318731525.0699
2019-07-30,0.31004,0.32213,0.30665,0.31823,0.31004,0.32213,0.30665,0.31823,59940.0,29812.0,30128.0,52340164.1,16493828.113377,26675769.6,8404976.518226,25664394.5,8088851.595151,13734784609.0,928714009.99,13653644725.3782
2019-07-31,0.31811,0.32348,0.3151,0.31959,0.31811,0.32348,0.3151,0.31959,60737.0,30830.0,29907.0,48948448.5,15611152.427486,24407757.5,7785777.325927,24540691.0,7825375.101559,13743963689.0,996700948.25,13758215466.7566
2019-08-01,0.3195,0.3199,0.3114,0.31575,0.31936,0.3199,0.3114,0.31575,58206.0,27898.0,30308.0,46026847.5,14465865.355593,22783596.2,7161693.571078,23243251.3,7304171.784515,13479979606.0,882867287.99,13629460729.7419
2019-08-02,0.31554,0.31785,0.30836,0.31178,0.31554,0.31785,0.30836,0.31178,52619.0,28517.0,24102.0,43108296.3,13509244.258297,21004385.6,6580783.983318,22103910.7,6928460.274979,13395955738.0,816728847.61,13393149203.8331
2019-08-03,0.3117,0.31747,0.31091,0.31596,0.3117,0.31747,0.31091,0.31596,52161.0,29456.0,22705.0,39924755.2,12570636.582297,21696836.8,6831085.129388,18227918.4,5739551.452909,13611146619.0,789419360.04,13580218029.3078
2019-08-04,0.31595,0.32298,0.31181,0.31813,0.31595,0.32298,0.31181,0.31813,57848.0,28339.0,29509.0,52990179.1,16836080.921787,27692616.6,8795265.358399,25297562.5,8040815.563388,13762244932.0,926896286.61,13712472284.6004
2019-08-05,0.31823,0.331,0.31798,0.32242,0.31823,0.331,0.31798,0.32242,84676.0,42495.0,42181.0,86161482.0,27896049.916956,45014314.8,14570035.148563,41147167.2,13326014.768393,14032409742.0,1203381138.98,13872050658.203
2019-08-06,0.32232,0.32421,0.308,0.3116,0.32232,0.32421,0.308,0.3116,74937.0,38717.0,36220.0,73359257.9,23246485.475767,35411064.1,11229603.553868,37948193.8,12016881.921899,13549244583.0,1069603911.44,13347360881.5394
2019-08-07,0.3116,0.31688,0.30694,0.31109,0.31155,0.31688,0.30694,0.31109,71918.0,37245.0,34673.0,60660819.0,18897622.556945,32272307.1,10055751.364675,28388511.9,8841871.19227,13245482246.0,967534123.02,13374954844.7853
2019-08-08,0.31093,0.31204,0.30452,0.30825,0.31093,0.31204,0.30452,0.30825,65386.0,30999.0,34387.0,57294619.1,17625369.377225,28852834.3,8878841.922885,28441784.8,8746527.45434,13181863091.0,907305889.41,13190251226.7093
2019-08-09,0.30823,0.30921,0.2901,0.29649,0.30823,0.30921,0.2901,0.29649,67592.0,32415.0,35177.0,57778056.4,17288289.043303,27967501.0,8377723.928068,29810555.4,8910565.115235,12664797176.0,1021136187.77,12747895719.9908
2019-08-10,0.2965,0.30562,0.29237,0.29918,0.2965,0.30562,0.29237,0.29918,64260.0,34237.0,30023.0,58253124.0,17414209.869873,29242566.3,8742878.90877,29010557.7,8671330.961103,12645673637.0,1077459338.85,12806941381.2383
2019-08-11,0.29907,0.30605,0.29501,0.30316,0.29907,0.30605,0.29501,0.30316,49872.0,28378.0,21494.0,36131805.2,10872100.385102,18939249.2,5699836.516219,17192556.0,5172263.868883,12928660883.0,838671654.19,12943909473.6766
2019-08-12,0.30316,0.30536,0.298,0.3006,0.30341,0.30536,0.298,0.3006,40292.0,22493.0,17799.0,26440605.7,7958806.063259,12781413.2,3847671.221518,13659192.5,4111134.841741,12864476431.0,762308356.44,12881006908.55
2019-08-13,0.3006,0.30129,0.29295,0.298,0.3006,0.30129,0.29295,0.298,47494.0,25526.0,21968.0,32044075.5,9504515.519868,16969354.5,5032159.9632,15074721.0,4472355.556668,12667644745.0,853175559.89,12723035972.4848
2019-08-14,0.29795,0.29864,0.243,0.26353,0.29795,0.29864,0.243,0.26353,116447.0,56629.0,59818.0,142518597.1,38446280.884495,64633641.7,17458455.915236,77884955.4,20987824.969259,12384950165.0,1794754609.9,11294964982.205
2019-08-15,0.26346,0.2707,0.25875,0.26378,0.26346,0.2707,0.25875,0.26378,61001.0,32120.0,28881.0,72594115.1,19154006.828,38014827.4,10028907.044132,34579287.7,9125099.783868,11350660086.0,1342788577.54,11360984399.6364
2019-08-16,0.26392,0.26526,0.25395,0.26047,0.26392,0.26526,0.25395,0.26047,70452.0,37988.0,32464.0,66289982.6,17250832.844091,35426802.0,9219890.692305,30863180.6,8030942.151786,11268539128.0,1133224404.11,11236137963.4132
2019-08-17,0.26029,0.26953,0.25648,0.26546,0.26029,0.26953,0.25648,0.26546,63391.0,32517.0,30874.0,56461024.9,14887433.655548,27053621.1,7140208.77222,29407403.8,7747224.883328,11380093229.0,1004931822.15,11396948392.571
2019-08-18,0.26535,0.2919,0.26353,0.2832,0.26535,0.2919,0.26353,0.2832,72869.0,38505.0,34364.0,87006862.6,24368646.473543,44897250.2,12562175.645139,42109612.4,11806470.828404,12298431924.0,1216547018.68,12122901988.3913
2019-08-19,0.28321,0.29035,0.27558,0.28202,0.28321,0.29035,0.27558,0.28202,60857.0,29691.0,31166.0,69411983.5,19652851.260381,35172991.6,9959961.05117,34238991.9,9692890.209211,11989759119.0,1241578946.67,12152144825.2148
2019-08-20,0.28195,0.28234,0.2696,0.27432,0.28195,0.28234,0.2696,0.27432,52408.0,23249.0,29159.0,49280235.2,13562253.570196,24840853.2,6840190.278792,24439382.0,6722063.291404,11782619753.0,1056822924.87,11829516781.8949
2019-08-21,0.27432,0.27448,0.25871,0.26589,0.27432,0.27448,0.25871,0.26589,59345.0,30546.0,28799.0,60607962.3,16072611.975086,29876355.9,7923753.693013,30731606.4,8148858.282073,11422842772.0,1164536123.82,11420125836.2287
2019-08-22,0.26589,0.27419,0.26028,0.27039,0.26589,0.27419,0.26028,0.27039,74102.0,36690.0,37412.0,58263968.5,15653020.227751,29878081.4,8029579.483072,28385887.1,7623440.744679,11620562513.0,1065712730.67,11620983952.9599
2019-08-23,0.27038,0.27815,0.26727,0.27664,0.27038,0.27815,0.26727,0.27664,53838.0,27549.0,26289.0,45140229.6,12336542.784971,23863714.0,6525082.30709,21276515.6,5811460.477881,11882326049.0,999419343.18,11866405277.3821
2019-08-24,0.27663,0.27726,0.2637,0.27137,0.27663,0.27726,0.2637,0.27137,49049.0,25083.0,23966.0,42809616.8,11569289.116246,20974563.0,5669916.667105,21835053.8,5899372.449141,11626262367.0,934380519.3,11695124195.7663
2019-08-25,0.27149,0.27602,0.26597,0.26954,0.27149,0.27602,0.26597,0.26954,51680.0,25589.0,26091.0,45191941.2,12245907.452584,23504065.3,6371509.134643,21687875.9,5874398.317941,11621715556.0,964693736.61,11589356109.3822
2019-08-26,0.26961,0.27969,0.26704,0.27051,0.26961,0.27969,0.26704,0.27051,55102.0,25489.0,29613.0,59046898.9,16038543.389693,28880044.8,7850002.133198,30166854.1,8188541.256495,11614315271.0,1332395983.83,11625706518.6063
2019-08-27,0.27051,0.27065,0.26513,0.26954,0.27051,0.27065,0.26513,0.26954,38730.0,19051.0,19679.0,34119040.9,9160037.92978,16848135.0,4523291.405694,17270905.9,4636746.524086,11599148476.0,1028940803.91,11575485110.6745
2019-08-28,0.26955,0.26974,0.24765,0.25629,0.26955,0.26974,0.24765,0.25629,49408.0,23559.0,25849.0,55448237.7,14351204.182105,26583555.3,6887380.478881,28864682.4,7463823.703224,11428675051.0,1275267910.28,11053053032.2367
2019-08-29,0.25614,0.26264,0.247,0.25698,0.25614,0.26264,0.247,0.25698,66656.0,35554.0,31102.0,74454641.4,18910937.662684,37636676.4,9561629.203097,36817965.0,9349308.459587,10866095797.0,1279995806.87,11035685651.5356
2019-08-30,0.25712,0.2576,0.25199,0.25539,0.25712,0.2576,0.25199,0.25539,47939.0,24514.0,23425.0,46587713.0,11878607.930453,23717991.7,6048034.517131,22869721.3,5830573.413322,10959456888.0,997071647.13,11013445815.6885
2019-08-31,0.25541,0.26047,0.25288,0.25747,0.25541,0.26047,0.25288,0.25747,40828.0,19799.0,21029.0,36321425.5,9309855.463157,18352381.9,4705475.738996,17969043.6,4604379.724161,11078772369.0,845142390.2,11141812866.2524
2019-09-01,0.25747,0.25891,0.25,0.25593,0.25747,0.25891,0.25,0.25593,39569.0,19193.0,20376.0,32881805.2,8396989.383994,16313704.6,4168225.888439,16568100.6,4228763.495555,10964936464.0,825579908.16,11092364971.53
2019-09-02,0.25596,0.26428,0.25295,0.2606,0.25596,0.26428,0.25295,0.2606,54675.0,26662.0,28013.0,60783394.6,15660047.933325,30342920.0,7818797.391636,30440474.6,7841250.541689,11064450610.0,1044772829.39,11211279067.3854
2019-09-03,0.2606,0.267,0.25751,0.26242,0.2606,0.267,0.25751,0.26242,59268.0,29977.0,29291.0,56305107.1,14738850.844038,28529754.4,7470481.479369,27775352.7,7268369.364669,11284754560.0,1162545092.87,11310944374.6351
2019-09-04,0.26252,0.26299,0.25598,0.25843,0.26252,0.26299,0.25598,0.25843,54442.0,25892.0,28550.0,49398294.2,12827285.98578,25325521.0,6578694.373645,24072773.2,6248591.612135,11182140240.0,1068332805.16,11171918973.6471
2019-09-05,0.25843,0.25937,0.25337,0.25617,0.25843,0.25937,0.25337,0.25617,46246.0,20481.0,25765.0,43270120.3,11089322.561886,21833085.6,5596146.909768,21437034.7,5493175.652118,10990394166.0,1050490374.55,11018940996.7399
2019-09-06,0.25616,0.25868,0.24692,0.2511,0.25616,0.25868,0.24692,0.2511,57313.0,26255.0,31058.0,63377736.5,16136824.769319,31316303.8,7976269.445757,32061432.7,8160555.323562,11098595418.0,1063044201.19,10846757542.8244
2019-09-07,0.25115,0.26285,0.25009,0.25993,0.25115,0.26285,0.25009,0.25993,55309.0,28735.0,26574.0,53971229.0,13824418.378517,28074285.7,7190584.764203,25896943.3,6633833.614314,11182149955.0,962765308.86,11205531352.8117
2019-09-08,0.25989,0.26591,0.2555,0.26205,0.25989,0.26591,0.2555,0.26205,58789.0,28537.0,30252.0,65033003.6,17002657.729988,32484751.7,8493042.741657,32548251.9,8509614.988331,11320606024.0,1043077808.74,11308589244.5082
2019-09-09,0.26205,0.26423,0.25634,0.25855,0.26205,0.26423,0.25634,0.25855,52826.0,25350.0,27476.0,58537945.7,15205988.480434,30530718.0,7932234.39037,28007227.7,7273754.090064,11189356793.0,1157441363.21,11157198091.4024
2019-09-10,0.25869,0.26371,0.2535,0.25859,0.25869,0.26371,0.2535,0.25859,46972.0,23554.0,23418.0,61643971.4,15995536.301485,30723440.3,7972245.692891,30920531.1,8023290.608594,11156746734.0,975503111.04,11129180969.7192
2019-09-11,0.25855,0.26092,0.251,0.25519,0.25855,0.26092,0.251,0.25519,45009.0,22724.0,22285.0,56043242.1,14279228.06347,28442721.6,7247616.571086,27600520.5,7031611.492384,10947119141.0,992565704.21,11012382023.7306
2019-09-12,0.25515,0.25686,0.25087,0.25406,0.25515,0.25686,0.25087,0.25406,44658.0,23239.0,21419.0,58547444.6,14843159.904309,31926385.4,8095660.956834,26621059.2,6747498.947475,10928824164.0,974717877.21,10963094268.6858
2019-09-13,0.25404,0.256,0.25132,0.2552,0.25404,0.256,0.25132,0.2552,42137.0,21197.0,20940.0,47599708.2,12086872.250654,23448850.9,5956158.098479,24150857.3,6130714.152175,11012607681.0,869481606.76,10994948160.2318
2019-09-14,0.25536,0.26551,0.25389,0.26124,0.25536,0.26551,0.25389,0.26124,50706.0,26483.0,24223.0,70537163.6,18393277.175896,36610396.0,9544450.602514,33926767.6,8848826.573382,11328650471.0,1005057193.83,11236551219.7835
2019-09-15,0.26125,0.26419,0.25386,0.26022,0.26125,0.26419,0.25386,0.26022,41500.0,21328.0,20172.0,51661196.3,13494004.949412,25091499.2,6558625.656012,26569697.1,6935379.2934,11194930422.0,859761209.59,11256389684.4947
2019-09-16,0.26015,0.263,0.25664,0.26098,0.26015,0.263,0.25664,0.26098,39347.0,18730.0,20617.0,44531031.7,11582013.032137,22345541.6,5813703.016227,22185490.1,5768310.01591,11166788123.0,878264189.54,11227300186.2445
2019-09-17,0.26103,0.2985,0.25944,0.28561,0.26103,0.2985,0.25944,0.28561,128949.0,66451.0,62498.0,217381018.1,61450339.084478,108806413.1,30736804.609709,108574605.0,30713534.474769,12534581797.0,1981364785.64,12262515973.6912
2019-09-18,0.28553,0.32631,0.28493,0.31344,0.28553,0.32631,0.28493,0.31344,170133.0,87600.0,82533.0,300972127.9,93346877.964625,152015885.9,47137874.483139,148956242.0,46209003.481486,13553748181.0,2548478916.7,13509644788.5453
2019-09-19,0.31344,0.31345,0.28208,0.30062,0.31344,0.31345,0.28208,0.30062,148933.0,74050.0,74883.0,277316439.7,82282462.004308,135934576.9,40342529.361088,141381862.8,41939932.64322,13028275583.0,2314376584.18,13021616392.559
2019-09-20,0.30064,0.30159,0.2835,0.2936,0.30064,0.30159,0.2835,0.2936,87076.0,42818.0,44258.0,159272561.6,46476133.728335,80020509.1,23350032.424943,79252052.5,23126101.303392,12550006400.0,1558069365.63,12678417603.7535
2019-09-21,0.2936,0.298,0.28625,0.28961,0.2936,0.298,0.28625,0.28961,66568.0,33028.0,33540.0,113934352.2,33163246.274949,57759280.4,16818258.413267,56175071.8,16344987.861682,12498601358.0,1266771269.0,12461952067.9773
2019-09-22,0.28964,0.28982,0.2686,0.27653,0.28964,0.28982,0.2686,0.27653,69721.0,32731.0,36990.0,117475940.3,32630853.067018,56727512.2,15749764.060831,60748428.1,16881089.006187,11822791993.0,1242282757.65,12009356967.9302
2019-09-23,0.27656,0.28666,0.26601,0.26786,0.27656,0.28666,0.26601,0.26786,83469.0,40866.0,42603.0,154408602.2,42540797.18759,76872625.2,21181159.777337,77535977.0,21359637.410253,12207678932.0,1484938724.34,11574524621.4319
2019-09-24,0.26787,0.27317,0.21333,0.23282,0.26787,0.27317,0.21333,0.23282,161683.0,77462.0,84221.0,302577184.1,74890289.350329,145063286.8,35992350.39336,157513897.3,38897938.956969,11259387987.0,2114210732.77,10133548682.1277
2019-09-25,0.23282,0.24953,0.23132,0.2457,0.23282,0.24953,0.23132,0.2457,112511.0,55370.0,57141.0,169757552.3,40828894.012041,85926208.7,20673460.313716,83831343.6,20155433.698325,10625975182.0,1800796894.35,10616698451.0245
2019-09-26,0.24567,0.25,0.22775,0.2422,0.24567,0.25,0.22775,0.2422,74329.0,36161.0,38168.0,125772838.7,30233595.403305,60827945.1,14611326.392662,64944893.6,15622269.010643,10174050439.0,1387714462.15,10502200053.8888
2019-09-27,0.2423,0.248,0.23296,0.24208,0.2423,0.248,0.23296,0.24208,61732.0,29776.0,31956.0,89138447.6,21396438.049458,44316511.2,10641721.780074,44821936.4,10754716.269384,10368232610.0,1277746422.5,10512410924.2878
2019-09-28,0.24209,0.24433,0.238,0.24163,0.24209,0.24433,0.238,0.24163,40609.0,16714.0,23895.0,45238244.9,10912438.143011,21042000.1,5077264.947045,24196244.8,5835173.195966,10434998925.0,978211509.09,10449975028.3937
2019-09-29,0.24165,0.24261,0.23427,0.24024,0.24165,0.24261,0.23427,0.24024,40201.0,18168.0,22033.0,43877272.4,10450612.04699,20105228.3,4788722.679568,23772044.1,5661889.367422,10319845310.0,931369885.1,10399003153.2524
2019-09-30,0.24024,0.26192,0.2354,0.2566,0.24024,0.26192,0.2354,0.2566,104760.0,50072.0,54688.0,156913857.0,39681370.165334,77817601.1,19683067.018462,79096255.9,19998303.146872,11046237655.0,1662002376.68,11036254661.7981
2019-10-01,0.25659,0.261,0.24441,0.24788,0.25659,0.261,0.24441,0.24788,77762.0,36164.0,41598.0,125399189.7,31749270.26543,62442360.3,15815261.713914,62956829.4,15934008.551516,10983656037.0,1319433697.04,10761681803.3485
2019-10-02,0.24787,0.25481,0.24421,0.25247,0.24787,0.25481,0.24421,0.25247,54979.0,24059.0,30920.0,97406245.2,24270217.95518,46561927.5,11606974.607613,50844317.7,12663243.347567,10885056226.0,1093145012.68,10933024349.5224
2019-10-03,0.25248,0.25305,0.24159,0.24674,0.25248,0.25305,0.24159,0.24674,41656.0,18564.0,23092.0,71409676.9,17609786.126323,33091814.6,8157952.479115,38317862.3,9451833.647208,10652810129.0,1043933395.04,10688160806.8087
2019-10-04,0.24687,0.25664,0.2445,0.25243,0.24687,0.25664,0.2445,0.25243,54119.0,25257.0,28862.0,90663663.4,22794419.623895,45254948.9,11381886.221346,45408714.5,11412533.402549,11023299705.0,1078860455.59,10950104520.8509
2019-10-05,0.2525,0.2566,0.24671,0.25325,0.2525,0.2566,0.24671,0.25325,57881.0,26248.0,31633.0,82519531.3,20818475.3038,41305091.4,10422470.057465,41214439.9,10396005.246335,10994162620.0,944304198.95,10929504865.0153
2019-10-06,0.25325,0.25634,0.2506,0.25552,0.25325,0.25634,0.2506,0.25552,57675.0,25801.0,31874.0,63421400.1,16049454.661113,31729518.3,8030607.523614,31691881.8,8018847.137499,11048267229.0,965338466.43,11112666133.0806
2019-10-07,0.25551,0.28114,0.25333,0.27592,0.25551,0.28114,0.25333,0.27592,126843.0,61002.0,65841.0,210990372.8,57283043.346304,104561561.6,28365322.510168,106428811.2,28917720.836136,11989219196.0,1938984642.57,11900420320.324
2019-10-08,0.27584,0.28548,0.27062,0.2774,0.27584,0.28548,0.27062,0.2774,84685.0,38213.0,46472.0,121934629.7,33759866.366353,61058200.7,16913100.562472,60876429.0,16846765.803881,11844695945.0,1518125768.99,12020170580.3301
2019-10-09,0.2774,0.28693,0.27358,0.28082,0.2774,0.28693,0.27358,0.28082,87688.0,39536.0,48152.0,105865868.2,29652647.358558,53039327.7,14860219.658951,52826540.5,14792427.699607,12130841144.0,1579225264.34,12156932943.9896
2019-10-10,0.28089,0.28168,0.26455,0.27021,0.28089,0.28168,0.26455,0.27021,68618.0,31282.0,37336.0,80850590.7,22049865.097712,39854844.9,10868363.560985,40995745.8,11181501.536727,11794877577.0,1383555181.95,11744507006.9041
2019-10-11,0.27021,0.27485,0.26431,0.26743,0.27021,0.27485,0.26431,0.26743,69160.0,34926.0,34234.0,71539111.7,19245009.01261,34558852.8,9300013.717392,36980258.9,9944995.295218,11730997156.0,1265760689.93,11702493149.2413
2019-10-12,0.26741,0.27729,0.26712,0.27226,0.26741,0.27729,0.26712,0.27226,60193.0,29761.0,30432.0,57869923.4,15793462.494851,29138704.3,7952598.647915,28731219.1,7840863.846936,11825841872.0,1100066310.47,11792798088.9456
2019-10-13,0.27232,0.28138,0.27109,0.27726,0.27232,0.28138,0.27109,0.27726,68669.0,31789.0,36880.0,70808721.8,19658319.603199,35759156.3,9928242.036513,35049565.5,9730077.566686,12106141555.0,1176911157.8,11990204702.5889
2019-10-14,0.27729,0.29779,0.27641,0.29727,0.27729,0.29779,0.27641,0.29727,102500.0,51293.0,51207.0,151725088.0,43914160.127687,79158578.4,22920036.941972,72566509.6,20994123.185715,12565505393.0,1685629956.09,12799942424.7987
2019-10-15,0.29722,0.299,0.283,0.28859,0.29722,0.299,0.283,0.28859,95250.0,47048.0,48202.0,147821843.4,43050670.162818,71649570.1,20863572.187911,76172273.3,22187097.974907,12336227045.0,1686563829.53,12462323338.0067
2019-10-16,0.28859,0.29219,0.27858,0.28331,0.28859,0.29219,0.27858,0.28331,83972.0,41493.0,42479.0,109182836.2,31117606.760202,53587607.2,15279404.397084,55595229.0,15838202.363118,12220338105.0,1626378642.16,12286985752.6576
2019-10-17,0.28334,0.3038,0.27969,0.30167,0.28334,0.3038,0.27969,0.30167,106027.0,52038.0,53989.0,147918252.3,43648518.977833,74504050.7,21984253.068927,73414201.6,21664265.908906,12876460787.0,1807694163.93,13049972342.8828
2019-10-18,0.30166,0.30207,0.28433,0.29404,0.30166,0.30207,0.28433,0.29404,91493.0,44055.0,47438.0,133405177.2,38944008.261668,63589738.0,18561116.294336,69815439.2,20382891.967332,12515617247.0,1809664284.87,12756788002.2849
2019-10-19,0.29404,0.29952,0.287,0.29145,0.29404,0.29952,0.287,0.29145,78406.0,38788.0,39618.0,103575426.6,30340201.859798,51396740.0,15063149.227249,52178686.6,15277052.632549,12597575229.0,1768492071.39,12671070331.1636
2019-10-20,0.29144,0.29615,0.28091,0.29386,0.29144,0.29615,0.28091,0.29386,84706.0,43171.0,41535.0,111491956.5,32197424.448582,56383572.8,16288806.348951,55108383.7,15908618.099631,12673528638.0,1804228003.43,12721101190.3975
2019-10-21,0.29393,0.2942,0.28826,0.29187,0.29393,0.2942,0.28826,0.29187,68689.0,29519.0,39170.0,71906227.9,20925101.97125,34328756.0,9994774.726631,37577471.9,10930327.244619,12641572833.0,1609355489.69,12669199713.1365
2019-10-22,0.29186,0.30278,0.28862,0.29046,0.29186,0.30278,0.28862,0.29046,83538.0,38791.0,44747.0,102870808.0,30355779.115747,49049386.4,14487144.768004,53821421.6,15868634.347743,12832253104.0,1632212673.64,12609856226.2205
2019-10-23,0.29041,0.29127,0.25005,0.27306,0.29041,0.29127,0.25005,0.27306,124254.0,59134.0,65120.0,187716543.6,51332366.498768,90488699.1,24774046.123673,97227844.5,26558320.375095,11658541869.0,2172985938.1,11854650117.965
2019-10-24,0.27307,0.28,0.26629,0.27596,0.27307,0.28,0.26629,0.27596,82303.0,40350.0,41953.0,99386341.1,27095997.912027,51828491.7,14138075.941695,47557849.4,12957921.970332,12054478063.0,1638078551.13,12042668475.4101
2019-10-25,0.27597,0.3081,0.2742,0.29829,0.27597,0.3081,0.2742,0.29829,135872.0,67547.0,68325.0,199230614.5,58012555.974919,106216475.4,30947716.283115,93014139.1,27064839.691804,12849778732.0,2486979029.15,12895056501.0459
2019-10-26,0.29839,0.312,0.284,0.29351,0.29839,0.312,0.284,0.29351,187449.0,90745.0,96704.0,270708034.1,80688942.423661,131874282.8,39328832.654315,138833751.3,41360109.769346,12518182180.0,3122465894.1,12701942701.1749
2019-10-27,0.29351,0.30213,0.28901,0.29818,0.29351,0.30213,0.28901,0.29818,129941.0,62810.0,67131.0,180544647.9,53575550.193199,91035494.2,27022028.854129,89509153.7,26553521.33907,12683976009.0,2237941945.98,12892254870.8978
2019-10-28,0.29825,0.3051,0.29309,0.29447,0.29825,0.3051,0.29309,0.29447,108779.0,50860.0,57919.0,134306597.1,40059342.616639,66517081.3,19849745.828482,67789515.8,20209596.788157,12743876933.0,2061536472.66,12801729616.1485
2019-10-29,0.29443,0.30972,0.29416,0.30192,0.29443,0.30972,0.29416,0.30192,115277.0,56179.0,59098.0,145791308.2,43828554.092707,70526155.3,21222414.031833,75265152.9,22606140.060874,13025014338.0,2125813359.93,13058999923.7203
2019-10-30,0.30192,0.30636,0.29016,0.29471,0.30192,0.30636,0.29016,0.29471,93679.0,45488.0,48191.0,117887579.1,35044956.865821,56549224.3,16810311.603789,61338354.8,18234645.262032,12776641750.0,1883224296.29,12825432797.8163
2019-10-31,0.29471,0.29874,0.28777,0.29452,0.29471,0.29874,0.28777,0.29452,79089.0,37943.0,41146.0,100846140.4,29601327.487168,48970761.9,14378421.408644,51875378.5,15222906.078524,12772167877.0,1666132252.39,12816900824.5844
2019-11-01,0.29459,0.2946,0.28448,0.29146,0.29459,0.2946,0.28448,0.29146,77869.0,35700.0,42169.0,85376671.8,24809316.4701,39694873.0,11537674.934316,45681798.8,13271641.535784,12558561763.0,1572251058.14,12656190133.6203
2019-11-02,0.29148,0.2975,0.29112,0.29456,0.29148,0.2975,0.29112,0.29456,61205.0,30161.0,31044.0,72552309.1,21323849.059357,37122262.5,10910898.032716,35430046.6,10412951.026641,12829004060.0,1460243469.34,12812796807.6941
2019-11-03,0.29456,0.29614,0.28855,0.29024,0.29456,0.29614,0.28855,0.29024,56999.0,27280.0,29719.0,69064994.6,20112216.213021,32598141.5,9495069.119644,36466853.1,10617147.093377,12584492627.0,1381510371.08,12596463117.2222
2019-11-04,0.29024,0.2999,0.2891,0.29863,0.29024,0.2999,0.2891,0.29863,68956.0,31334.0,37622.0,85410877.0,25105863.267256,43461638.2,12775853.735948,41949238.8,12330009.531308,12768930908.0,1647597869.04,12971721431.8757
2019-11-05,0.29863,0.30443,0.29416,0.30061,0.29863,0.30443,0.29416,0.30061,89982.0,41510.0,48472.0,107569775.1,32311660.743242,53660240.2,16120492.420791,53909534.9,16191168.322451,13020899431.0,1964177330.07,13028715563.0865
2019-11-06,0.30062,0.31367,0.2961,0.31009,0.30062,0.31367,0.2961,0.31009,85077.0,42100.0,42977.0,107581885.7,32657633.897357,54268767.2,16486476.743893,53313118.5,16171157.153464,12980502945.0,1790567870.69,13410631514.0558
2019-11-07,0.31016,0.3149,0.27503,0.29061,0.31016,0.3149,0.27503,0.29061,148684.0,70221.0,78463.0,235871367.3,69353199.829256,109565395.6,32220191.89771,126305971.7,37133007.931546,12605888135.0,2430065390.49,12647080585.6273
2019-11-08,0.29068,0.291,0.27023,0.27547,0.29068,0.291,0.27023,0.27547,111020.0,51013.0,60007.0,165657651.6,46386875.333001,75809724.0,21224154.725907,89847927.6,25162720.607094,11931135056.0,2026687432.0,11977697598.1145
2019-11-09,0.27546,0.28156,0.2745,0.2799,0.27546,0.28156,0.2745,0.2799,54961.0,28972.0,25989.0,62848374.8,17509161.476087,31110017.0,8665959.767605,31738357.8,8843201.708482,12061030216.0,1449652131.18,12117941815.2641
2019-11-10,0.2799,0.284,0.27658,0.27894,0.2799,0.284,0.27658,0.27894,62298.0,30269.0,32029.0,72586430.6,20319030.725051,35310366.0,9888388.993151,37276064.6,10430641.7319,12241615512.0,1557437413.3,12132388502.1173
2019-11-11,0.27899,0.28106,0.26935,0.27423,0.27899,0.28106,0.26935,0.27423,61589.0,30600.0,30989.0,69450589.5,19091462.7089,32702887.8,8992786.497875,36747701.7,10098676.211025,11914655866.0,1437677669.06,11910794571.0416
2019-11-12,0.27423,0.27641,0.2676,0.27222,0.27423,0.27641,0.2676,0.27222,69679.0,32300.0,37379.0,77851651.4,21181919.667568,39566625.1,10768518.463041,38285026.3,10413401.204527,11772351639.0,1404766288.69,11795294865.694
2019-11-13,0.27224,0.27563,0.27013,0.27202,0.27224,0.27563,0.27013,0.27202,42600.0,20599.0,22001.0,52680673.1,14359109.116035,25857004.2,7048292.181458,26823668.9,7310816.934577,11894036328.0,1278922350.35,11822051382.885
2019-11-14,0.27207,0.27294,0.26354,0.26795,0.27207,0.27294,0.26354,0.26795,58326.0,31155.0,27171.0,72326033.6,19366232.437807,33338365.1,8929813.594478,38987668.5,10436418.843329,11669599261.0,1264478183.6,11707513879.8667
2019-11-15,0.26795,0.26952,0.25303,0.26069,0.26795,0.26952,0.25303,0.26069,88508.0,45372.0,43136.0,111865363.4,29381854.306466,54527906.1,14324953.967511,57337457.3,15056900.338955,11340832726.0,1548251349.05,11329241895.9196
2019-11-16,0.2607,0.26444,0.25911,0.26218,0.2607,0.26444,0.25911,0.26218,50827.0,27282.0,23545.0,52279882.0,13670861.705531,25328233.7,6623714.691272,26951648.3,7047147.014259,11414848322.0,1195333400.76,11425884645.2714
2019-11-17,0.2622,0.266,0.25891,0.26311,0.2622,0.266,0.25891,0.26311,51435.0,27964.0,23471.0,52073288.4,13707451.702774,25742859.8,6778321.316523,26330428.6,6929130.386251,11575528261.0,1273573228.91,11485052604.2992
2019-11-18,0.26316,0.26318,0.2411,0.25179,0.26316,0.26318,0.2411,0.25179,76284.0,39094.0,37190.0,99156396.1,25302252.644981,45120251.7,11520463.610942,54036144.4,13781789.034039,11098074098.0,1452996115.41,11069403326.3884
2019-11-19,0.25174,0.25654,0.243,0.25398,0.25174,0.25654,0.243,0.25398,70657.0,35440.0,35217.0,87899568.3,21882500.803854,42053540.2,10469567.325715,45846028.1,11412933.478139,10968611355.0,1420685334.33,11106437807.4385
2019-11-20,0.25398,0.25861,0.24809,0.25014,0.25398,0.25861,0.24809,0.25014,63501.0,33888.0,29613.0,78924129.3,19902291.151566,38027726.7,9592679.81357,40896402.6,10309611.337996,10963805618.0,1319069497.66,10884017517.5235
2019-11-21,0.25022,0.25349,0.23613,0.24345,0.25022,0.25349,0.23613,0.24345,84340.0,42977.0,41363.0,113065484.5,27594274.952877,52950070.7,12925106.372043,60115413.8,14669168.580834,10440245528.0,1586333624.31,10555043276.6049
2019-11-22,0.24345,0.2459,0.22122,0.23,0.24345,0.2459,0.22122,0.23,130275.0,66429.0,63846.0,176993164.6,41301641.154196,86516403.6,20185325.593264,90476761.0,21116315.560932,10000756877.0,2012230944.62,10028238450.6838
2019-11-23,0.23004,0.23541,0.22526,0.23407,0.23004,0.23541,0.22526,0.23407,72712.0,41077.0,31635.0,86883225.5,20015819.079247,45653074.8,10516907.053412,41230150.7,9498912.025835,10042463610.0,1480512362.86,10226933083.8625
2019-11-24,0.23409,0.23466,0.21829,0.21989,0.23409,0.23466,0.21829,0.21989,75283.0,40351.0,34932.0,95589320.7,21702594.781492,44349297.0,10077872.904105,51240023.7,11624721.877387,9892102810.0,2932397174.29,9663857830.98936
2019-11-25,0.22011,0.225,0.20013,0.21731,0.22011,0.225,0.20013,0.21731,138199.0,69841.0,68358.0,227026861.8,48844307.828819,118713514.9,25541088.598744,108313346.9,23303219.230075,9545898885.0,9415068270.51,9466286655.9472
2019-11-26,0.2173,0.2219,0.21327,0.2206,0.2173,0.2219,0.21327,0.2206,70183.0,35807.0,34376.0,87574733.7,19092485.275499,45103520.0,9834821.296803,42471213.7,9257663.978696,9546522060.0,1322723640.41,9618843673.17944
2019-11-27,0.22054,0.2295,0.21259,0.224,0.22054,0.2295,0.21259,0.224,94370.0,47237.0,47133.0,119843833.4,26524670.216238,61794483.3,13681726.304542,58049350.1,12842943.911696,9778684875.0,1608881983.51,9745970910.52131
2019-11-28,0.22408,0.22946,0.22246,0.22313,0.22408,0.22946,0.22246,0.22313,53416.0,26785.0,26631.0,58823779.6,13310126.059553,28708401.2,6496699.361821,30115378.4,6813426.697732,9976892398.0,1244175231.25,9723838882.47281
2019-11-29,0.22312,0.23229,0.22245,0.22998,0.22312,0.23229,0.22245,0.22998,51240.0,25216.0,26024.0,59986942.5,13672137.931229,30860706.4,7032016.828911,29126236.1,6640121.102318,9966091121.0,1325761773.74,9968382707.42357
2019-11-30,0.22997,0.23192,0.22354,0.2255,0.22997,0.23192,0.22354,0.2255,37389.0,17490.0,19899.0,48634883.0,11052152.993926,22498732.9,5113527.62756,26136150.1,5938625.366366,9779615895.0,1160032623.56,9806315573.44282
2019-12-01,0.22549,0.2255,0.2186,0.22477,0.22549,0.2255,0.2186,0.22477,34536.0,16774.0,17762.0,61721844.7,13691786.756988,30774454.2,6828355.804987,30947390.5,6863430.952001,9616773941.0,1176237060.4,9756884340.96666
2019-12-02,0.22471,0.22623,0.21731,0.21914,0.22471,0.22623,0.21731,0.21914,30561.0,15261.0,15300.0,65856138.9,14526198.883314,30894633.7,6815548.738162,34961505.2,7710650.145152,9486034510.0,1187513776.63,9507818760.23926
2019-12-03,0.21904,0.22182,0.2178,0.21951,0.21904,0.22182,0.2178,0.21951,21296.0,10724.0,10572.0,34655745.6,7614717.260383,17531385.5,3854199.066186,17124360.1,3760518.194197,9632631262.0,1017648494.61,9517202025.51696
2019-12-04,0.2195,0.22491,0.20952,0.2139,0.2195,0.22491,0.20952,0.2139,56443.0,28031.0,28412.0,110743259.9,24000030.156536,54591895.5,11835442.648302,56151364.4,12164587.508234,9507482888.0,1427312576.71,9364745688.36965
2019-12-05,0.21398,0.2262,0.212,0.22118,0.21398,0.2262,0.212,0.22118,42421.0,20483.0,21938.0,93382862.7,20382570.686384,47590809.2,10392655.210596,45792053.5,9989915.475788,9411454752.0,1424294121.42,9649602826.87115
2019-12-06,0.22118,0.2268,0.2191,0.22546,0.22118,0.2268,0.2191,0.22546,32168.0,16096.0,16072.0,72738701.2,16179037.214377,35209385.4,7836198.958252,37529315.8,8342838.256125,9716936156.0,1253702621.18,9761133164.33198
2019-12-07,0.22554,0.228,0.22281,0.22699,0.22554,0.228,0.22281,0.22699,22739.0,10993.0,11746.0,46945345.8,10596180.403409,22192210.2,5011314.499063,24753135.6,5584865.904346,9872479519.0,1073561928.21,9888381918.89692
2019-12-08,0.22702,0.232,0.2237,0.22909,0.22702,0.232,0.2237,0.22909,24897.0,12480.0,12417.0,54256414.2,12372294.132834,29686215.7,6772532.066026,24570198.5,5599762.066808,9990411534.0,1117646357.78,9974529031.25495
2019-12-09,0.22913,0.23083,0.22113,0.22445,0.22913,0.23083,0.22113,0.22445,24205.0,11177.0,13028.0,53369564.5,12075583.633184,22077166.1,5001106.718506,31292398.4,7074476.914678,9786049243.0,1241659373.42,9758847242.34582
2019-12-10,0.22435,0.2256,0.21894,0.22256,0.22435,0.2256,0.21894,0.22256,21705.0,10853.0,10852.0,44719099.9,9920308.103338,21791398.4,4834103.589329,22927701.5,5086204.514009,9629096913.0,1191690782.29,9709071953.35044
2019-12-11,0.22256,0.22365,0.21973,0.22093,0.22256,0.22365,0.21973,0.22093,14103.0,6937.0,7166.0,26282978.3,5820575.255672,11718017.4,2594830.060338,14564960.9,3225745.195334,,1072062151.52,9611705134.09609
2019-12-12,0.22103,0.22322,0.2164,0.21837,0.22103,0.22322,0.2164,0.21837,25865.0,13138.0,12727.0,49354032.6,10844545.417528,23502906.9,5165460.760199,25851125.7,5679084.657329,,1287697362.42,9522171540.49328
2019-12-13,0.21837,0.22074,0.21537,0.22054,0.21837,0.22074,0.21537,0.22054,26599.0,12937.0,13662.0,51935733.1,11344997.48012,24731728.6,5402939.890349,27204004.5,5942057.589771,,1252707498.34,9560937204.07133
2019-12-14,0.22055,0.22086,0.21463,0.21605,0.22055,0.22086,0.21463,0.21605,16884.0,8073.0,8811.0,31455442.1,6831705.156862,14527309.3,3156956.454922,16928132.8,3674748.70194,,1078990951.94,9413737187.26656
2019-12-15,0.21605,0.21939,0.21463,0.21735,0.21605,0.21939,0.21463,0.21735,13808.0,6944.0,6864.0,26223163.5,5695553.743575,13181733.2,2864723.596981,13041430.3,2830830.146594,,1171149673.43,9467680409.94928
2019-12-16,0.21735,0.21747,0.202,0.2055,0.21735,0.21747,0.202,0.2055,40586.0,19484.0,21102.0,86445966.4,18111443.951951,38391989.2,8041574.946682,48053977.2,10069869.005269,8947591669.0,1486338424.54,8974974228.85041
2019-12-17,0.20547,0.20568,0.17754,0.1831,0.20547,0.20568,0.17754,0.1831,101182.0,50520.0,50662.0,262505370.5,49983422.817549,123284660.0,23477836.74732,139220710.5,26505586.070229,7887659953.0,2059426122.89,7956063481.23617
2019-12-18,0.1831,0.2,0.175,0.19573,0.1831,0.2,0.175,0.19573,90445.0,46145.0,44300.0,208259366.7,39019551.703506,104189448.8,19553459.371783,104069917.9,19466092.331723,8488542347.0,2136022807.53,8496449615.14561
2019-12-19,0.19573,0.19706,0.18447,0.1878,0.19573,0.19706,0.18447,0.1878,40031.0,19060.0,20971.0,89497528.3,16898416.262179,40500363.1,7649437.682039,48997165.2,9248978.58014,8217694417.0,1588179338.1,8264443017.28645
2019-12-20,0.1878,0.19787,0.18369,0.19521,0.1878,0.19787,0.18369,0.19521,59717.0,30107.0,29610.0,142835629.8,27304791.682781,69822404.0,13357136.655238,73013225.8,13947655.027543,8527315665.0,1765470385.04,8460970904.30752
2019-12-21,0.19508,0.19617,0.18993,0.19143,0.19508,0.19617,0.18993,0.19143,24251.0,12829.0,11422.0,57760061.0,11107941.807704,28975032.6,5573130.364317,28785028.4,5534811.443387,8336094547.0,1208597752.63,8407526855.30861
2019-12-22,0.19134,0.19665,0.19045,0.19649,0.19134,0.19665,0.19045,0.19649,25689.0,13430.0,12259.0,53300985.1,10331460.609655,27886356.0,5406744.610799,25414629.1,4924715.998856,8511296484.0,1261599020.83,8532972545.85338
2019-12-23,0.1965,0.19974,0.18809,0.18953,0.1965,0.19974,0.18809,0.18953,43195.0,21685.0,21510.0,94859486.6,18435268.919213,46431023.4,9028935.296416,48428463.2,9406333.622797,8227626485.0,1402992086.42,8271536883.00214
2019-12-24,0.18958,0.19413,0.18745,0.19077,0.18958,0.19413,0.18745,0.19077,30991.0,16040.0,14951.0,66325389.4,12636776.752597,32379989.7,6171284.371616,33945399.7,6465492.380981,8275072486.0,1255576963.23,8325926772.46431
2019-12-25,0.19069,0.19137,0.18633,0.18852,0.19069,0.19137,0.18633,0.18852,19933.0,9740.0,10193.0,39672557.2,7478003.201801,19426118.7,3662515.601674,20246438.5,3815487.600127,8222484577.0,1140140918.52,8261843273.22997
2019-12-26,0.18864,0.1941,0.18722,0.18923,0.18864,0.1941,0.18722,0.18923,24912.0,12929.0,11983.0,46612594.5,8857810.272597,22699803.1,4315365.236612,23912791.4,4542445.035985,8218669219.0,1177534638.75,8247774696.76941
2019-12-27,0.18924,0.19015,0.1848,0.19003,0.18924,0.19015,0.1848,0.19003,21275.0,11252.0,10023.0,34971243.8,6588601.727331,18146403.4,3419962.176932,16824840.4,3168639.550399,8245411067.0,1151157498.96,8278444958.22327
2019-12-28,0.19003,0.19469,0.18969,0.1932,0.19003,0.19469,0.18969,0.1932,20550.0,10210.0,10340.0,36743672.9,7086061.707362,19050168.1,3673628.488378,17693504.8,3412433.218984,8387472507.0,1168758139.52,8370284759.30714
2019-12-29,0.19321,0.1985,0.1908,0.19653,0.19321,0.1985,0.1908,0.19653,33733.0,20007.0,13726.0,49069370.3,9561940.204942,26540950.6,5174752.706393,22528419.7,4387187.498549,8556854774.0,1176573822.08,8536136120.34514
2019-12-30,0.19651,0.1979,0.19206,0.19326,0.19651,0.1979,0.19206,0.19326,35279.0,21056.0,14223.0,41924910.4,8159012.311359,20414620.6,3973441.060001,21510289.8,4185571.251358,8416996255.0,1247499610.24,8428101981.85636
2019-12-31,0.19327,0.19422,0.18988,0.19295,0.19327,0.19422,0.18988,0.19295,34192.0,21138.0,13054.0,40610029.3,7799069.731933,19662760.5,3776832.422496,20947268.8,4022237.309437,8366040174.0,1116761074.53,8359619490.72619
2020-01-01,0.19285,0.19526,0.19219,0.19305,0.19285,0.19526,0.19219,0.19305,30283.0,18335.0,11948.0,29773022.6,5771433.604383,15792596.8,3062101.875412,13980425.8,2709331.728971,8356993151.0,1041134003.13,8349802256.48761
2020-01-02,0.19304,0.19304,0.18508,0.1875,0.19304,0.19304,0.18508,0.1875,37321.0,20907.0,16414.0,47912105.6,9073315.019168,22194650.7,4204082.495366,25717454.9,4869232.523802,8135734214.0,1085351425.98,8149376227.91265
2020-01-03,0.1875,0.19395,0.1845,0.19338,0.1875,0.19395,0.1845,0.19338,50474.0,26580.0,23894.0,70390779.3,13425667.294313,36301583.1,6928904.32379,34089196.2,6496762.970523,8394062581.0,1270017042.62,8386800449.04038
2020-01-04,0.19331,0.19363,0.19119,0.19305,0.19331,0.19363,0.19119,0.19305,29964.0,16121.0,13843.0,34239655.4,6591839.235992,17121923.3,3296461.165715,17117732.1,3295378.070277,8402923996.0,999331593.61,8422952088.91235
2020-01-05,0.19305,0.19722,0.19288,0.19453,0.19305,0.19722,0.19288,0.19453,42846.0,21148.0,21698.0,54356477.7,10607350.475197,26667676.9,5202622.268356,27688800.8,5404728.206841,8483619688.0,1168067556.97,8474172239.53137
2020-01-06,0.19453,0.22396,0.19421,0.2231,0.19453,0.22396,0.19421,0.2231,133718.0,68404.0,65314.0,234157239.2,49710472.358389,119398227.9,25347262.661041,114759011.3,24363209.697348,9599708096.0,2301679290.05,9606054234.72471
2020-01-07,0.2231,0.2255,0.20702,0.21335,0.2231,0.2255,0.20702,0.21335,116906.0,60179.0,56727.0,206449580.6,44351703.875862,100552272.9,21611631.168861,105897307.7,22740072.707001,9316188471.0,2237698314.01,9276786516.70001
2020-01-08,0.21334,0.21836,0.20311,0.2075,0.21334,0.21836,0.20311,0.2075,94107.0,49420.0,44687.0,148861801.3,31472465.535346,72951383.4,15422979.379051,75910417.9,16049486.156295,9049496698.0,1782128651.99,9064684942.5081
2020-01-09,0.2075,0.20877,0.20126,0.20373,0.2075,0.20877,0.20126,0.20373,55921.0,29763.0,26158.0,75492140.5,15431045.589763,36178314.2,7392145.927042,39313826.3,8038899.662721,8850758476.0,1341130889.25,8885696511.17362
2020-01-10,0.20375,0.21318,0.20023,0.21284,0.20375,0.21318,0.20023,0.21284,91240.0,48739.0,42501.0,145223181.5,29977092.952851,73767512.3,15227926.802015,71455669.2,14749166.150836,9163491173.0,1693646276.11,9206907568.85806
2020-01-11,0.21277,0.21994,0.20852,0.21121,0.21277,0.21994,0.20852,0.21121,85400.0,40579.0,44821.0,119237732.2,25532572.239015,56878531.2,12179598.889558,62359201.0,13352973.349457,9198986009.0,1655817070.23,9187177374.94957
2020-01-12,0.21121,0.21713,0.20941,0.21539,0.21121,0.21713,0.20941,0.21539,50714.0,24647.0,26067.0,70711714.4,15123300.637255,36529163.3,7813890.9099,34182551.1,7309409.727355,9345033012.0,1496128429.53,9351208273.31462
2020-01-13,0.21536,0.2156,0.2096,0.21134,0.21536,0.2156,0.2096,0.21134,39038.0,18362.0,20676.0,50959156.8,10795581.67681,24629766.6,5219029.261558,26329390.2,5576552.415252,9197246956.0,1321442558.95,9220403705.85808
2020-01-14,0.21134,0.24526,0.21134,0.23464,0.21134,0.24526,0.21134,0.23464,170326.0,86384.0,83942.0,301142541.5,68826737.174193,151035800.2,34517509.364393,150106741.3,34309227.8098,10299279647.0,2639844915.8,10244977874.5566
2020-01-15,0.23455,0.24356,0.2263,0.23367,0.23455,0.24356,0.2263,0.23367,154497.0,80271.0,74226.0,237606461.8,55956373.09643,116913891.5,27542230.713212,120692570.3,28414142.383218,10140179660.0,2590278224.07,10166738989.309
2020-01-16,0.23367,0.23501,0.2223,0.229,0.23367,0.23501,0.2223,0.229,97428.0,51894.0,45534.0,140095581.9,31838224.540542,68127367.3,15485773.645332,71968214.6,16352450.89521,9978782452.0,2066952513.13,9978103123.34781
2020-01-17,0.22899,0.24453,0.22659,0.23921,0.22899,0.24453,0.22659,0.23921,135743.0,68610.0,67133.0,214368960.7,50576051.723939,103469562.4,24406558.982586,110899398.3,26169492.741353,10458861276.0,2418043081.01,10423473279.5092
2020-01-18,0.23922,0.25456,0.23183,0.24357,0.23922,0.25456,0.23183,0.24357,133892.0,65523.0,68369.0,206939203.8,50099945.919774,101555879.7,24609551.547258,105383324.1,25490394.372516,10663579440.0,2391157803.71,10620350242.0774
2020-01-19,0.24357,0.25175,0.227,0.23558,0.24357,0.25175,0.227,0.23558,109703.0,52957.0,56746.0,180887717.9,43172566.93071,78809690.4,18834512.725326,102078027.5,24338054.205384,10277819441.0,2211717302.2,10284187005.3694
2020-01-20,0.23554,0.23672,0.22415,0.23314,0.23554,0.23672,0.22415,0.23314,78627.0,40342.0,38285.0,115112776.4,26640859.519468,54752746.0,12672309.506115,60360030.4,13968550.013353,10217102141.0,1723535818.27,10184268785.7529
2020-01-21,0.23314,0.242,0.23,0.23726,0.23314,0.242,0.23,0.23726,79475.0,42617.0,36858.0,111913129.9,26486822.906382,55380872.2,13113087.709661,56532257.7,13373735.196721,10366193086.0,1701652844.53,10358425747.4093
2020-01-22,0.23738,0.23996,0.23213,0.23733,0.23738,0.23996,0.23213,0.23733,63635.0,34765.0,28870.0,84725853.4,20010091.379251,39567787.9,9348415.73098,45158065.5,10661675.648271,10302933736.0,1517150861.33,10309942099.8936
2020-01-23,0.23733,0.23746,0.22123,0.22586,0.23733,0.23746,0.22123,0.22586,74101.0,35432.0,38669.0,105762250.0,24097989.545807,48045635.6,10947127.783277,57716614.4,13150861.76253,9839251561.0,1600294983.42,9875297162.34153
2020-01-24,0.22584,0.2263,0.21378,0.22222,0.22584,0.2263,0.21378,0.22222,78122.0,39205.0,38917.0,121855078.5,26926281.582988,60073220.3,13277675.538427,61781858.2,13648606.044561,9684658040.0,1706347378.57,9741530849.06436
2020-01-25,0.22219,0.22271,0.21662,0.21946,0.22219,0.22271,0.21662,0.21946,45999.0,24198.0,21801.0,56806347.0,12470105.17451,25849286.2,5674672.082184,30957060.8,6795433.092326,9638660337.0,1373179559.5,9627353633.29078
2020-01-26,0.21946,0.23276,0.218,0.23131,0.21946,0.23276,0.218,0.23131,61434.0,29231.0,32203.0,79796120.0,17962846.058326,40493751.8,9120473.230569,39302368.2,8842372.827757,10032397479.0,1583964763.64,10075423154.9541
2020-01-27,0.23121,0.23393,0.2263,0.23077,0.23121,0.23393,0.2263,0.23077,68602.0,33097.0,35505.0,102966534.5,23755953.851886,49109656.6,11332114.705989,53856877.9,12423839.145897,10105993169.0,1722593698.91,10098829102.6944
2020-01-28,0.23078,0.24162,0.23077,0.23906,0.23078,0.24162,0.23077,0.23906,93181.0,49420.0,43761.0,157599522.5,37078070.268662,83300252.9,19600928.329822,74299269.6,17477141.93884,10390996816.0,2052700894.3,10418484690.0814
2020-01-29,0.23912,0.24197,0.23425,0.23539,0.23912,0.24197,0.23425,0.23539,75239.0,37890.0,37349.0,114643264.7,27305581.984165,55722398.5,13274221.950572,58920866.2,14031360.033593,10340423039.0,1883265673.84,10297986176.3061
2020-01-30,0.23538,0.24669,0.23056,0.24376,0.23538,0.24669,0.23056,0.24376,98254.0,46726.0,51528.0,162144624.0,38659074.563365,79595464.0,18990534.895662,82549160.0,19668539.667703,10675249519.0,2125017677.56,10643624487.9916
2020-01-31,0.24376,0.24486,0.2335,0.23946,0.24376,0.24486,0.2335,0.23946,84741.0,41311.0,43430.0,122494224.8,29315461.81043,53663411.7,12847591.829514,68830813.1,16467869.980916,10467849459.0,1892170751.88,10451015953.5775
2020-02-01,0.23947,0.24304,0.23684,0.24141,0.23947,0.24304,0.23684,0.24141,60554.0,32575.0,27979.0,78963550.6,18983141.141455,40168368.6,9661299.83383,38795182.0,9321841.307625,10540370010.0,1592451417.1,10548109280.5636
2020-02-02,0.24146,0.26163,0.2355,0.25093,0.24146,0.26163,0.2355,0.25093,133056.0,64982.0,68074.0,220101966.8,55336019.745377,109911138.3,27642371.085126,110190828.5,27693648.660251,10987619288.0,2477130012.14,10953472897.5921
2020-02-03,0.25094,0.2595,0.24678,0.25453,0.25094,0.2595,0.24678,0.25453,100580.0,52169.0,48411.0,168166882.1,42349822.143385,84699216.0,21334175.561635,83467666.1,21015646.58175,11082826703.0,2156814065.01,11126754979.1092
2020-02-04,0.25447,0.271,0.24752,0.26737,0.25447,0.271,0.24752,0.26737,158671.0,79307.0,79364.0,273001224.9,71201308.848661,134326785.9,35049602.50497,138674439.0,36151706.343691,11595665129.0,2900951895.62,11659047307.1711
2020-02-05,0.26742,0.2824,0.26737,0.27774,0.26742,0.2824,0.26737,0.27774,198266.0,98421.0,99845.0,309852829.8,85518327.622684,154312236.3,42600404.21281,155540593.5,42917923.409874,12166409465.0,3332447611.02,12124855855.9479
2020-02-06,0.27782,0.28856,0.26778,0.28325,0.27782,0.28856,0.26778,0.28325,182535.0,94215.0,88320.0,274932947.3,77128867.819627,138298288.8,38829948.332621,136634658.5,38298919.487006,12388309576.0,3079150333.31,12332253053.2308
2020-02-07,0.28325,0.28832,0.27766,0.27953,0.28325,0.28832,0.27766,0.27953,118956.0,59891.0,59065.0,158743853.5,44807968.236822,76282512.9,21538537.565271,82461340.6,23269430.671551,12231023978.0,2372731516.75,12204223474.2336
2020-02-08,0.27951,0.28223,0.2636,0.27735,0.27951,0.28223,0.2636,0.27735,115822.0,59477.0,56345.0,164832911.1,45400358.533089,80055478.3,22078480.06248,84777432.8,23321878.470609,12154321443.0,2380993304.02,12115026113.4425
2020-02-09,0.27731,0.28924,0.27622,0.28257,0.27731,0.28924,0.27622,0.28257,109462.0,53015.0,56447.0,151863434.1,42852878.727218,74021758.5,20894169.763567,77841675.6,21958708.963651,12365928520.0,2343599758.29,12342888603.9773
2020-02-10,0.28255,0.28322,0.2673,0.27338,0.28255,0.28322,0.2673,0.27338,107444.0,52689.0,54755.0,142780388.9,39179667.171409,67415190.9,18504729.279196,75365198.0,20674937.892213,11989919409.0,2403459577.41,11979687193.841
2020-02-11,0.27342,0.2835,0.26738,0.281,0.27342,0.2835,0.26738,0.281,114635.0,57740.0,56895.0,150202084.8,41421937.644401,75516559.1,20841426.082466,74685525.7,20580511.561935,12317971097.0,2383677082.99,12244571113.9376
2020-02-12,0.28092,0.309,0.28091,0.30427,0.28092,0.309,0.28091,0.30427,216893.0,108965.0,107928.0,358543825.1,105875104.900374,185645763.2,54793678.31187,172898061.9,51081426.588504,13355647088.0,4092541036.85,13304586565.1702
2020-02-13,0.30427,0.34,0.3,0.32709,0.30427,0.34,0.3,0.32709,441869.0,222673.0,219196.0,684720941.9,221009646.854612,343540140.9,110956304.388477,341180801.0,110053342.466135,14314785376.0,6473779289.11,14279885278.3744
2020-02-14,0.32718,0.33942,0.3104,0.33594,0.32718,0.33942,0.3104,0.33594,246897.0,127705.0,119192.0,348251076.6,114034581.268989,177348004.7,58075660.28282,170903071.9,55958920.986169,14655520824.0,4476902768.58,14634621177.5602
2020-02-15,0.33585,0.34676,0.2955,0.30729,0.33585,0.34676,0.2955,0.30729,311521.0,152155.0,159366.0,397053085.5,128137062.317949,193104088.0,62392325.110403,203948997.5,65744737.207546,13491895841.0,4282439062.87,13385174852.9659
2020-02-16,0.30729,0.31892,0.27,0.29224,0.30729,0.31892,0.27,0.29224,303317.0,151824.0,151493.0,381819181.7,113239956.892601,183518478.1,54498186.298654,198300703.6,58741770.593947,12876258166.0,4025339058.21,12895529009.8156
2020-02-17,0.29248,0.29511,0.26821,0.28736,0.29248,0.29511,0.26821,0.28736,288706.0,143121.0,145585.0,354803561.0,99269030.96835,171786296.2,48091481.938255,183017264.8,51177549.030095,12528698981.0,3690067847.23,12525667660.7095
2020-02-18,0.28741,0.30273,0.27474,0.29827,0.28741,0.30273,0.27474,0.29827,219852.0,113240.0,106612.0,296854594.3,86321655.126464,150511591.6,43788147.418101,146343002.7,42533507.708363,13108169917.0,3719318845.52,13029144052.7254
2020-02-19,0.29834,0.30777,0.27007,0.27466,0.29834,0.30777,0.27007,0.27466,170263.0,81785.0,88478.0,219950638.9,64036617.683121,104995259.4,30619321.521323,114955379.5,33417296.161798,12210562238.0,3096501888.76,12140870561.3562
2020-02-20,0.27466,0.28168,0.26109,0.2709,0.27466,0.28168,0.26109,0.2709,198567.0,101344.0,97223.0,270623144.6,73579378.377882,133218228.0,36227439.85037,137404916.6,37351938.527512,11896704714.0,3138024578.76,11913164914.6705
2020-02-21,0.27094,0.27898,0.2678,0.27418,0.27094,0.27898,0.2678,0.27418,129521.0,67695.0,61826.0,175945123.9,48263687.837263,86587859.3,23755505.40254,89357264.6,24508182.434723,12087489780.0,2626495845.27,12028366231.8457
2020-02-22,0.27424,0.2785,0.27,0.27468,0.27424,0.2785,0.27,0.27468,80382.0,41902.0,38480.0,107040364.2,29292468.963573,54313753.2,14865060.923328,52726611.0,14427408.040245,12031376071.0,2190665842.43,12070510426.8327
2020-02-23,0.27462,0.28467,0.27462,0.28298,0.27462,0.28467,0.27462,0.28298,96083.0,47706.0,48377.0,134020545.9,37646258.077608,67314948.2,18912561.949373,66705597.7,18733696.128235,12378308725.0,2313819447.93,12368433149.3993
2020-02-24,0.28298,0.28425,0.26401,0.2704,0.28298,0.28425,0.26401,0.2704,125417.0,60565.0,64852.0,184354129.7,50198305.728272,87905870.3,23940752.255726,96448259.4,26257553.472546,11734640917.0,2472100399.77,11839763801.6329
2020-02-25,0.2703,0.271,0.251,0.25209,0.2703,0.271,0.251,0.25209,133162.0,65973.0,67189.0,209531989.3,54520365.69997,100866412.9,26251221.94386,108665576.4,28269143.75611,11083843703.0,2590099691.6,11086614590.0189
2020-02-26,0.25218,0.25512,0.22271,0.22915,0.25218,0.25512,0.22271,0.22915,235825.0,113166.0,122659.0,366105232.9,86964308.842675,167692690.6,39825078.450744,198412542.3,47139230.391931,10188516055.0,3273784861.72,10099606649.3126
2020-02-27,0.22917,0.24722,0.22363,0.2385,0.22917,0.24722,0.22363,0.2385,176791.0,88096.0,88695.0,250168249.9,59103715.419501,122037078.4,28836888.205248,128131171.5,30266827.214253,10377249430.0,2775673346.91,10373699552.576
2020-02-28,0.23854,0.244,0.2285,0.23663,0.23854,0.244,0.2285,0.23663,127842.0,65133.0,62709.0,190843431.7,44944524.957791,93384692.8,21997922.830117,97458738.9,22946602.127674,10440958139.0,2468502731.84,10344935599.445
2020-02-29,0.23658,0.24244,0.2287,0.22892,0.23658,0.24244,0.2287,0.22892,76594.0,37166.0,39428.0,104602134.2,24722678.529473,49693499.8,11743930.510842,54908634.4,12978748.018631,10125595007.0,2061348763.26,10121531622.8118
2020-03-01,0.22897,0.23607,0.22428,0.22696,0.22897,0.23607,0.22428,0.22696,83896.0,42160.0,41736.0,125219316.2,28835622.110862,59839138.9,13779929.617827,65380177.3,15055692.493035,9998694109.0,2086828072.15,10018780809.1288
2020-03-02,0.22699,0.24149,0.22582,0.23958,0.22699,0.24149,0.22582,0.23958,91338.0,48624.0,42714.0,138299654.6,32516162.665898,72204628.1,16984439.509658,66095026.5,15531723.15624,10485615071.0,2466061223.52,10452240984.0815
2020-03-03,0.23968,0.2397,0.22942,0.23428,0.23968,0.2397,0.22942,0.23428,78333.0,40192.0,38141.0,130633902.5,30665218.41354,61645357.1,14471197.150483,68988545.4,16194021.263057,10287430255.0,2524293729.85,10261064959.0686
2020-03-04,0.23433,0.23839,0.23,0.23453,0.23433,0.23839,0.23,0.23453,65830.0,33953.0,31877.0,92570643.5,21670173.524398,45071048.3,10551889.123802,47499595.2,11118284.400596,10236935353.0,2280839542.26,10267618514.5654
2020-03-05,0.23449,0.2432,0.23449,0.23909,0.23449,0.2432,0.23449,0.23909,76742.0,40560.0,36182.0,130944711.9,31325344.325326,65653709.2,15705418.746677,65291002.7,15619925.578649,10473205891.0,2299594698.52,10497998118.4859
2020-03-06,0.23907,0.24629,0.23804,0.24477,0.23907,0.24629,0.23804,0.24477,71120.0,38851.0,32269.0,116563269.6,28216830.669972,58834970.9,14242506.354155,57728298.7,13974324.315817,10693409386.0,2423236344.06,10695465318.1854
2020-03-07,0.24475,0.245,0.235,0.23622,0.24475,0.245,0.235,0.23622,60491.0,32261.0,28230.0,95845464.2,23018458.797905,46384968.7,11145041.454908,49460495.5,11873417.342997,10375062882.0,2109420975.12,10387966255.3492
2020-03-08,0.23624,0.23624,0.2,0.20385,0.23624,0.23624,0.2,0.20385,159759.0,75462.0,84297.0,271417418.6,58950052.644317,125896437.7,27342358.449616,145520980.9,31607694.194701,9083314220.0,2627253062.1,9066135755.41842
2020-03-09,0.20387,0.2115,0.19787,0.20952,0.20387,0.2115,0.19787,0.20952,179125.0,91182.0,87943.0,288610509.4,59338524.526144,140545301.5,28907868.268302,148065207.9,30430656.257842,9133769661.0,2796925948.11,9165891732.27431
2020-03-10,0.20946,0.21567,0.19979,0.21185,0.20946,0.21567,0.19979,0.21185,116198.0,60047.0,56151.0,182259714.8,38376165.662722,87402601.2,18406611.806382,94857113.6,19969553.85634,9291127789.0,2317233372.96,9299728107.75994
2020-03-11,0.21181,0.2138,0.199,0.20813,0.21181,0.2138,0.199,0.20813,116512.0,60572.0,55940.0,178652631.5,36943051.521371,88579684.7,18328535.335529,90072946.8,18614516.185842,9156102327.0,2130165442.22,9118339802.52946
2020-03-12,0.20824,0.20988,0.12798,0.13549,0.20824,0.20988,0.12798,0.13549,362512.0,178130.0,184382.0,771225355.4,126862479.008309,363976526.3,59925113.433097,407248829.1,66937365.575212,6111621070.0,3547958418.36,6118533337.22963
2020-03-13,0.13536,0.16614,0.10129,0.15872,0.13536,0.16614,0.10129,0.15872,626847.0,301450.0,325397.0,1234550066.8,176952697.598356,614871211.5,88192737.774641,619678855.3,88759959.823715,7078155642.0,5160523077.12,6982495632.44002
2020-03-14,0.15875,0.161,0.14351,0.14588,0.15875,0.161,0.14351,0.14588,205290.0,102309.0,102981.0,317354167.4,48507307.93506,159369280.4,24360820.680663,157984887.0,24146487.254397,6385760193.0,2310448364.68,6454051865.87722
2020-03-15,0.1459,0.16422,0.14449,0.15308,0.1459,0.16422,0.14449,0.15308,170566.0,88475.0,82091.0,292888161.2,44671418.303825,141893740.9,21648074.420948,150994420.3,23023343.882877,6706272395.0,2197842519.29,6743672546.93502
2020-03-16,0.15306,0.15338,0.12815,0.14102,0.15306,0.15338,0.12815,0.14102,302547.0,151030.0,151517.0,534401535.9,74672811.705282,266893720.3,37319776.034753,267507815.6,37353035.670529,6164730943.0,2646513873.61,6184578516.93243
2020-03-17,0.1411,0.1519,0.13962,0.14694,0.1411,0.1519,0.13962,0.14694,188433.0,94390.0,94043.0,317550005.4,46647608.112147,157287902.4,23108993.779842,160262103.0,23538614.332305,6459947869.0,2134494359.89,6336314382.05617
2020-03-18,0.14691,0.14938,0.14001,0.1476,0.14691,0.14938,0.14001,0.1476,138797.0,69577.0,69220.0,233087384.9,33736394.872818,113726422.7,16457112.537712,119360962.2,17279282.335106,6375052510.0,1964626837.31,6273900950.31156
2020-03-19,0.14749,0.17257,0.14428,0.1646,0.14749,0.17257,0.14428,0.1646,188931.0,97140.0,91791.0,357277613.5,56107159.305619,184802757.9,29014277.689292,172474855.6,27092881.616327,7265871493.0,2590533670.22,7235640317.83051
2020-03-20,0.16458,0.175,0.14504,0.15695,0.16458,0.175,0.14504,0.15695,282892.0,140876.0,142016.0,511513197.8,83327848.650776,253742440.9,41392646.409531,257770756.9,41935202.241245,6800800914.0,2946481355.6,6877526044.65131
2020-03-21,0.15705,0.16196,0.15156,0.15797,0.15708,0.16196,0.15156,0.15797,159444.0,79487.0,79957.0,270014080.0,42248980.407437,132232811.7,20695599.949022,137781268.3,21553380.458415,6932703519.0,2068099167.29,6934993697.0201
2020-03-22,0.15798,0.16178,0.14611,0.14776,0.15798,0.16178,0.14611,0.14776,136114.0,67124.0,68990.0,221088260.9,34064640.067766,106151496.0,16345748.631936,114936764.9,17718891.43583,6480153433.0,1864979797.88,6585765148.8073
2020-03-23,0.14774,0.16163,0.14472,0.15854,0.14774,0.16163,0.14472,0.15854,155600.0,78627.0,76973.0,282036084.3,43440715.282625,139516428.1,21497159.425129,142519656.2,21943555.857496,6960074957.0,2117431210.77,6901653397.21029
2020-03-24,0.15853,0.16387,0.15689,0.16225,0.15853,0.16387,0.15689,0.16225,140130.0,70080.0,70050.0,250519379.8,40232050.461006,122821363.4,19726786.367042,127698016.4,20505264.093964,7148109579.0,2155981658.38,7123997864.69638
2020-03-25,0.16229,0.16524,0.15667,0.16168,0.16225,0.16524,0.15667,0.16168,111530.0,57244.0,54286.0,200584719.2,32280625.729188,98643830.0,15879531.131908,101940889.2,16401094.59728,7092378766.0,2096308695.63,7096688845.62765
2020-03-26,0.1617,0.17742,0.15984,0.17593,0.1617,0.17742,0.15984,0.17593,109558.0,54960.0,54598.0,206023274.9,34206852.499773,101890181.5,16931577.98967,104133093.4,17275274.510103,7710942500.0,2236102810.63,7684422875.70188
2020-03-27,0.17591,0.18724,0.16936,0.17269,0.17591,0.18724,0.16936,0.17269,155790.0,77077.0,78713.0,316147728.4,55791468.335753,150719301.5,26608418.944885,165428426.9,29183049.390868,7939119849.0,2849306895.75,7736067262.75962
2020-03-28,0.17271,0.17984,0.16637,0.17543,0.17271,0.17984,0.16637,0.17543,158353.0,81925.0,76428.0,308477933.9,52931319.272324,148970649.6,25570570.00585,159507284.3,27360749.266474,7696174665.0,2689925753.28,7717955718.25837
2020-03-29,0.1754,0.1767,0.16184,0.16278,0.1754,0.1767,0.16184,0.16278,101525.0,51262.0,50263.0,187119450.1,31770063.65595,89403793.6,15187361.402565,97715656.5,16582702.253385,7194511850.0,1996124443.05,7193114648.24378
2020-03-30,0.16279,0.17546,0.16242,0.17112,0.16279,0.17546,0.16242,0.17112,99436.0,54937.0,44499.0,181804091.3,31139110.222378,94880474.7,16250123.13543,86923616.6,14888987.086948,7556780929.0,2131319206.29,7564440754.50572
2020-03-31,0.17109,0.17789,0.17044,0.17353,0.1711,0.17789,0.17044,0.17353,78081.0,38449.0,39632.0,158613778.6,27630973.270037,75391520.8,13134480.355321,83222257.8,14496492.914716,7688682440.0,2101862049.95,7669550526.1091
2020-04-01,0.17359,0.1763,0.16783,0.17494,0.17359,0.1763,0.16783,0.17494,90526.0,45230.0,45296.0,184017110.9,31705061.12557,91016988.7,15689470.461472,93000122.2,16015590.664098,7707415833.0,2053108171.64,7702917453.97719
2020-04-02,0.17497,0.1865,0.17384,0.17828,0.175,0.1865,0.17384,0.17828,115503.0,58113.0,57390.0,223398206.0,39831050.609157,111051934.7,19798847.442812,112346271.3,20032203.166345,7820041369.0,2352651038.5,7848687167.79959
2020-04-03,0.17828,0.18277,0.17568,0.17957,0.17824,0.18277,0.17568,0.17957,90917.0,48693.0,42224.0,170663444.5,30611897.823596,84737602.0,15199502.609018,85925842.5,15412395.214578,7879028526.0,2106869710.87,7884998556.9062
2020-04-04,0.17956,0.18365,0.1777,0.18114,0.17956,0.18365,0.1777,0.18114,66824.0,31037.0,35787.0,117148787.3,21073737.203889,57157708.5,10286236.087771,59991078.8,10787501.116118,7957418620.0,1793826152.76,7984528291.10721
2020-04-05,0.18114,0.18206,0.17627,0.17925,0.18123,0.18206,0.17627,0.17925,50886.0,23412.0,27474.0,83641306.3,15006077.305189,42029864.5,7541679.084207,41611441.8,7464398.220982,7881986656.0,1660971367.24,7882313124.22005
2020-04-06,0.17927,0.19834,0.17917,0.19803,0.17929,0.19834,0.17917,0.19803,112627.0,58820.0,53807.0,225433233.4,42647674.02742,117245575.0,22172198.612799,108187658.4,20475475.414621,8679498297.0,2529832371.86,8598152596.0637
2020-04-07,0.198,0.20519,0.18986,0.19285,0.198,0.20519,0.18986,0.19285,134853.0,68395.0,66458.0,271460619.0,53940498.196549,130617202.8,25960210.101843,140843416.2,27980288.094706,8447199149.0,2626151910.46,8448042798.60866
2020-04-08,0.19283,0.20294,0.19155,0.20192,0.19283,0.20294,0.19155,0.20192,86134.0,45362.0,40772.0,154841655.0,30755096.870222,74128007.7,14722543.033021,80713647.3,16032553.837201,8885544537.0,2091042647.0,8834009936.82905
2020-04-09,0.20192,0.20231,0.1938,0.19829,0.20192,0.20231,0.1938,0.19829,61829.0,31960.0,29869.0,104421253.8,20760538.162821,48524107.9,9646510.799744,55897145.9,11114027.363077,8747580735.0,1878628667.7,8719129422.91768
2020-04-10,0.19826,0.19872,0.18119,0.18758,0.19826,0.19872,0.18119,0.18758,95030.0,46561.0,48469.0,160752187.0,30441890.608963,72838709.9,13782179.40033,87913477.1,16659711.208633,8254137520.0,2105282078.98,8244475831.92244
2020-04-11,0.1876,0.19213,0.185,0.1885,0.1876,0.19213,0.185,0.1885,63329.0,30384.0,32945.0,100598265.9,18977182.628246,47837844.7,9021072.328105,52760421.2,9956110.300141,8229466724.0,1847482830.78,8270834076.03967
2020-04-12,0.18848,0.19567,0.18616,0.18939,0.18849,0.19567,0.18616,0.18939,79193.0,39698.0,39495.0,129786730.4,24900274.476309,61902062.6,11871165.30152,67884667.8,13029109.174789,8434854561.0,2087857416.61,8361929949.11626
2020-04-13,0.18932,0.18947,0.18011,0.18763,0.1893,0.18947,0.18011,0.18763,100241.0,48392.0,51849.0,158956441.4,29319579.405971,77280122.6,14253442.848062,81676318.8,15066136.557909,8291936200.0,2253497428.98,8273953307.73417
2020-04-14,0.18764,0.18931,0.18313,0.18613,0.18764,0.18931,0.18313,0.18613,60969.0,30373.0,30596.0,93684121.1,17488252.493986,47036853.1,8780642.091589,46647268.0,8707610.402397,8192095725.0,1889687586.54,8168316006.52172
2020-04-15,0.18605,0.18973,0.18,0.1805,0.18605,0.18973,0.18,0.1805,69564.0,35168.0,34396.0,121466630.1,22474988.498451,58562317.7,10842228.403922,62904312.4,11632760.094529,7963315124.0,1963736221.5,7989127042.22612
2020-04-16,0.1805,0.19399,0.174,0.19053,0.1805,0.19399,0.174,0.19053,128158.0,65441.0,62717.0,220290862.9,41065594.104639,107858708.1,20140339.841275,112432154.8,20925254.263364,8415801315.0,2610251456.37,8381628980.52987
2020-04-17,0.1905,0.19185,0.18618,0.18863,0.1905,0.19185,0.18618,0.18863,56871.0,28313.0,28558.0,91976842.0,17382005.139332,44723965.6,8450954.984556,47252876.4,8931050.154776,8440859763.0,1887808775.59,8385919738.88106
2020-04-18,0.18863,0.19715,0.18838,0.19544,0.18869,0.19715,0.18838,0.19544,66572.0,34927.0,31645.0,113765553.3,21916048.618325,53294534.6,10266845.758276,60471018.7,11649202.860049,8588912102.0,1918245143.37,8594155313.49771
2020-04-19,0.19539,0.19638,0.18772,0.18901,0.19539,0.19638,0.18772,0.18901,56772.0,29375.0,27397.0,89989794.3,17264504.169321,43229042.4,8295551.817516,46760751.9,8968952.351805,8439347747.0,1904866741.13,8414904360.50053
2020-04-20,0.18892,0.19453,0.17821,0.18151,0.18898,0.19453,0.17821,0.18151,99628.0,51363.0,48265.0,174028243.0,32618188.185516,84872303.4,15909092.338675,89155939.6,16709095.846841,8039278048.0,2364973860.17,8090006361.05672
2020-04-21,0.18147,0.18637,0.18109,0.18341,0.18147,0.18637,0.18109,0.18341,67984.0,36367.0,31617.0,111773322.9,20526910.210593,54843961.1,10072551.052409,56929361.8,10454359.158184,8127776464.0,1912728846.47,8126957532.8042
2020-04-22,0.18342,0.18964,0.18202,0.18804,0.18342,0.18964,0.18202,0.18804,52154.0,26586.0,25568.0,93916879.3,17524430.811153,48210284.3,9003130.035977,45706595.0,8521300.775176,8299637808.0,1783803231.03,8287541720.7618
2020-04-23,0.18803,0.19951,0.18558,0.1926,0.18803,0.19951,0.18558,0.1926,96564.0,47817.0,48747.0,179113808.3,34473402.308242,90404540.2,17403545.203496,88709268.1,17069857.104746,8516566791.0,2271111353.58,8452461960.7791
2020-04-24,0.19261,0.19695,0.19197,0.19325,0.19267,0.19695,0.19197,0.19325,63836.0,29740.0,34096.0,113830925.1,22146163.860907,53425759.9,10396945.481227,60405165.2,11749218.37968,8508075373.0,1853837706.3,8538612711.3674
2020-04-25,0.19327,0.19776,0.1916,0.19418,0.19326,0.19776,0.1916,0.19418,50207.0,25841.0,24366.0,78779257.1,15346321.201071,38762048.3,7553037.409422,40017208.8,7793283.791649,8552050201.0,1648491142.31,8599842766.3614
2020-04-26,0.19414,0.19775,0.19133,0.19618,0.19411,0.19775,0.19133,0.19618,59771.0,28211.0,31560.0,93225699.4,18195800.864697,43075545.8,8408995.123822,50150153.6,9786805.740875,8666966126.0,1692427520.52,8677070504.0441
2020-04-27,0.1962,0.19979,0.19407,0.19747,0.19623,0.19979,0.19407,0.19747,60143.0,31274.0,28869.0,104536714.3,20557795.797883,50656973.9,9961661.30267,53879740.4,10596134.495213,8705398678.0,1792695609.66,8733381417.11235
2020-04-28,0.1975,0.21806,0.19459,0.21416,0.1975,0.21806,0.19459,0.21416,124464.0,63491.0,60973.0,244843302.1,50693359.878989,125829640.8,26049042.225803,119013661.3,24644317.653186,9576265961.0,2515531348.06,9505616088.01872
2020-04-29,0.21415,0.23075,0.20981,0.22648,0.214,0.23075,0.20981,0.22648,169826.0,88866.0,80960.0,292096742.3,64552311.119371,147949484.8,32710250.009568,144147257.5,31842061.109803,9973192339.0,3041995823.13,10032694258.2456
2020-04-30,0.22644,0.2359,0.20816,0.21135,0.22644,0.2359,0.20816,0.21135,187611.0,94777.0,92834.0,314088335.1,69473163.648632,155872754.7,34486920.160909,158215580.4,34986243.487723,9406477254.0,3145263526.81,9385477916.23963
2020-05-01,0.21135,0.22418,0.21117,0.21786,0.21135,0.22418,0.21117,0.21786,107238.0,54484.0,52754.0,160339801.0,34920373.571459,76678977.8,16702346.783525,83660823.2,18218026.787934,9616326936.0,2306876493.36,9671641236.18015
2020-05-02,0.21785,0.22575,0.21534,0.22369,0.21785,0.22575,0.21534,0.22369,86252.0,42454.0,43798.0,119932182.7,26515783.345987,58711108.7,12979146.644467,61221074.0,13536636.70152,9847803813.0,2170661653.84,9877477085.66379
2020-05-03,0.22377,0.22667,0.2154,0.21936,0.22377,0.22667,0.2154,0.21936,81580.0,37162.0,44418.0,111226961.6,24624153.913559,49773145.9,11025174.587063,61453815.7,13598979.326496,9671546494.0,2182399826.09,9678990068.19564
2020-05-04,0.21936,0.22057,0.20713,0.21776,0.21934,0.22057,0.20713,0.21776,97018.0,47853.0,49165.0,166756745.3,35767192.497783,78567550.6,16852866.974323,88189194.7,18914325.52346,9602602153.0,2462194723.05,9659096484.94689
2020-05-05,0.21777,0.22213,0.21316,0.21688,0.21776,0.22213,0.21316,0.21688,67821.0,33292.0,34529.0,106925948.7,23263009.84562,49676773.3,10806762.846926,57249175.4,12456246.998694,9532440488.0,2104127661.3,9548784765.32591
2020-05-06,0.21688,0.2224,0.21029,0.21158,0.21688,0.2224,0.21029,0.21158,80558.0,39138.0,41420.0,131362572.4,28673363.827597,62949297.2,13746374.036872,68413275.2,14926989.790725,9557915527.0,2159327467.05,9493539896.85016
2020-05-07,0.21172,0.2211,0.20934,0.21862,0.21173,0.2211,0.20934,0.21862,97365.0,49598.0,47767.0,175859218.0,38007015.383897,91129651.0,19694529.541078,84729567.0,18312485.842819,9652651661.0,2582702615.15,9657066730.33854
2020-05-08,0.2186,0.22199,0.21423,0.21865,0.21847,0.22199,0.21423,0.21865,81160.0,41493.0,39667.0,133922204.4,29250576.989275,64209437.1,14024735.84002,69712767.3,15225841.149255,9689232961.0,2460030843.93,9697204907.17541
2020-05-09,0.21865,0.225,0.21554,0.21642,0.21865,0.225,0.21554,0.21642,87558.0,42016.0,45542.0,159019230.1,35087403.059432,74817691.6,16512795.390229,84201538.5,18574607.669203,9627430700.0,2543805061.79,9568176316.55927
2020-05-10,0.21642,0.21651,0.178,0.19702,0.21642,0.21651,0.178,0.19702,161563.0,77771.0,83792.0,310627388.1,60926889.82589,144770955.0,28373227.323072,165856433.1,32553662.502818,8645662409.0,3067472277.38,8742104205.96065
2020-05-11,0.19708,0.20031,0.184,0.19254,0.19708,0.20031,0.184,0.19254,105182.0,52567.0,52615.0,188926069.2,36506741.96018,91858597.1,17739693.062982,97067472.1,18767048.897198,8457628940.0,2470709527.48,8560709529.29757
2020-05-12,0.19254,0.2001,0.19128,0.19711,0.19249,0.2001,0.19128,0.19711,65024.0,31541.0,33483.0,120759033.7,23710733.439909,56553992.1,11102738.907276,64205041.6,12607994.532633,8716146510.0,2056508740.86,8718347383.13626
2020-05-13,0.1971,0.20429,0.19564,0.20177,0.1971,0.20429,0.19564,0.20177,56585.0,28863.0,27722.0,95212470.1,19051354.369793,46792057.0,9363112.142428,48420413.1,9688242.227365,8903329141.0,1947109950.92,8887871909.97461
2020-05-14,0.20176,0.20636,0.19838,0.20386,0.20176,0.20636,0.19838,0.20386,68502.0,33835.0,34667.0,123608208.0,25092468.52641,57450818.0,11664353.143343,66157390.0,13428115.383067,8991133593.0,2154131805.44,8960609479.48172
2020-05-15,0.20379,0.20467,0.19505,0.19818,0.20379,0.20467,0.19505,0.19818,76552.0,36453.0,40099.0,142260472.9,28517135.976807,67726476.5,13581845.493247,74533996.4,14935290.48356,8786693059.0,2046326382.21,8774523680.83045
2020-05-16,0.19818,0.2025,0.19664,0.19969,0.19818,0.2025,0.19664,0.19969,60593.0,29214.0,31379.0,94327453.0,18846378.001292,46272349.4,9247588.237011,48055103.6,9598789.764281,8823730622.0,1794850123.61,8823975223.48195
2020-05-17,0.19969,0.20465,0.19889,0.20131,0.19969,0.20465,0.19889,0.20131,48679.0,24505.0,24174.0,85924995.0,17382542.865857,39918756.5,8074867.444035,46006238.5,9307675.421822,8899050124.0,1752063749.2,8877940577.65549
2020-05-18,0.20132,0.20805,0.2007,0.20543,0.20132,0.20805,0.2007,0.20543,70413.0,35608.0,34805.0,129797461.7,26571284.084875,64948303.6,13299842.622232,64849158.1,13271441.462643,9057702108.0,1968537516.7,9050915905.92047
2020-05-19,0.20537,0.20668,0.20087,0.20496,0.20537,0.20668,0.20087,0.20496,53211.0,27491.0,25720.0,99600289.0,20308677.738706,48174362.0,9824251.09619,51425927.0,10484426.642516,9022928240.0,1973351018.16,9000248026.64507
2020-05-20,0.20486,0.20624,0.1975,0.20179,0.20486,0.20624,0.1975,0.20179,54840.0,26965.0,27875.0,106603358.1,21674783.129598,50016708.5,10171355.196062,56586649.6,11503427.933536,8897162153.0,1933723829.28,8897878389.15657
2020-05-21,0.20178,0.20305,0.18928,0.19434,0.20178,0.20305,0.18928,0.19434,63124.0,29715.0,33409.0,119870681.6,23543670.920691,55563071.3,10913175.39851,64307610.3,12630495.522181,8601050178.0,1753934487.28,8624477985.99026
2020-05-22,0.19434,0.2025,0.19212,0.20034,0.19434,0.2025,0.19212,0.20034,69868.0,35172.0,34696.0,134747810.6,26830045.187892,65511428.2,13043001.813153,69236382.4,13787043.374739,8831840790.0,1852264124.06,8837711658.73881
2020-05-23,0.20032,0.20216,0.19793,0.19883,0.20032,0.20216,0.19793,0.19883,45085.0,21357.0,23728.0,88342183.6,17664632.020712,45107383.4,9017712.054109,43234800.2,8646919.966603,8798772887.0,1459815519.53,8772115860.45531
2020-05-24,0.19883,0.20122,0.19222,0.19256,0.19883,0.20122,0.19222,0.19256,49360.0,24307.0,25053.0,88708243.7,17579270.341137,39610806.7,7850432.909316,49097437.0,9728837.431821,8562566377.0,1447641496.07,8621039124.76604
2020-05-25,0.19263,0.19719,0.18972,0.19622,0.19264,0.19719,0.18972,0.19622,57350.0,30563.0,26787.0,96947010.8,18809282.038849,47360236.3,9190916.381807,49586774.5,9618365.657042,8673433356.0,1671594106.34,8704663296.9992
2020-05-26,0.19622,0.19695,0.19139,0.19372,0.19621,0.19695,0.19139,0.19372,50688.0,24120.0,26568.0,91454592.2,17758963.940541,41722951.9,8103143.253047,49731640.3,9655820.687494,8555296050.0,1585691776.77,8556771552.57925
2020-05-27,0.19371,0.20048,0.19355,0.19791,0.19371,0.20048,0.19355,0.19791,50410.0,25000.0,25410.0,99410860.4,19606099.882905,48988921.8,9663981.178313,50421938.6,9942118.704592,8712245754.0,1535112976.75,8728047162.89867
2020-05-28,0.19792,0.20095,0.19502,0.20052,0.19792,0.20095,0.19502,0.20052,55143.0,27440.0,27703.0,110627844.2,21835213.636664,54588694.2,10775738.497914,56039150.0,11059475.13875,8846748036.0,1615654544.31,8848806628.48241
2020-05-29,0.20052,0.20292,0.19622,0.19759,0.20052,0.20292,0.19622,0.19759,51563.0,25356.0,26207.0,98632638.4,19620435.164664,45556569.7,9060851.387164,53076068.7,10559583.7775,8727843255.0,1477357235.01,8749705582.91326
2020-05-30,0.19762,0.208,0.19596,0.20701,0.19762,0.208,0.19596,0.20701,72971.0,35678.0,37293.0,155426836.0,31456500.105055,79129217.5,16024598.360393,76297618.5,15431901.744662,9111746894.0,1683149543.52,9096936496.51763
2020-05-31,0.207,0.21356,0.20026,0.20245,0.207,0.21356,0.20026,0.20245,90264.0,43278.0,46986.0,180118253.6,37293044.94795,85301953.6,17661249.633672,94816300.0,19631795.314278,8930740342.0,1737139256.47,8950742760.18493
2020-06-01,0.20241,0.21268,0.20112,0.211,0.20241,0.21268,0.20112,0.211,80801.0,40883.0,39918.0,157851522.0,32564541.552482,82022177.2,16930691.003812,75829344.8,15633850.54867,9299194805.0,1702904267.06,9274691762.97167
2020-06-02,0.21093,0.2147,0.1961,0.20301,0.21099,0.2147,0.1961,0.20301,93266.0,44226.0,49040.0,203819088.3,42200256.167473,100116800.0,20743709.579591,103702288.3,21456546.587882,8914648925.0,1850078103.11,8944512706.30724
2020-06-03,0.20294,0.20487,0.2008,0.2041,0.20294,0.20487,0.2008,0.2041,58571.0,27890.0,30681.0,102410983.8,20811724.763499,49418510.8,10042518.864852,52992473.0,10769205.898647,9001864086.0,1335828090.03,8984172825.80269
2020-06-04,0.20413,0.20724,0.19957,0.20427,0.20413,0.20724,0.19957,0.20427,66970.0,32915.0,34055.0,126378226.8,25824214.132588,63691480.9,13017228.702331,62686745.9,12806985.430257,9037344571.0,1368430496.03,9042323043.5848
2020-06-05,0.20432,0.20585,0.20129,0.20274,0.20432,0.20585,0.20129,0.20274,52444.0,23657.0,28787.0,98700901.5,20105805.907832,48341041.7,9850175.41103,50359859.8,10255630.496802,8983495419.0,1264429378.7,9003078694.8762
2020-06-06,0.20274,0.20484,0.20125,0.20361,0.20274,0.20484,0.20125,0.20361,43742.0,19685.0,24057.0,79279154.8,16114585.187014,37650512.6,7654217.889473,41628642.2,8460367.297541,8991709013.0,1048611012.4,8961182289.15831
2020-06-07,0.2036,0.20496,0.19839,0.20329,0.2036,0.20496,0.19839,0.20329,48287.0,22203.0,26084.0,93329744.2,18875028.463495,45259077.6,9157276.062457,48070666.6,9717752.401038,8961100741.0,1141964765.01,8974728442.38812
2020-06-08,0.20327,0.20444,0.20116,0.20403,0.20327,0.20444,0.20116,0.20403,35188.0,17721.0,17467.0,63036054.2,12767362.010578,31158704.4,6312355.704409,31877349.8,6455006.306169,8981627076.0,1042709460.86,8988927251.58783
2020-06-09,0.20406,0.20528,0.2,0.20127,0.20406,0.20528,0.2,0.20127,45557.0,21937.0,23620.0,81665800.9,16520867.171308,39336087.3,7957017.3895,42329713.6,8563849.781808,8910078157.0,1108186466.69,8911356401.48274
2020-06-10,0.20135,0.20388,0.1985,0.20266,0.20135,0.20388,0.1985,0.20266,43309.0,21719.0,21590.0,75706855.2,15280061.414238,37564959.4,7583184.73132,38141895.8,7696876.682918,8948531367.0,1106635421.05,8952182049.69715
2020-06-11,0.20266,0.2036,0.1846,0.18817,0.20266,0.2036,0.1846,0.18817,69845.0,32532.0,37313.0,132263967.7,25844804.816227,62161699.4,12164305.58102,70102268.3,13680499.235207,8308412340.0,1354031835.76,8389388715.34652
2020-06-12,0.18823,0.19505,0.1869,0.19307,0.18823,0.19505,0.1869,0.19307,44604.0,23299.0,21305.0,75546910.5,14533799.771144,37516943.2,7216832.668893,38029967.3,7316967.102251,8498678031.0,1157151094.36,8555381744.85138
2020-06-13,0.19308,0.19379,0.19076,0.19234,0.19308,0.19379,0.19076,0.19234,35405.0,17265.0,18140.0,63292600.9,12170228.260262,31121452.6,5985123.309741,32171148.3,6185104.950521,8495789327.0,1050423847.91,8518460613.62387
2020-06-14,0.19238,0.19249,0.1887,0.19022,0.19238,0.19249,0.1887,0.19022,35424.0,16973.0,18451.0,58429094.7,11158945.785282,28538126.4,5452115.220656,29890968.3,5706830.564626,8419955004.0,1023497501.81,8452767513.63519
2020-06-15,0.19022,0.19344,0.18202,0.19238,0.19022,0.19344,0.18202,0.19238,64319.0,32345.0,31974.0,130419971.5,24415172.117359,62371843.6,11677424.133998,68048127.9,12737747.983361,8507723457.0,1315332448.46,8545014832.17575
2020-06-16,0.19238,0.19404,0.19007,0.19238,0.19237,0.19404,0.19007,0.19238,40275.0,20584.0,19691.0,76442039.8,14666578.928633,37825552.1,7257334.962562,38616487.7,7409243.966071,8485542973.0,1158919075.32,8466821452.11899
2020-06-17,0.19236,0.19895,0.18846,0.19315,0.19236,0.19895,0.18846,0.19315,70707.0,33608.0,37099.0,143789678.4,27856615.183625,67620243.5,13109199.522345,76169434.9,14747415.66128,8531909525.0,1323161115.82,8561363236.1069
2020-06-18,0.19315,0.19325,0.18802,0.18975,0.19315,0.19325,0.18802,0.18975,43527.0,21192.0,22335.0,83020048.8,15843553.693894,36284585.3,6924160.038045,46735463.5,8919393.655849,8406429459.0,1045504279.37,8451352166.47786
2020-06-19,0.18975,0.19036,0.18658,0.18722,0.18975,0.19036,0.18658,0.18722,50436.0,24601.0,25835.0,101395871.0,19119359.597477,42365077.7,7985718.904644,59030793.3,11133640.692833,8270730478.0,1097387856.41,8266913025.77957
2020-06-20,0.18724,0.18897,0.18488,0.18792,0.18724,0.18897,0.18488,0.18792,39486.0,19209.0,20277.0,65244804.2,12232229.508848,27599318.4,5173523.851864,37645485.8,7058705.656984,8314373317.0,966690908.15,8342603851.03048
2020-06-21,0.18793,0.18848,0.18565,0.18602,0.18793,0.18848,0.18565,0.18602,37563.0,15422.0,22141.0,66591992.6,12484413.486531,28767886.5,5393725.259838,37824106.1,7090688.226693,8223777657.0,893641268.54,8214686194.61586
2020-06-22,0.18602,0.19051,0.18569,0.18928,0.18602,0.19051,0.18569,0.18928,52971.0,24328.0,28643.0,121678902.8,22925902.512118,54197817.0,10213485.950684,67481085.8,12712416.561434,8374809374.0,1209278721.48,8376771497.64404
2020-06-23,0.18933,0.19042,0.18831,0.18889,0.18929,0.19042,0.18831,0.18889,44293.0,21819.0,22474.0,80442337.3,15203951.752928,37475013.7,7082627.519045,42967323.6,8121324.233883,8338863273.0,1093605185.0,8350557840.39414
2020-06-24,0.18889,0.19016,0.1799,0.18348,0.18889,0.19016,0.1799,0.18348,55355.0,27498.0,27857.0,99814387.3,18502915.659501,46229680.8,8574631.035381,53584706.5,9928284.62412,8117175950.0,1138044691.15,8155465081.67866
2020-06-25,0.18344,0.18414,0.17849,0.18156,0.18349,0.18414,0.17849,0.18156,47652.0,23733.0,23919.0,83471401.8,15201347.41991,35854415.7,6530918.271093,47616986.1,8670429.148817,8028900888.0,1055030012.07,8124389490.93613
2020-06-26,0.18156,0.18694,0.17848,0.18249,0.18156,0.18694,0.17848,0.18249,69995.0,34250.0,35745.0,134171894.1,24516731.370918,59166748.6,10809718.376417,75005145.5,13707012.994501,8087269879.0,1269492277.44,8084634050.71945
2020-06-27,0.18247,0.1835,0.169,0.17509,0.18249,0.1835,0.169,0.17509,60195.0,29069.0,31126.0,100119859.4,17772779.348697,45308553.7,8046506.491795,54811305.7,9726272.856902,7749380711.0,1142888782.8,7827018777.58855
2020-06-28,0.1751,0.17983,0.17337,0.17693,0.1751,0.17983,0.17337,0.17693,46215.0,23087.0,23128.0,79916984.6,14183202.989403,39843351.9,7073187.7646,40073632.7,7110015.224803,7798225706.0,1139431603.6,7864270564.43218
2020-06-29,0.17694,0.17939,0.17487,0.17726,0.17694,0.17939,0.17487,0.17726,58520.0,29679.0,28841.0,108091794.8,19131133.776332,51339111.1,9084268.720723,56752683.7,10046865.055609,7837920409.0,1164729578.63,7876094956.47866
2020-06-30,0.17737,0.17775,0.17487,0.17533,0.17737,0.17775,0.17487,0.17533,39972.0,19299.0,20673.0,63769127.0,11241515.751834,31361267.3,5529124.161399,32407859.7,5712391.590435,7744363264.0,1010363682.91,7783640656.90162
2020-07-01,0.17533,0.17814,0.17373,0.17647,0.17533,0.17814,0.17373,0.17647,51946.0,24047.0,27899.0,96697381.8,17042899.871378,43150735.7,7603376.456672,53546646.1,9439523.414706,7816278992.0,1115989502.42,7832562653.37651
2020-07-02,0.17645,0.1777,0.172,0.17477,0.17645,0.1777,0.172,0.17477,63345.0,30818.0,32527.0,109348977.7,19165320.483997,52646370.0,9228299.136367,56702607.7,9937021.34763,7735316823.0,1053683054.86,7844438479.62946
2020-07-03,0.17476,0.17865,0.1743,0.1762,0.17481,0.17865,0.1743,0.1762,60782.0,26158.0,34624.0,93559429.8,16520877.857541,44102653.3,7786410.444553,49456776.5,8734467.412988,7784121957.0,976699960.18,7804230337.27125
2020-07-04,0.17618,0.17964,0.17593,0.17808,0.17613,0.17964,0.17593,0.17808,59563.0,25958.0,33605.0,101070772.2,17979199.30731,48271756.4,8587147.591078,52799015.8,9392051.716232,7864957085.0,1000145449.29,7877175643.57166
2020-07-05,0.1781,0.1788,0.17372,0.17695,0.1781,0.1788,0.17372,0.17695,55659.0,26105.0,29554.0,109028272.5,19241614.017257,46528028.3,8207711.805636,62500244.2,11033902.211621,7811718514.0,969679447.02,7834382404.71869
2020-07-06,0.17691,0.18934,0.17644,0.18875,0.17686,0.18934,0.17644,0.18875,92229.0,43390.0,48839.0,180480180.6,33204449.903344,90262066.0,16613662.786575,90218114.6,16590787.116769,8319112339.0,1423923825.64,8345557156.07596
2020-07-07,0.18876,0.18969,0.18312,0.18508,0.18876,0.18969,0.18312,0.18508,69944.0,32768.0,37176.0,119136986.1,22136652.803759,61126763.5,11354209.887053,58010222.6,10782442.916706,8168540004.0,1067033697.85,8178282639.6918
2020-07-08,0.18508,0.20669,0.18382,0.20551,0.18509,0.20669,0.18382,0.20551,169765.0,83559.0,86206.0,340558574.1,67681685.844916,172245397.4,34230348.705735,168313176.7,33451337.139181,9007455968.0,1878269320.94,9059233838.58622
2020-07-09,0.20544,0.21186,0.19667,0.20263,0.20544,0.21186,0.19667,0.20263,172726.0,82929.0,89797.0,366287583.8,74431591.147896,177332786.4,36054587.202648,188954797.4,38377003.945248,8922693646.0,1809158570.63,8980335539.39705
2020-07-10,0.20263,0.20272,0.19252,0.19909,0.20265,0.20272,0.19252,0.19909,119526.0,57247.0,62279.0,212898090.1,42071935.192573,106164474.4,20982888.918506,106733615.7,21089046.274067,8797074104.0,1161794554.7,8791913887.10469
2020-07-11,0.19906,0.20482,0.19792,0.2011,0.19906,0.20482,0.19792,0.2011,97942.0,45858.0,52084.0,171252017.6,34447407.904762,86313829.6,17365437.871919,84938188.0,17081970.032843,8904224353.0,996288334.28,8904556377.78301
2020-07-12,0.20112,0.20401,0.19758,0.20128,0.20112,0.20401,0.19758,0.20128,77831.0,38244.0,39587.0,123496702.1,24769203.868089,62701448.2,12577715.966671,60795253.9,12191487.901418,8860094823.0,850245454.57,8875371016.545
2020-07-13,0.20122,0.2066,0.191,0.19867,0.2012,0.2066,0.191,0.19867,114516.0,55307.0,59209.0,210692216.4,42306094.039462,102894762.0,20666877.00459,107797454.4,21639217.034872,8775625027.0,1197056592.68,8788499209.50415
2020-07-14,0.19866,0.19978,0.195,0.19909,0.19866,0.19978,0.195,0.19909,76499.0,38509.0,37990.0,126120726.2,24969935.006765,62893003.9,12453058.694995,63227722.3,12516876.31177,8813882207.0,1197284577.63,8798858700.64759
2020-07-15,0.19908,0.1999,0.19635,0.19721,0.19908,0.1999,0.19635,0.19721,60968.0,27223.0,33745.0,97567941.8,19325266.670079,46772025.3,9264521.294492,50795916.5,10060745.375587,8720640267.0,1067413757.16,8723693327.18806
2020-07-16,0.19722,0.19756,0.18822,0.19444,0.19722,0.19756,0.18822,0.19444,85208.0,39632.0,45576.0,154403446.1,29776964.664402,72992131.1,14084527.774213,81411315.0,15692436.890189,8553370714.0,1055841761.78,8588123640.54278
2020-07-17,0.19447,0.19824,0.19125,0.1944,0.19448,0.19824,0.19125,0.1944,68750.0,32566.0,36184.0,119390267.7,23222588.347467,59130507.1,11499308.585734,60259760.6,11723279.761733,8598863912.0,936113620.47,8598448553.3298
2020-07-18,0.19441,0.20203,0.19392,0.1999,0.19441,0.20203,0.19392,0.1999,70943.0,34343.0,36600.0,125668578.9,24883703.336682,64344097.1,12741902.551001,61324481.8,12141800.785681,8847197024.0,870207692.56,8822395224.91019
2020-07-19,0.19989,0.20205,0.19574,0.19956,0.19988,0.20205,0.19574,0.19956,64336.0,30573.0,33763.0,117946275.3,23382843.508856,55300559.9,10963489.099834,62645715.4,12419354.409022,8831446242.0,828392852.47,8813276312.7972
2020-07-20,0.19961,0.20019,0.19194,0.19465,0.19962,0.20019,0.19194,0.19465,61544.0,28673.0,32871.0,114187102.0,22476358.41557,55114986.4,10847724.406569,59072115.6,11628634.009001,8619298387.0,848780530.81,8741285749.4312
2020-07-21,0.19465,0.201,0.19386,0.19949,0.19465,0.201,0.19386,0.19949,63843.0,31313.0,32530.0,116436628.1,23094933.038207,57629849.5,11431238.030471,58806778.6,11663695.007736,8770005487.0,928954951.19,8917097739.29472
2020-07-22,0.19946,0.20441,0.196,0.20348,0.19946,0.20441,0.196,0.20348,67772.0,32748.0,35024.0,127274412.3,25445742.450528,64992632.2,12998840.217858,62281780.1,12446902.23267,9008291749.0,935529987.38,9112196067.79291
2020-07-23,0.20351,0.21584,0.20142,0.20851,0.20351,0.21584,0.20142,0.20851,106526.0,53206.0,53320.0,231892970.4,47793197.433814,122065882.4,25165740.079797,109827088.0,22627457.354017,9163999238.0,1443659224.27,9309610859.06666
2020-07-24,0.20847,0.20855,0.20189,0.20392,0.20847,0.20855,0.20189,0.20392,76974.0,39615.0,37359.0,162043579.9,33175901.359486,80609499.3,16500967.548042,81434080.6,16674933.811444,9042265344.0,1294356195.1,9151327924.92827
2020-07-25,0.20393,0.21756,0.2035,0.21463,0.20393,0.21756,0.2035,0.21463,113462.0,57752.0,55710.0,237958032.7,50101789.935724,125544258.9,26440717.027407,112413773.8,23661072.908317,9447823865.0,1225769665.74,9602232677.1391
2020-07-26,0.21462,0.22499,0.21255,0.21532,0.21459,0.22499,0.21255,0.21532,134839.0,68935.0,65904.0,277074358.0,60582099.786355,140647554.6,30752925.846888,136426803.4,29829173.939467,9501475923.0,1448138807.27,9641671805.39032
2020-07-27,0.21528,0.23,0.20861,0.22437,0.21528,0.23,0.20861,0.22437,174780.0,86507.0,88273.0,358365289.2,78837943.66513,182976050.1,40297790.213806,175389239.1,38540153.451324,9917491997.0,1762737985.02,10031396993.0843
2020-07-28,0.22445,0.23476,0.217,0.23029,0.22445,0.23476,0.217,0.23029,170224.0,85381.0,84843.0,348097855.6,78508822.193674,174964881.3,39463366.548683,173132974.3,39045455.644991,10212254926.0,1754695828.27,10327622850.3795
2020-07-29,0.23031,0.25,0.22919,0.24327,0.23033,0.25,0.22919,0.24327,206067.0,103786.0,102281.0,423604274.8,101932060.973486,215952923.5,51971800.678982,207651351.3,49960260.294504,10765495018.0,2022835116.31,10902698156.7182
2020-07-30,0.24323,0.24954,0.233,0.24408,0.24323,0.24954,0.233,0.24408,173380.0,84229.0,89151.0,339560922.2,82500395.916323,164737547.0,40034503.217328,174823375.2,42465892.698995,10846716748.0,1650758400.15,10966533743.9463
2020-07-31,0.24407,0.26042,0.24158,0.25939,0.24405,0.26042,0.24158,0.25939,162247.0,82235.0,80012.0,295712939.1,73781607.937082,144293586.0,36003982.334911,151419353.1,37777625.602171,11419975751.0,1854522560.13,11615109241.1737
2020-08-01,0.25938,0.29739,0.25557,0.29089,0.25938,0.29739,0.25557,0.29089,328933.0,172162.0,156771.0,698526256.7,192372370.249556,369821278.5,101888143.681846,328704978.2,90484226.56771,12886904789.0,3167874460.88,12989037257.5679
2020-08-02,0.29089,0.32628,0.2476,0.28803,0.29087,0.32628,0.2476,0.28803,531939.0,268198.0,263741.0,1089709098.7,319783013.590693,549730168.6,161483107.573083,539978930.1,158299906.01761,12729065383.0,4780736538.24,12878374454.0189
2020-08-03,0.28809,0.31999,0.28357,0.31016,0.28799,0.31999,0.28357,0.31016,338360.0,172373.0,165987.0,661998402.4,202645747.188177,327802373.3,100327443.249184,334196029.1,102318303.938993,13587042440.0,3340814994.37,13904732686.4277
2020-08-04,0.31008,0.31926,0.29038,0.30138,0.31008,0.31926,0.29038,0.30138,273494.0,136137.0,137357.0,523509311.0,159903257.900735,254540280.8,77741206.995783,268969030.2,82162050.904952,13290327900.0,2746437658.85,13480903122.3439
2020-08-05,0.30137,0.30813,0.2908,0.30228,0.30136,0.30813,0.2908,0.30228,206522.0,104299.0,102223.0,377922454.8,113786682.709406,189169114.4,56949044.634592,188753340.4,56837638.074814,13339533038.0,2048410252.4,13607350506.206
2020-08-06,0.30233,0.31126,0.29722,0.30311,0.30233,0.31126,0.29722,0.30311,183667.0,90701.0,92966.0,315511639.9,95740810.477769,151500019.0,45983283.423999,164011620.9,49757527.05377,13345350587.0,1946386689.08,13619582659.2609
2020-08-07,0.30309,0.31037,0.27936,0.29437,0.30309,0.31037,0.27936,0.29437,209518.0,102699.0,106819.0,350058017.3,104613031.153893,168807883.4,50497084.659268,181250133.9,54115946.494625,13054145142.0,4278382957.38,13219395791.4805
2020-08-08,0.29444,0.2987,0.2898,0.29527,0.29437,0.2987,0.2898,0.29527,116743.0,56892.0,59851.0,180632239.2,53160920.89494,88103190.5,25930945.833506,92529048.7,27229975.061434,12934000849.0,1355768291.29,13190586826.8346
2020-08-09,0.29532,0.29839,0.28215,0.2879,0.29526,0.29839,0.28215,0.2879,121899.0,59271.0,62628.0,194741043.2,56426495.734923,94878303.8,27486778.269498,99862739.4,28939717.465425,12708253964.0,1391288258.62,12949750916.5083
2020-08-10,0.28792,0.30008,0.28301,0.29469,0.28791,0.30008,0.28301,0.29469,171078.0,84229.0,86849.0,357730182.0,105174273.353254,171459453.8,50425777.339034,186270728.2,54748496.01422,12983861246.0,2108627559.93,13219165921.5132
2020-08-11,0.29468,0.30736,0.26727,0.2831,0.29468,0.30736,0.26727,0.2831,235129.0,113079.0,122050.0,454328410.0,132691665.278141,216418563.8,63221952.378831,237909846.2,69469712.89931,12514775431.0,4542499150.16,12777100986.5669
2020-08-12,0.28308,0.28737,0.27139,0.28233,0.28307,0.28737,0.27139,0.28233,158764.0,81884.0,76880.0,301659248.8,84822358.723429,151810656.0,42682878.811733,149848592.8,42139479.911696,12449253285.0,2001506678.54,12798710937.7143
2020-08-13,0.28233,0.29561,0.27243,0.2942,0.28234,0.29561,0.27243,0.2942,188780.0,96358.0,92422.0,343559052.2,96909703.2663,172958071.1,48776512.58241,170600981.1,48133190.68389,12908594493.0,2061442814.14,13377121645.4459
2020-08-14,0.2942,0.3073,0.28918,0.29995,0.29426,0.3073,0.28918,0.29995,213849.0,101769.0,112080.0,419013955.8,124939231.557538,204276279.4,60921456.024029,214737676.4,64017775.533509,13240024960.0,2246050522.83,13492289577.4199
2020-08-15,0.29995,0.30537,0.2907,0.29884,0.29994,0.30537,0.2907,0.29884,175498.0,83241.0,92257.0,323612283.2,96907524.068825,157929032.4,47291837.917924,165683250.8,49615686.150901,13234701292.0,2260353636.16,13460371199.8298
2020-08-16,0.2989,0.3048,0.29186,0.30455,0.29886,0.3048,0.29186,0.30455,162605.0,79628.0,82977.0,272817352.5,81578876.755705,133539186.6,39929376.466737,139278165.9,41649500.288968,13288904475.0,2078824447.54,13632465821.4643
2020-08-17,0.3046,0.32689,0.29702,0.31539,0.30463,0.32689,0.29702,0.31539,297217.0,144547.0,152670.0,598471473.5,187018369.290665,296503853.3,92645909.656378,301967620.2,94372459.634287,14019930158.0,3001054632.77,14138912017.3562
2020-08-18,0.31535,0.32156,0.29614,0.30251,0.3153,0.32156,0.29614,0.30251,219296.0,109422.0,109874.0,406775389.7,125998018.680262,195616843.5,60605759.382531,211158546.2,65392259.297731,13354953219.0,2126503477.58,13631409331.3403
2020-08-19,0.3025,0.30616,0.27809,0.28975,0.30249,0.30616,0.27809,0.28975,216352.0,99222.0,117130.0,390658603.2,113932105.785389,185337648.0,54049745.598537,205320955.2,59882360.186852,12859990922.0,2163768927.93,13044391669.7802
2020-08-20,0.28969,0.29465,0.28431,0.29218,0.28969,0.29465,0.28431,0.29218,120521.0,60438.0,60083.0,217335773.0,63110464.112807,107883586.2,31326880.130558,109452186.8,31783583.982249,12876696166.0,1749934411.95,13148988770.0382
2020-08-21,0.29217,0.29585,0.27671,0.27933,0.29216,0.29585,0.27671,0.27933,154460.0,74093.0,80367.0,295142831.1,84779306.01874,137361589.0,39457107.225043,157781242.1,45322198.793697,12341594801.0,1833818565.87,12614593511.4258
2020-08-22,0.27935,0.28663,0.2733,0.28592,0.27935,0.28663,0.2733,0.28592,109815.0,54753.0,55062.0,200686126.8,56060954.001977,94932638.2,26538749.892035,105753488.6,29522204.109942,12568547939.0,1417207521.78,12878136590.1375
2020-08-23,0.28589,0.28808,0.27698,0.2848,0.28594,0.28808,0.27698,0.2848,80520.0,39513.0,41007.0,147758018.4,41797800.643935,69707127.7,19715582.280036,78050890.7,22082218.363899,12617096366.0,1183627267.37,12826002016.1707
2020-08-24,0.2848,0.292,0.28224,0.2884,0.28488,0.292,0.28224,0.2884,92702.0,43430.0,49272.0,163849857.2,47142715.931314,78528431.8,22600648.831486,85321425.4,24542067.099828,12778860534.0,1237229520.35,12998070622.1293
2020-08-25,0.2884,0.28959,0.27,0.27625,0.2884,0.28959,0.27,0.27625,138205.0,60796.0,77409.0,234190707.5,65341936.081103,110625072.7,30862535.317666,123565634.8,34479400.763437,12260639163.0,1403395912.37,12490744794.1639
2020-08-26,0.27628,0.28078,0.2739,0.27653,0.27626,0.28078,0.2739,0.27653,92286.0,46839.0,45447.0,153029000.5,42419994.100277,74110275.7,20548954.912659,78918724.8,21871039.187618,12215286761.0,1194610015.24,12485661391.1492
2020-08-27,0.27645,0.27833,0.25453,0.26469,0.27645,0.27833,0.25453,0.26469,125529.0,58033.0,67496.0,271350415.9,72352751.671078,120567290.3,32133445.808261,150783125.6,40219305.862817,11634072713.0,1471948899.01,11901631634.3191
2020-08-28,0.26478,0.2732,0.26,0.27174,0.26479,0.2732,0.26,0.27174,77151.0,37407.0,39744.0,161315866.7,43178213.037698,77742396.6,20810474.749247,83573470.1,22367738.288451,11972854067.0,1178427813.2,12240673038.497
2020-08-29,0.27166,0.27685,0.26865,0.2738,0.27164,0.27685,0.26865,0.2738,64610.0,31378.0,33232.0,120917456.4,33040428.367236,59376533.3,16227682.974132,61540923.1,16812745.393104,12132079455.0,1053592719.27,12350936087.3797
2020-08-30,0.27375,0.28389,0.27375,0.28302,0.27375,0.28389,0.27375,0.28302,82437.0,40350.0,42087.0,157541548.0,43985400.051606,78325677.5,21870245.408232,79215870.5,22115154.643374,12461011963.0,1202203314.28,12735064439.1581
2020-08-31,0.28302,0.2845,0.27804,0.28115,0.28302,0.2845,0.27804,0.28115,87673.0,40951.0,46722.0,164541572.9,46334854.982068,78014712.3,21968859.181579,86526860.6,24365995.800489,12480142354.0,1209798562.72,12678006729.118
2020-09-01,0.28115,0.29884,0.27574,0.29521,0.28116,0.29884,0.27574,0.29521,161826.0,75346.0,86480.0,292160051.6,85019226.045613,136533444.3,39722203.332893,155626607.3,45297022.71272,13124106051.0,1730740377.12,13304778880.7613
2020-09-02,0.29515,0.304,0.2622,0.27595,0.29515,0.304,0.2622,0.27595,196976.0,91337.0,105639.0,367857288.9,104193607.454721,173598911.5,49203884.795006,194258377.4,54989722.659715,12229924086.0,1985414445.11,12443862450.1768
2020-09-03,0.27594,0.2765,0.238,0.24409,0.27594,0.2765,0.238,0.24409,179191.0,84490.0,94701.0,375303316.2,98000534.91627,178836893.6,46757757.2302,196466422.6,51242777.68607,11303568995.0,1847290355.25,11098891750.433
2020-09-04,0.24404,0.26582,0.24012,0.25385,0.24392,0.26582,0.24012,0.25385,169671.0,80950.0,88721.0,347276927.6,87432536.780235,168601407.0,42449372.817965,178675520.6,44983163.96227,11211479828.0,1924234479.89,11517592373.2332
2020-09-05,0.25385,0.25951,0.231,0.23738,0.25385,0.25951,0.231,0.23738,162265.0,75876.0,86389.0,343014820.3,83561833.045509,163201549.9,39762912.002159,179813270.4,43798921.04335,10347389642.0,2160621038.28,10698811447.1253
2020-09-06,0.23737,0.24358,0.22937,0.23986,0.23737,0.24358,0.22937,0.23986,120160.0,57193.0,62967.0,245971020.2,58474242.64096,118549019.2,28160133.486801,127422001.0,30314109.154159,10567807205.0,1752405004.68,10835602512.3036
2020-09-07,0.23987,0.24292,0.22962,0.24198,0.23984,0.24292,0.22962,0.24198,103411.0,48007.0,55404.0,217149074.3,51478872.451686,101424963.6,24038305.067779,115724110.7,27440567.383907,10695796176.0,1773175897.4,10900539862.7601
2020-09-08,0.24202,0.24365,0.2312,0.23657,0.24209,0.24365,0.2312,0.23657,92056.0,43285.0,48771.0,185386436.1,43907960.315417,91866919.7,21763511.12075,93519516.4,22144449.194667,10398243793.0,1618416970.21,10656568300.7491
2020-09-09,0.23658,0.24278,0.23303,0.23901,0.23658,0.24278,0.23303,0.23901,64645.0,28107.0,36538.0,120931648.7,28868110.3727,60673609.4,14484906.074897,60258039.3,14383204.297803,10505115502.0,1203137131.27,10785112204.3713
2020-09-10,0.239,0.24871,0.23878,0.24302,0.239,0.24871,0.23878,0.24302,68510.0,32763.0,35747.0,150794017.7,36881925.995935,74680293.6,18267442.279756,76113724.1,18614483.716179,10708995809.0,1353359148.14,10961584883.0421
2020-09-11,0.24302,0.2444,0.23683,0.24252,0.243,0.2444,0.23683,0.24252,49778.0,22847.0,26931.0,102995486.8,24851112.714879,47173658.5,11379904.465721,55821828.3,13471208.249158,10731286583.0,1096662166.09,10950852982.3244
2020-09-12,0.24252,0.24879,0.24019,0.24752,0.24252,0.24879,0.24019,0.24752,46745.0,22558.0,24187.0,90026751.2,21958265.412655,45325697.8,11056234.0527,44701053.4,10902031.359955,10910546248.0,1043746082.77,11154409007.6703
2020-09-13,0.24749,0.2535,0.23757,0.24218,0.24749,0.2535,0.23757,0.24218,72773.0,34471.0,38302.0,134508183.7,32977928.093221,64995896.2,15954794.054468,69512287.5,17023134.038753,10674807849.0,1163182194.2,10883759100.8525
2020-09-14,0.24214,0.2484,0.23901,0.24564,0.24214,0.2484,0.23901,0.24564,64976.0,31201.0,33775.0,128679809.9,31519192.260207,61263918.7,15009057.050499,67415891.2,16510135.209708,10815713331.0,1195994289.89,11095132155.3784
2020-09-15,0.24562,0.2494,0.24225,0.24331,0.24562,0.2494,0.24225,0.24331,63512.0,29565.0,33947.0,123397806.3,30328603.084105,59580898.7,14646252.389534,63816907.6,15682350.694571,10708723593.0,1245531094.26,10983553363.8706
2020-09-16,0.24331,0.25117,0.2341,0.24686,0.24312,0.25117,0.2341,0.24686,76921.0,36200.0,40721.0,155437121.5,37716252.838501,77589036.1,18804816.406254,77848085.4,18911436.432247,10915114813.0,1421286454.92,11163601882.319
2020-09-17,0.24682,0.2586,0.24601,0.25214,0.24681,0.2586,0.24601,0.25214,96692.0,47206.0,49486.0,195903905.1,49350788.132887,97500979.7,24560074.804113,98402925.4,24790713.328774,11143401188.0,1735400720.99,11359386614.1232
2020-09-18,0.25208,0.25522,0.2463,0.25065,0.25208,0.25522,0.2463,0.25065,66003.0,30714.0,35289.0,123918267.6,31139489.423272,59476256.7,14947967.511508,64442010.9,16191521.911764,10975872888.0,1282349756.39,11292428408.4428
2020-09-19,0.25065,0.25497,0.24733,0.25112,0.25065,0.25497,0.24733,0.25112,51311.0,24855.0,26456.0,94380999.1,23685321.042841,46979365.4,11790365.497766,47401633.7,11894955.545075,11079450996.0,1043485054.85,11337877219.4206
2020-09-20,0.25112,0.25125,0.2423,0.24652,0.25112,0.25125,0.2423,0.24652,53886.0,26149.0,27737.0,100830684.4,24906611.324016,48975726.9,12097997.562642,51854957.5,12808613.761374,10873138816.0,1091283584.92,11113896108.3598
2020-09-21,0.24657,0.24809,0.22915,0.23102,0.24656,0.24809,0.22915,0.23102,106251.0,48868.0,57383.0,232559544.3,55501544.15145,108510451.2,25921890.704876,124049093.1,29579653.446574,10249420575.0,1718957623.47,10468793070.5235
2020-09-22,0.23104,0.23459,0.22916,0.23302,0.23106,0.23459,0.22916,0.23302,52422.0,24910.0,27512.0,113084575.2,26224389.789565,55614873.0,12897037.342249,57469702.2,13327352.447316,10258426842.0,1019583830.63,10526490794.907
2020-09-23,0.23301,0.2352,0.22017,0.22164,0.23301,0.2352,0.22017,0.22164,66307.0,31065.0,35242.0,148246113.4,34012112.732716,72284088.4,16599115.015232,75962025.0,17412997.717484,9794801331.0,1646803535.38,9976501614.77838
2020-09-24,0.22164,0.23401,0.21944,0.23276,0.22164,0.23401,0.21944,0.23276,78138.0,38022.0,40116.0,173682650.7,39352163.147503,85082826.8,19274706.145667,88599823.9,20077457.001836,10279977003.0,1937069766.41,10503396315.990017
2020-09-25,0.23277,0.24477,0.2295,0.24154,0.23273,0.24477,0.2295,0.24154,89555.0,39095.0,50460.0,146717481.1,34780905.367382,74440639.3,17651851.363484,72276841.8,17129054.003898,10685095572.0,1770527280.11,10910028142.4551
2020-09-26,0.24154,0.24568,0.23764,0.24153,0.24154,0.24568,0.23764,0.24153,56585.0,26503.0,30082.0,113365429.6,27432232.220307,53841371.7,13028234.180989,59524057.9,14403998.039318,10660167478.0,1589059310.98,10920765622.537945
2020-09-27,0.24147,0.24474,0.23729,0.24334,0.24145,0.24474,0.23729,0.24334,46122.0,22400.0,23722.0,91772023.9,22146900.091589,45724539.7,11036611.053777,46047484.2,11110289.037812,10652087526.0,1388129507.07,10947604292.048368
2020-09-28,0.24329,0.24851,0.23979,0.24107,0.24335,0.24851,0.23979,0.24107,57603.0,27811.0,29792.0,121590934.4,29741294.957383,60122172.3,14710492.273017,61468762.1,15030802.684366,10708225181.0,1722817156.49,10916733254.607126
2020-09-29,0.2411,0.24662,0.2383,0.24285,0.24105,0.24662,0.2383,0.24285,54577.0,25719.0,28858.0,109204653.3,26469745.144946,52695941.3,12771963.861662,56508712.0,13697781.283284,10734045989.0,1630882290.75,10976092169.161629
2020-09-30,0.24286,0.24289,0.2375,0.24171,0.24286,0.24289,0.2375,0.24171,46695.0,22341.0,24354.0,101266167.8,24347238.787406,48169800.6,11581709.671482,53096367.2,12765529.115924,10666847069.0,1571088309.77,10913203938.6673
2020-10-01,0.24172,0.24452,0.23372,0.23819,0.24174,0.24452,0.23372,0.23819,59412.0,27937.0,31475.0,127335773.7,30495397.259874,61149206.7,14655349.322267,66186567.0,15840047.937607,10501060076.0,1725071846.03,10759891552.583754
2020-10-02,0.23813,0.23937,0.22829,0.23386,0.23808,0.23937,0.22829,0.23386,67598.0,31792.0,35806.0,146884020.3,34176222.851323,70386577.6,16377928.383083,76497442.7,17798294.46824,10312241967.0,1849001295.52,10573305365.063189
2020-10-03,0.23387,0.23499,0.23254,0.23273,0.23388,0.23499,0.23254,0.23273,31364.0,16596.0,14768.0,59902666.5,13997096.9467,29877861.4,6981141.291898,30024805.1,7015955.654802,10289418934.0,1261839176.46,10520051301.88238
2020-10-04,0.23274,0.25024,0.23159,0.24794,0.23274,0.25024,0.23159,0.24794,70298.0,35023.0,35275.0,157014929.5,37951261.265445,84277946.6,20374544.237617,72736982.9,17576717.027828,10950283436.0,1885456461.75,11186060597.612612
2020-10-05,0.24794,0.25442,0.24628,0.2503,0.24789,0.25442,0.24628,0.2503,103132.0,49966.0,53166.0,228844024.4,57235368.600163,114759532.0,28705184.736328,114084492.4,28530183.863835,10978357982.0,2159900755.45,11327476372.691938
2020-10-06,0.25034,0.25932,0.24021,0.24545,0.25041,0.25932,0.24021,0.24545,152296.0,73052.0,79244.0,378003616.4,94929219.472188,184780451.1,46432903.820834,193223165.3,48496315.651354,10830514106.0,3068832280.56,11080168289.029102
2020-10-07,0.24549,0.25141,0.24077,0.2487,0.24552,0.25141,0.24077,0.2487,73422.0,35094.0,38328.0,177097434.2,43649107.300601,87023326.8,21451869.705358,90074107.4,22197237.595243,10954141261.0,1894313446.83,11224598913.812586
2020-10-08,0.24871,0.25297,0.24206,0.25141,0.24872,0.25297,0.24206,0.25141,83606.0,40286.0,43320.0,197900153.1,49015452.564364,98108621.5,24313486.330839,99791531.6,24701966.233525,11082278199.0,1984994731.32,11356288255.780188
2020-10-09,0.25141,0.25665,0.24935,0.25293,0.25128,0.25665,0.24935,0.25293,86539.0,43279.0,43260.0,192476557.6,48500548.309277,95399799.0,24044242.814059,97076758.6,24456305.495218,11178051112.0,2104833280.6,11448242391.1727
2020-10-10,0.25293,0.26071,0.25265,0.25402,0.25288,0.26071,0.25265,0.25402,74502.0,36074.0,38428.0,165954957.2,42523830.303293,79628273.9,20407357.070713,86326683.3,22116473.23258,11240647325.0,1957706163.75,11484360136.813892
2020-10-11,0.25401,0.25842,0.25321,0.25544,0.25402,0.25842,0.25321,0.25544,58167.0,28584.0,29583.0,129208149.4,33068068.215823,63475090.7,16247005.200767,65733058.7,16821063.015056,11250897087.0,1851962085.97,11548868315.397406
2020-10-12,0.25545,0.25826,0.24732,0.25603,0.25545,0.25826,0.24732,0.25603,92070.0,44616.0,47454.0,225658413.6,57452750.353896,110525462.1,28137725.450218,115132951.5,29315024.903678,11276286505.0,2117892927.89,11581733743.47534
2020-10-13,0.25602,0.25997,0.25267,0.2565,0.2559,0.25997,0.25267,0.2565,95384.0,45966.0,49418.0,232496747.4,59570256.079706,115477368.1,29594269.634612,117019379.3,29975986.445094,11318162239.0,2098212017.56,11595093664.820637
2020-10-14,0.25658,0.2584,0.24593,0.24906,0.25658,0.2584,0.24593,0.24906,92215.0,44326.0,47889.0,200090976.7,50509873.509913,98049712.4,24748217.094883,102041264.3,25761656.41503,10975509441.0,1954936434.45,11284082016.773092
2020-10-15,0.24906,0.25014,0.24287,0.24596,0.24906,0.25014,0.24287,0.24596,73706.0,35846.0,37860.0,157801611.0,38896100.048339,77104996.7,19004963.326938,80696614.3,19891136.721401,10840527073.0,1652788746.51,11125383615.142073
2020-10-16,0.24584,0.24787,0.2375,0.24011,0.24584,0.24787,0.2375,0.24011,64397.0,30408.0,33989.0,149640393.0,36128367.830974,72268026.1,17446535.562377,77372366.9,18681832.268597,10603700591.0,1656312546.61,10879589586.902975
2020-10-17,0.24014,0.24329,0.23853,0.24057,0.24014,0.24329,0.23853,0.24057,35044.0,17194.0,17850.0,76204228.7,18367534.830073,35256019.5,8500188.560389,40948209.2,9867346.269684,10619108878.0,1173505924.56,10901642738.575356
2020-10-18,0.24059,0.24362,0.24005,0.24221,0.24059,0.24362,0.24005,0.24221,29248.0,14613.0,14635.0,59622713.2,14427329.696737,29363165.0,7105256.780808,30259548.2,7322072.915929,10674320873.0,1238720801.76,10960191725.39062
2020-10-19,0.2422,0.24945,0.24011,0.24558,0.24219,0.24945,0.24011,0.24558,67118.0,33024.0,34094.0,144261234.7,35439791.433392,70689605.6,17366066.284985,73571629.1,18073725.148407,10877785414.0,1435700560.29,11129415716.414549
2020-10-20,0.24557,0.25039,0.2411,0.24322,0.24556,0.25039,0.2411,0.24322,72984.0,34040.0,38944.0,142586108.2,34925003.950024,65935247.1,16152498.604432,76650861.1,18772505.345592,10762458264.0,1526376279.21,11021199802.708344
2020-10-21,0.24324,0.25555,0.24249,0.25088,0.24324,0.25555,0.24249,0.25088,103004.0,51880.0,51124.0,213403919.3,53312284.345912,105870533.1,26460881.162909,107533386.2,26851403.183003,11092902640.0,2306399542.96,11385086697.292406
2020-10-22,0.2508,0.26357,0.25077,0.25709,0.25081,0.26357,0.25077,0.25709,128007.0,63533.0,64474.0,262479836.1,67897774.180178,131552123.6,34030653.261396,130927712.5,33867120.918782,11289573918.0,2827483708.44,11620035568.94094
2020-10-23,0.25703,0.25921,0.25005,0.25471,0.25703,0.25921,0.25005,0.25471,68054.0,32539.0,35515.0,145732428.5,37255585.126815,70013470.4,17898111.065494,75718958.1,19357474.061321,11233916162.0,2125734862.76,11532775250.208609
2020-10-24,0.25472,0.25763,0.25253,0.2562,0.25472,0.25763,0.25253,0.2562,38535.0,18702.0,19833.0,71861131.8,18346177.888177,33889003.4,8651736.956256,37972128.4,9694440.931921,11281705243.0,1590424951.78,11602995674.249342
2020-10-25,0.2562,0.25714,0.25105,0.25313,0.2562,0.25714,0.25105,0.25313,37225.0,17672.0,19553.0,70096933.8,17779246.308911,32697128.7,8293440.830847,37399805.1,9485805.478064,11162738788.0,1484930708.59,11457404249.950085
2020-10-26,0.25313,0.2591,0.24341,0.2481,0.25314,0.2591,0.24341,0.2481,73736.0,34124.0,39612.0,153008505.9,38536423.228923,69995188.1,17646706.867095,83013317.8,20889716.361828,10984596712.0,2390566064.82,11257120780.490328
2020-10-27,0.24811,0.25398,0.24743,0.25273,0.24811,0.25398,0.24743,0.25273,57599.0,28145.0,29454.0,125197583.4,31443533.490029,62213150.7,15627661.849377,62984432.7,15815871.640652,11118054552.0,2273574015.47,11447769074.00162
2020-10-28,0.25273,0.25666,0.2444,0.2454,0.25273,0.25666,0.2444,0.2454,78343.0,35727.0,42616.0,152758067.2,38044417.438282,73681736.3,18350323.749712,79076330.9,19694093.68857,10874413335.0,2375598739.38,11129335087.905058
2020-10-29,0.2454,0.24702,0.2396,0.24239,0.24532,0.24702,0.2396,0.24239,61900.0,29940.0,31960.0,127858202.6,31205978.45702,61825441.8,15099394.327746,66032760.8,16106584.129274,10710446164.0,5451698743.23,10967740783.514936
2020-10-30,0.24232,0.24402,0.23057,0.23905,0.24232,0.24402,0.23057,0.23905,71272.0,34470.0,36802.0,133423159.8,31703289.82017,64088260.1,15235583.866984,69334899.7,16467705.953186,10563067782.0,2364402263.38,10831358981.414558
2020-10-31,0.23906,0.24351,0.23743,0.23968,0.23906,0.24351,0.23743,0.23968,45714.0,23313.0,22401.0,84576060.9,20324011.512796,42820302.1,10288873.500436,41755758.8,10035138.01236,10592500716.0,2100764094.14,10856735912.242302
2020-11-01,0.2396,0.24138,0.23648,0.23999,0.2396,0.24138,0.23648,0.23999,35711.0,17316.0,18395.0,64775047.6,15489254.777157,32307006.4,7722856.877635,32468041.2,7766397.899522,10574333841.0,1855741695.95,10859147268.257517
2020-11-02,0.23999,0.2452,0.23264,0.23523,0.24,0.2452,0.23264,0.23523,63023.0,30542.0,32481.0,130300920.1,30969679.633886,64348483.5,15292544.978611,65952436.6,15677134.655275,10379265171.0,2412875797.55,10660940810.12652
2020-11-03,0.23526,0.24425,0.22772,0.2396,0.23526,0.24425,0.22772,0.2396,97518.0,48351.0,49167.0,213624345.8,50432667.449816,111803818.9,26411583.586167,101820526.9,24021083.863649,10621276155.0,3052524907.46,10846131389.302843
2020-11-04,0.2396,0.24045,0.23213,0.23758,0.2396,0.24045,0.23213,0.23758,81832.0,41215.0,40617.0,175258053.1,41444809.320879,92062904.1,21772152.783898,83195149.0,19672656.536981,10506482865.0,3335786073.59,10768360114.790203
2020-11-05,0.23759,0.24743,0.23712,0.24561,0.23759,0.24743,0.23712,0.24561,106711.0,56085.0,50626.0,220616913.3,53398705.87834,113374466.2,27441878.699546,107242447.1,25956827.178794,10828851486.0,2949508994.55,11129902602.560291
2020-11-06,0.24569,0.2614,0.24508,0.25863,0.24569,0.2614,0.24508,0.25863,145458.0,72841.0,72617.0,289253502.7,73660073.770537,145639623.8,37102421.748163,143613878.9,36557652.022374,11448956993.0,3282591092.09,11710770062.499935
2020-11-07,0.2586,0.26733,0.24419,0.2491,0.25859,0.26733,0.24419,0.2491,142250.0,67946.0,74304.0,263707018.0,67744770.59906,122403812.4,31440971.356961,141303205.6,36303799.242099,11001928794.0,3395345984.49,11309192154.09268
2020-11-08,0.24913,0.25701,0.24724,0.25374,0.24913,0.25701,0.24724,0.25374,67626.0,33314.0,34312.0,119757768.6,30293017.54379,60089102.4,15201030.694608,59668666.2,15091986.849182,11197269032.0,2364742335.77,11506594736.946142
2020-11-09,0.25368,0.2562,0.24557,0.25059,0.25368,0.2562,0.24557,0.25059,92547.0,45272.0,47275.0,161129039.0,40400329.700759,81366512.8,20401653.727799,79762526.2,19998675.97296,11057477871.0,3079413902.64,11362000766.59982
2020-11-10,0.25058,0.265,0.24806,0.2538,0.25058,0.265,0.24806,0.2538,133493.0,66353.0,67140.0,250018160.4,64042649.826889,122793345.0,31438164.046554,127224815.4,32604485.780335,11263434342.0,3488798458.0,11505347386.788982
2020-11-11,0.25379,0.26,0.25209,0.25581,0.25379,0.26,0.25209,0.25581,86596.0,42884.0,43712.0,155421758.6,39896988.270745,77815731.2,19977888.184366,77606027.4,19919100.086379,11301322425.0,2811079098.61,11611751579.30805
2020-11-12,0.25581,0.25818,0.2525,0.2549,0.25581,0.25818,0.2525,0.2549,82041.0,44133.0,37908.0,139776053.7,35653157.512493,71975105.5,18358544.905964,67800948.2,17294612.606529,11234181072.0,2443233107.64,11550299326.206984
2020-11-13,0.2549,0.2659,0.2535,0.2659,0.2549,0.2659,0.2535,0.2659,106397.0,53677.0,52720.0,193021203.1,50106120.77904,97816628.3,25406478.307488,95204574.8,24699642.471552,11658062304.0,2989109716.96,12020596203.745165
2020-11-14,0.26587,0.2777,0.26128,0.26824,0.26583,0.2777,0.26128,0.26824,175611.0,84879.0,90732.0,319194414.6,85844084.31263,160093649.6,43074866.106644,159100765.0,42769218.205986,11852165695.0,4433908910.71,12163467828.266062
2020-11-15,0.26829,0.27677,0.26405,0.26954,0.26829,0.27677,0.26405,0.26954,127430.0,63089.0,64341.0,224828544.8,61029873.409176,111016528.8,30151489.22238,113812016.0,30878384.186796,11911609461.0,3613774298.49,12222354606.184477
2020-11-16,0.26957,0.28998,0.26737,0.28813,0.26957,0.28998,0.26737,0.28813,165326.0,84495.0,80831.0,321242912.3,89951174.769696,166732049.3,46692014.473307,154510863.0,43259160.296389,12736764014.0,4105697051.3,12942110144.060917
2020-11-17,0.28814,0.305,0.28722,0.30247,0.28814,0.305,0.28722,0.30247,263442.0,134706.0,128736.0,529073040.7,158066984.773729,278437120.2,83223356.567867,250635920.5,74843628.205862,13350934527.0,6002566534.77,13707610373.6767
2020-11-18,0.30247,0.30818,0.28055,0.29335,0.30247,0.30818,0.28055,0.29335,253075.0,124069.0,129006.0,488657752.7,143882251.992721,245796076.2,72432491.153922,242861676.5,71449760.838799,12968829723.0,5684799554.18,13336525349.635391
2020-11-19,0.29333,0.30659,0.284,0.30358,0.29333,0.30659,0.284,0.30358,196616.0,101901.0,94715.0,361076482.2,107051451.94677,196294481.7,58310518.108579,164782000.5,48740933.838191,13281267513.0,5230574728.38,13769136634.318945
2020-11-20,0.30356,0.33091,0.29679,0.32991,0.30356,0.33091,0.29679,0.32991,248431.0,129374.0,119057.0,484828433.3,151151000.068398,257045666.5,80126829.299051,227782766.8,71024170.769347,14428523556.0,6283633941.68,14870727963.446424
2020-11-21,0.32993,0.4695,0.32929,0.46283,0.3299,0.4695,0.32929,0.46283,919964.0,461490.0,458474.0,1667089858.1,665185391.442565,849418935.7,338913175.473883,817670922.4,326272215.968682,20367906537.0,16206296041.16,20775895361.257893
2020-11-22,0.46283,0.49659,0.40155,0.44611,0.46283,0.49659,0.40155,0.44611,1109860.0,553520.0,556340.0,1873986909.8,840784017.987635,930211844.0,417635905.151602,943775065.8,423148112.836033,19916986530.0,19097682286.03,20112122023.92792
2020-11-23,0.44592,0.61984,0.43232,0.61579,0.44608,0.61984,0.43232,0.61579,1136923.0,571841.0,565082.0,1851054399.6,962347929.293642,934145661.5,485918677.390067,916908738.1,476429251.903575,26659324363.0,20715303967.92,27842882654.887413
2020-11-24,0.61562,0.78068,0.56777,0.694,0.61558,0.78068,0.56777,0.694,2022797.0,1024408.0,998389.0,2884741162.1,1926961549.00475,1441536412.4,963641522.134697,1443204749.7,963320026.871582,30951984611.0,32826193387.8,31385647147.60113
2020-11-25,0.69399,0.725,0.58405,0.63022,0.69387,0.725,0.58405,0.63022,1208568.0,596554.0,612014.0,1690578550.2,1118433083.08835,829271854.0,549376323.084482,861306696.2,569056760.003226,28149989187.0,23569614497.99,28818036071.409245
2020-11-26,0.63024,0.652,0.456,0.53654,0.63014,0.652,0.456,0.53654,1396355.0,700941.0,695414.0,2334291327.2,1245423133.08217,1153257694.3,616080440.840402,1181033632.9,629342692.241759,23473427038.0,23673915793.17,24171460090.04543
2020-11-27,0.53649,0.58669,0.50345,0.5623,0.53642,0.58669,0.50345,0.5623,876007.0,443424.0,432583.0,1241200699.6,673153678.076203,621553301.1,337251320.9109,619647398.5,335902357.165303,24376406191.0,18713160692.4,25361792213.463177
2020-11-28,0.5625,0.64888,0.5387,0.62579,0.56237,0.64888,0.5387,0.62579,840281.0,415058.0,425223.0,1276241318.5,765827539.010403,636975761.8,382872357.856141,639265556.7,382955181.154262,27989538058.0,17173561815.2,28370848654.35165
2020-11-29,0.62573,0.637,0.58285,0.60543,0.6255,0.637,0.58285,0.60543,664082.0,337172.0,326910.0,857628664.8,524064378.113816,433775873.6,265196487.47703,423852791.2,258867890.636786,26796065315.0,15391721338.94,27492190917.67626
2020-11-30,0.60543,0.6791,0.59881,0.66417,0.60543,0.6791,0.59881,0.66417,752946.0,378108.0,374838.0,1178919882.3,753345635.265384,579236095.3,370260926.42268,599683787.0,383084708.842704,29607813144.0,17398359052.64,30117263915.70465
2020-12-01,0.66378,0.681,0.56401,0.61088,0.66379,0.681,0.56401,0.61088,737330.0,360466.0,376864.0,1075049125.0,686847842.126497,515091248.2,329232253.133672,559957876.8,357615588.992825,27075673894.0,16985355820.33,27786451402.354984
2020-12-02,0.6113,0.6368,0.59455,0.62972,0.6113,0.6368,0.59455,0.62972,406660.0,205201.0,201459.0,593876086.8,365585853.26122,296166412.8,182448058.96275,297709674.0,183137794.29847,27917789987.0,12874875863.45,28555757296.38708
2020-12-03,0.62969,0.6418,0.6149,0.63046,0.62963,0.6418,0.6149,0.63046,265747.0,132179.0,133568.0,392655662.9,246271840.092999,194955973.1,122306565.736244,197699689.8,123965274.356755,27815096281.0,9884297218.63,28627830442.4156
2020-12-04,0.63046,0.6342,0.54253,0.55367,0.63046,0.6342,0.54253,0.55367,473967.0,229354.0,244613.0,662141348.0,389782264.85841,313877426.6,184768216.410477,348263921.4,205014048.447933,24732543286.0,9629062989.47,25263077880.32509
2020-12-05,0.55355,0.59628,0.54833,0.58517,0.55354,0.59628,0.54833,0.58517,344094.0,165235.0,178859.0,432888774.1,250932396.48905,215594448.8,125005515.207186,217294325.3,125926881.281864,25577401154.0,8565677726.18,26494306275.88148
2020-12-06,0.58516,0.62801,0.57907,0.62107,0.58517,0.62801,0.57907,0.62107,515459.0,261233.0,254226.0,639023167.7,387889035.538819,323152179.8,196224866.590064,315870987.9,191664168.948755,27372765768.0,10280250882.39,28100510377.077766
2020-12-07,0.62096,0.624,0.59084,0.60818,0.62103,0.624,0.59084,0.60818,288996.0,144470.0,144526.0,386644252.1,235094193.699529,188823042.6,114793640.625712,197821209.5,120300553.073817,26885017518.0,7718537439.69,27605614509.29853
2020-12-08,0.60822,0.61048,0.55,0.5589,0.60812,0.61048,0.55,0.5589,396399.0,192682.0,203717.0,500942717.0,293197052.256611,236011231.7,138050370.241557,264931485.3,155146682.015054,24678002123.0,8302771171.77,25345915392.64588
2020-12-09,0.55897,0.60544,0.50383,0.58265,0.55897,0.60544,0.50383,0.58265,670626.0,345662.0,324964.0,927273510.3,510964260.483071,472366279.6,260404343.506099,454907230.7,250559916.976972,25811196493.0,12648574699.69,26468599510.32069
2020-12-10,0.58284,0.58848,0.55318,0.57267,0.58284,0.58848,0.55318,0.57267,481857.0,241969.0,239888.0,558676539.1,319869975.206341,275125206.2,157552115.172461,283551332.9,162317860.03388,25447596137.0,9695432997.11,25986225091.12954
2020-12-11,0.57267,0.58697,0.52594,0.54945,0.57267,0.58697,0.52594,0.54945,631463.0,307724.0,323739.0,952325951.7,529070040.377017,481173581.5,267204042.700556,471152370.2,261865997.676461,23935103523.0,10708202570.49,24812540805.247726
2020-12-12,0.54847,0.55102,0.48521,0.50658,0.5493,0.55102,0.48521,0.50658,800722.0,416721.0,384001.0,997933196.6,515199855.292531,491359870.1,253971378.181627,506573326.5,261228477.110904,22571439686.0,10925057158.08,22992625206.824287
2020-12-13,0.50658,0.5278,0.4855,0.51365,0.50624,0.5278,0.4855,0.51365,400328.0,194169.0,206159.0,602985171.9,307920815.128821,293052971.1,149731183.543698,309932200.8,158189631.585123,22535885248.0,8534780504.47,23222510728.93845
2020-12-14,0.51366,0.51852,0.48901,0.4974,0.51354,0.51852,0.48901,0.4974,273936.0,135290.0,138646.0,375701995.0,188157111.950966,179094349.0,89684588.706922,196607646.0,98472523.244044,22060778599.0,7110439195.74,22598131537.49028
2020-12-15,0.49737,0.50715,0.46433,0.46793,0.49748,0.50715,0.46433,0.46793,346976.0,172960.0,174016.0,514053464.1,247959761.427087,244263475.4,117852527.455337,269789988.7,130107233.97175,20642516622.0,9052977849.32,21326732024.75665
2020-12-16,0.46793,0.57477,0.43722,0.56941,0.46789,0.57477,0.43722,0.56941,783100.0,390690.0,392410.0,1249912571.2,618850157.504063,612387564.4,304184386.466032,637525006.8,314665771.038031,23983830349.0,15158282218.05,25817986326.70499
2020-12-17,0.56938,0.65852,0.5358,0.5769,0.569,0.65852,0.5358,0.5769,1218958.0,604563.0,614395.0,1801379927.6,1061411734.89566,886397161.6,522843564.330024,914982766.0,538568170.56562,25510732356.0,21429914951.25,26183450958.200645
2020-12-18,0.57685,0.61346,0.55101,0.58337,0.57667,0.61346,0.55101,0.58337,691560.0,337355.0,354205.0,970255895.5,562936094.726901,471741906.6,273899593.039061,498513988.9,289036501.68784,25541305327.0,14936843250.33,26528677892.29734
2020-12-19,0.58335,0.60377,0.56588,0.57666,0.58343,0.60377,0.56588,0.57666,412482.0,205193.0,207289.0,614731783.6,358870636.706041,307153637.2,179327688.459319,307578146.4,179542948.246722,25555143414.0,11188586674.48,26296322780.56676
2020-12-20,0.57692,0.58658,0.5287,0.55586,0.57672,0.58658,0.5287,0.55586,372634.0,179774.0,192860.0,544352722.1,310455066.216071,260481080.2,148709545.84475,283871641.9,161745520.371321,24762459334.0,9611613769.78,25247252304.50618
2020-12-21,0.55576,0.56935,0.49825,0.51445,0.55561,0.56935,0.49825,0.51445,382588.0,188173.0,194415.0,593235772.1,317815563.941486,286234002.7,153504630.62217,307001769.4,164310933.319316,23118382471.0,9852685075.4,23471317699.31655
2020-12-22,0.51469,0.52213,0.40215,0.44642,0.51459,0.52213,0.40215,0.44642,930642.0,463562.0,467080.0,1509931701.2,702363072.807373,737052517.1,343285501.842753,772879184.1,359077570.96462,19537950926.0,15134323976.49,20361343190.63529
2020-12-23,0.44636,0.44842,0.21164,0.2605,0.44621,0.44842,0.21164,0.2605,2197549.0,1059823.0,1137726.0,4553848887.4,1486807317.11834,2182172929.1,713226594.521578,2371675958.3,773580722.598484,12018702674.0,19793483655.77,11741555006.33799
2020-12-24,0.2605,0.3778,0.24003,0.33863,0.26024,0.3778,0.24003,0.33863,1645761.0,827850.0,817911.0,3822010234.7,1078318896.97006,1941501757.5,548998828.534879,1880508477.2,529320068.43474,15332131981.0,16742652288.92,15338322460.24702
2020-12-25,0.33865,0.3855,0.2797,0.31768,0.33878,0.3855,0.2797,0.31768,1552013.0,767313.0,784700.0,3342216004.0,1115617187.9702,1657818052.6,553984490.884771,1684397951.4,561632697.085362,13678266926.0,16321189803.98,14442592186.513865
2020-12-26,0.3179,0.32723,0.28303,0.29481,0.31778,0.32723,0.28303,0.29481,796952.0,390510.0,406442.0,1685723998.7,514901209.79865,837327976.4,256020985.009085,848396022.3,258880224.789565,12977536875.0,9984475080.75,13381179323.209602
2020-12-27,0.29484,0.312,0.266,0.28407,0.29472,0.312,0.266,0.28407,675084.0,332496.0,342588.0,1453625832.0,422815733.678889,724651546.4,210890535.027499,728974285.6,211925198.65139,12746324756.0,9250325477.88,12851124973.128908
2020-12-28,0.28401,0.31,0.2341,0.24845,0.28405,0.31,0.2341,0.24845,654614.0,316112.0,338502.0,1547274302.2,427264401.087717,732618704.4,202732311.656081,814655597.8,224532089.431636,10717988837.0,8389871765.35,11258302527.22347
2020-12-29,0.24832,0.25167,0.17351,0.22142,0.24835,0.25167,0.17351,0.22142,1735386.0,859155.0,876231.0,4215576309.2,912641375.416483,2071570644.6,448957356.519486,2144005664.6,463684018.896997,9558050553.0,12970077098.22,10032565433.146175
2020-12-30,0.22142,0.23665,0.19186,0.21138,0.22141,0.23665,0.19186,0.21138,1059155.0,525284.0,533871.0,2578637039.1,545797740.259575,1291056683.3,273384168.600726,1287580355.8,272413571.658849,9319037482.0,8894036560.09,9617853651.824615
2020-12-31,0.21133,0.22949,0.20521,0.21959,0.21134,0.22949,0.20521,0.21959,570174.0,286808.0,283366.0,1391876889.9,302605100.002844,692175034.9,150547799.146972,699701855.0,152057300.855872,9828153561.0,5363979601.22,9981874642.61921
2021-01-01,0.21953,0.25,0.216,0.23746,0.21952,0.25,0.216,0.23746,652631.0,335204.0,317427.0,1490489727.4,351730366.621461,757643334.4,178883309.527251,732846393.0,172847057.09421,10459726795.0,5888429287.11,10780931627.255676
2021-01-02,0.2374,0.23823,0.21084,0.22064,0.23746,0.23823,0.21084,0.22064,457387.0,227629.0,229758.0,1134029208.3,256890338.077948,554254939.3,125566214.946076,579774269.0,131324123.131872,9716076504.0,4773658725.19,10064026551.104263
2021-01-03,0.22064,0.23852,0.215,0.2254,0.22064,0.23852,0.215,0.2254,476694.0,239730.0,236964.0,1178158964.4,263559996.334464,592251558.5,132569812.461352,585907405.9,130990183.873112,10031052613.0,5109898871.42,10254417776.80276
2021-01-04,0.2254,0.26091,0.218,0.23565,0.22527,0.26091,0.218,0.23565,641712.0,321613.0,320099.0,1518296110.4,355687350.480361,757732126.1,177685964.791882,760563984.3,178001385.688479,10351182598.0,6141918380.17,10746094507.999727
2021-01-05,0.23568,0.24269,0.21774,0.22573,0.23578,0.24269,0.21774,0.22573,453045.0,224343.0,228702.0,1184439077.1,271653748.912711,575995253.1,132163077.282364,608443824.0,139490671.630347,9948216815.0,5378491929.29,10295369035.413813
2021-01-06,0.22577,0.2745,0.22139,0.24854,0.2258,0.2745,0.22139,0.24854,702825.0,359641.0,343184.0,1776262975.4,429156673.649992,906783717.4,219288921.988838,869479258.0,209867751.661154,11042339440.0,7552726810.44,11391651582.061646
2021-01-07,0.24856,0.37,0.2453,0.32389,0.2487,0.37,0.2453,0.32389,1803983.0,903955.0,900028.0,3863585524.3,1218860817.91307,1959112879.9,617878768.300692,1904472644.4,600982049.611686,14052451689.0,15955049239.63,14801803204.921062
2021-01-08,0.32389,0.3467,0.28487,0.32032,0.32391,0.3467,0.28487,0.32032,892278.0,448833.0,443445.0,2029015562.5,642118744.307826,1008791829.5,319549251.688014,1020223733.0,322569492.619812,13910238963.0,9825829516.38,14675925484.653404
2021-01-09,0.32049,0.3395,0.30523,0.32419,0.32033,0.3395,0.30523,0.32419,536896.0,267998.0,268898.0,1177910308.9,378279817.306759,583696256.0,187554326.955548,594214052.9,190725490.351211,14503898600.0,7184429144.91,14843313423.838371
2021-01-10,0.32419,0.368,0.28708,0.31491,0.32428,0.368,0.28708,0.31491,795387.0,395260.0,400127.0,1717325406.4,567099789.194815,850129329.5,281043372.489524,867196076.9,286056416.705291,13890697771.0,9647740012.28,14453755388.352276
2021-01-11,0.31487,0.31627,0.25343,0.28743,0.31487,0.31627,0.25343,0.28743,879914.0,436818.0,443096.0,1978427132.4,553944535.047912,969931261.6,271640783.100068,1008495870.8,282303751.947844,12604119881.0,9787288502.54,13117452413.857552
2021-01-12,0.28742,0.31003,0.27743,0.29254,0.28737,0.31003,0.27743,0.29254,500738.0,250180.0,250558.0,1100343591.0,323719332.688381,546798325.7,160946701.936587,553545265.3,162772630.751794,12739569835.0,6557418313.62,13263566886.863392
2021-01-13,0.29241,0.31,0.2848,0.30582,0.29245,0.31,0.2848,0.30582,377195.0,192064.0,185131.0,764981853.9,227883371.965583,388130063.9,115682562.131546,376851790.0,112200809.834037,13494142708.0,4831812051.28,13874553414.057388
2021-01-14,0.3057,0.309,0.28334,0.29642,0.3057,0.309,0.28334,0.29642,386477.0,195650.0,190827.0,887903603.5,262513956.21671,447269366.2,132234525.627272,440634237.3,130279430.589438,12969980180.0,5277189444.0,13414071297.72611
2021-01-15,0.29648,0.30337,0.261,0.27991,0.2965,0.30337,0.261,0.27991,364353.0,179198.0,185155.0,844991903.5,240600936.030388,405119792.6,115502298.750689,439872110.9,125098637.279699,12236571554.0,4955409029.29,12731539390.993313
2021-01-16,0.27987,0.29666,0.27503,0.27924,0.27996,0.29666,0.27503,0.27924,316456.0,160725.0,155731.0,749907244.4,213356467.698998,380808277.9,108386062.668611,369098966.5,104970405.030387,12379236866.0,4116256006.91,12721680325.523476
2021-01-17,0.2792,0.28572,0.26846,0.27746,0.2792,0.28572,0.26846,0.27746,231989.0,116672.0,115317.0,543053977.8,150338386.635075,267977405.8,74205853.842566,275076572.0,76132532.792509,12329450220.0,3488557208.01,12594335138.243153
2021-01-18,0.27741,0.28875,0.27144,0.28528,0.27741,0.28875,0.27144,0.28528,242097.0,120029.0,122068.0,536544377.1,151122037.34263,264756298.4,74579307.845267,271788078.7,76542729.497363,12524842013.0,3239112861.45,12929668503.959078
2021-01-19,0.28529,0.33,0.28396,0.29396,0.28529,0.33,0.28396,0.29396,497708.0,247642.0,250066.0,1267033309.6,385029745.38853,628072323.9,190940128.808396,638960985.7,194089616.580134,13130985669.0,5583136814.5,13363027568.889671
2021-01-20,0.29395,0.31184,0.28,0.29539,0.29418,0.31184,0.28,0.29539,371408.0,184814.0,186594.0,850365454.5,247845672.785467,416598221.7,121483094.282338,433767232.8,126362578.503129,12994548053.0,4528341598.21,13463112368.957293
2021-01-21,0.29553,0.30797,0.25992,0.26802,0.29567,0.30797,0.25992,0.26802,421583.0,205987.0,215596.0,921433965.4,261379757.938529,437639352.5,124248795.0619,483794612.9,137130962.876629,11872474754.0,4453463443.36,12211250678.406933
2021-01-22,0.26786,0.27826,0.24021,0.27217,0.26786,0.27826,0.24021,0.27217,329446.0,170213.0,159233.0,799861140.3,212058886.99997,405020564.7,107506135.575263,394840575.6,104552751.424707,12030051079.0,4501765714.33,12386155166.909834
2021-01-23,0.27216,0.28356,0.26545,0.27167,0.27216,0.28356,0.26545,0.27167,195769.0,99258.0,96511.0,446546595.4,122131855.331534,222009758.7,60719849.815501,224536836.7,61412005.516033,11948409668.0,3018882841.38,12341790397.92694
2021-01-24,0.27169,0.27798,0.26804,0.27339,0.27169,0.27798,0.26804,0.27339,156175.0,78587.0,77588.0,353391385.9,96574389.387948,173178243.0,47328388.189743,180213142.9,49246001.198205,12061622722.0,2472431874.99,12418387933.00315
2021-01-25,0.27335,0.285,0.26679,0.26757,0.27336,0.285,0.26679,0.26757,214800.0,106342.0,108458.0,483145818.4,133188951.448691,236342447.7,65195938.719439,246803370.7,67993012.729252,11869761653.0,2925493997.19,12217714233.2147
2021-01-26,0.26751,0.27095,0.258,0.26834,0.26749,0.27095,0.258,0.26834,169463.0,83681.0,85782.0,383692292.1,101956457.832435,180460334.0,47961394.996731,203231958.1,53995062.835704,11834020266.0,2790821503.11,12205812184.4594
2021-01-27,0.26837,0.26871,0.24388,0.25039,0.26837,0.26871,0.24388,0.25039,208679.0,103264.0,105415.0,468085255.1,119454680.469665,220261041.3,56215704.782885,247824213.8,63238975.68678,11073619588.0,2940937078.98,11439248737.61861
2021-01-28,0.25058,0.27,0.24699,0.26407,0.25058,0.27,0.24699,0.26407,208762.0,108868.0,99894.0,496218434.0,128796097.246275,254317819.9,66027735.906474,241900614.1,62768361.339801,11838340705.0,2793379610.88,11992206363.03
2021-01-29,0.26413,0.31724,0.25915,0.2829,0.26413,0.31724,0.25915,0.2829,725747.0,368180.0,357567.0,1695844598.8,482447395.073534,848696885.4,241602066.65521,847147713.4,240845328.418324,12447419299.0,8031899348.05,12812456127.64
2021-01-30,0.2829,0.5178,0.278,0.44372,0.28291,0.5178,0.278,0.44372,2525559.0,1306785.0,1218774.0,5872830448.0,2280599179.35019,3000822383.0,1165945613.12065,2872008065.0,1114653566.24185,18538461737.0,24417465996.87,19988871042.99
2021-01-31,0.44369,0.51,0.385,0.49507,0.4433,0.51,0.385,0.49507,2281850.0,1159761.0,1122089.0,4524657686.8,2080703862.12244,2260530504.1,1041373274.82153,2264127182.7,1039330587.30916,21742713243.0,24394851755.58,22353042408.27
2021-02-01,0.49516,0.755,0.35928,0.37106,0.49517,0.755,0.35928,0.37106,4196624.0,2125231.0,2071393.0,8608358082.6,4589983778.53727,4210779801.7,2255512991.45376,4397578280.9,2334470787.08156,16678383241.0,34974233953.32,16867989811.86
2021-02-02,0.37123,0.41123,0.3401,0.37254,0.37118,0.41123,0.3401,0.37254,1116661.0,555192.0,561469.0,2091912007.8,784141246.925064,1037758155.9,389356391.62069,1054153851.9,394784855.304374,16454011937.0,12756138062.39,16766345435.96
2021-02-03,0.37254,0.419,0.37254,0.39721,0.3727,0.419,0.37254,0.39721,706054.0,355029.0,351025.0,1388316884.0,539893636.834907,689903494.4,268305113.869265,698413389.6,271588522.965642,17495709151.0,8672301822.06,17866022515.48
2021-02-04,0.39721,0.48159,0.37885,0.44545,0.3972,0.48159,0.37885,0.44545,1148856.0,588638.0,560218.0,2283530912.6,960323654.471758,1149007635.9,483846474.244414,1134523276.7,476477180.227344,20127570947.0,13193400182.32,20270587944.5
2021-02-05,0.44535,0.47222,0.4241,0.45219,0.44537,0.47222,0.4241,0.45219,869470.0,440627.0,428843.0,1545115910.3,688979088.776413,769857549.0,343369552.356622,775258361.3,345609536.419791,19717422327.0,10229060639.55,20433948823.72
2021-02-06,0.45195,0.45688,0.42,0.44307,0.45195,0.45688,0.42,0.44307,536826.0,268856.0,267970.0,875771045.9,386022330.254404,431301226.5,190186304.61358,444469819.4,195836025.640824,19551427189.0,7625571665.58,19936712821.83
2021-02-07,0.44307,0.45089,0.39123,0.41849,0.44307,0.45089,0.39123,0.41849,691245.0,345814.0,345431.0,1141620049.1,486363286.059079,558994514.0,238320586.784564,582625535.1,248042699.274515,18600049570.0,7495069764.55,18976956806.59
2021-02-08,0.41848,0.4692,0.4125,0.45099,0.41845,0.4692,0.4125,0.45099,674777.0,341688.0,333089.0,1149266957.3,505332982.467878,581901330.1,255900113.889425,567365627.2,249432868.578453,19780928092.0,8180714581.31,20327474410.0
2021-02-09,0.45098,0.49,0.44901,0.47636,0.45097,0.49,0.44901,0.47636,761674.0,388116.0,373558.0,1273716203.3,594781548.27888,644350342.6,301021831.4086,629365860.7,293759716.87028,20757250620.0,9634769935.39,21430272598.86
2021-02-10,0.47637,0.54224,0.45,0.50429,0.47637,0.54224,0.45,0.50429,1219466.0,612233.0,607233.0,2024774430.6,1012450835.78111,1012008775.3,506431248.655035,1012765655.3,506019587.126248,22659910495.0,13793347171.84,22858444785.12
2021-02-11,0.50422,0.53545,0.49982,0.52806,0.50442,0.53545,0.49982,0.52806,614509.0,307575.0,306934.0,961402272.2,498922643.591832,467284927.6,242598107.59061,494117344.6,256324536.001222,23240970259.0,8979459920.35,23827421834.5
2021-02-12,0.52824,0.61922,0.51871,0.609,0.52814,0.61922,0.51871,0.609,1006475.0,528763.0,477712.0,1672053608.3,956721161.371605,874555339.1,500846741.654998,797498269.2,455874419.716607,27121437175.0,13950086407.32,27632542729.79
2021-02-13,0.609,0.64244,0.54306,0.63309,0.60882,0.64244,0.54306,0.63309,1033470.0,523659.0,509811.0,1595483419.3,966760308.901824,803278067.1,487189436.348392,792205352.2,479570872.553432,27921095227.0,14161115004.6,28558959197.54
2021-02-14,0.63309,0.63981,0.56111,0.59211,0.63309,0.63981,0.56111,0.59211,692670.0,345942.0,346728.0,1010016902.3,608849180.303591,494542019.3,298240198.996032,515474883.0,310608981.307559,26159650516.0,10460949240.48,26978760718.17
2021-02-15,0.59217,0.6043,0.50891,0.54976,0.5922,0.6043,0.50891,0.54976,821281.0,412668.0,408613.0,1222510382.9,682566427.159418,596159173.8,333402613.460588,626351209.1,349163813.69883,24492267288.0,10563510365.06,24922969086.0
2021-02-16,0.54987,0.58005,0.48111,0.51995,0.54999,0.58005,0.48111,0.51995,765036.0,382495.0,382541.0,1153641290.1,617505050.665783,563426098.1,301850288.263714,590215192.0,315654762.402069,22993160312.0,10310430731.87,23648505355.39
2021-02-17,0.5198,0.55751,0.49336,0.53467,0.51994,0.55751,0.49336,0.53467,600246.0,307301.0,292945.0,908599648.5,483480822.986445,455088028.7,242382555.441204,453511619.8,241098267.545241,23899889223.0,9332962077.49,24315547799.14
2021-02-18,0.5346,0.55995,0.51901,0.53204,0.53484,0.55995,0.51901,0.53204,466525.0,233724.0,232801.0,761631484.1,410813120.460258,379451976.7,204698989.255464,382179507.4,206114131.204794,23487473525.0,5621706994.69,24174607717.38
2021-02-19,0.53217,0.58195,0.5131,0.56465,0.53208,0.58195,0.5131,0.56465,669596.0,335229.0,334367.0,1130348604.3,621007938.394041,560385861.0,308111839.377265,569962743.3,312896099.016776,25073420696.0,6896487164.35,25744927541.23
2021-02-20,0.56478,0.58235,0.47231,0.51167,0.56469,0.58235,0.47231,0.51167,856977.0,459486.0,397491.0,1247480282.2,679894672.341166,618190182.3,337315702.509953,629290099.9,342578969.831213,22325781980.0,7892199926.39,23497139197.04
2021-02-21,0.5115,0.55858,0.50311,0.54468,0.51142,0.55858,0.50311,0.54468,640280.0,303173.0,337107.0,1017475385.1,542004027.418675,501325328.6,267210477.7492,516150056.5,274793549.669475,24112723640.0,6569716152.88,24906840533.95
2021-02-22,0.54468,0.65155,0.51,0.56646,0.54444,0.65155,0.51,0.56646,1941274.0,991527.0,949747.0,3572076523.4,2066191522.76831,1767133631.8,1023494583.36728,1804942891.6,1042696939.39893,25090144908.0,18769236631.59,25959351669.07
2021-02-23,0.56637,0.57172,0.365,0.47579,0.56637,0.57172,0.365,0.47579,1340153.0,658873.0,681280.0,2563543339.6,1207887539.426,1218725129.8,574626638.149226,1344818209.8,633260901.276669,20732684600.0,14359021785.9,21501649334.26
2021-02-24,0.4758,0.49999,0.4512,0.4686,0.47595,0.49999,0.4512,0.4686,487884.0,255682.0,232202.0,984714285.4,471927159.816689,495549957.3,237685361.792153,489164328.1,234241798.024536,20678962045.0,8015468859.3,21423051552.55
2021-02-25,0.46864,0.48233,0.4244,0.43601,0.46855,0.48233,0.4244,0.43601,370667.0,187041.0,183626.0,709823716.2,329847166.287576,347018742.6,161203124.269949,362804973.6,168644042.017627,19778895192.0,5952353923.51,19729119199.09
2021-02-26,0.43599,0.45067,0.41111,0.42788,0.43585,0.45067,0.41111,0.42788,448351.0,226744.0,221607.0,908467259.5,390947843.286356,452253360.7,194571990.699476,456213898.8,196375852.58688,18832295663.0,6476253874.48,19428392307.28
2021-02-27,0.42794,0.45945,0.42681,0.43589,0.428,0.45945,0.42681,0.43589,355828.0,181410.0,174418.0,612147484.8,270371729.780691,307686247.8,135956547.114764,304461237.0,134415182.665927,19090932052.0,4756622832.91,19878291691.35
2021-02-28,0.43586,0.43876,0.39268,0.41565,0.43567,0.43876,0.39268,0.41565,345699.0,175359.0,170340.0,674797992.8,279171271.502784,332083974.2,137453360.092567,342714018.6,141717911.410217,18484002338.0,4325860134.43,18840545903.33
2021-03-01,0.4157,0.454,0.41207,0.44537,0.4157,0.454,0.41207,0.44537,335546.0,175950.0,159596.0,600649056.6,259430312.516534,305007096.8,131679669.8827,295641959.8,127750642.633834,19686592408.0,3547533776.77,20306685603.42
2021-03-02,0.44537,0.45532,0.42159,0.4357,0.44537,0.45532,0.42159,0.4357,337346.0,171009.0,166337.0,645438020.0,282458415.457801,320995209.0,140411736.702496,324442811.0,142046678.755305,19226317023.0,3388591213.18,19834171592.41
2021-03-03,0.43572,0.46869,0.43011,0.44846,0.43571,0.46869,0.43011,0.44846,379740.0,193850.0,185890.0,642007609.0,288542355.519115,325566929.9,146331043.577852,316440679.1,142211311.941263,19985386905.0,3304301858.27,20444486466.19
2021-03-04,0.44841,0.49449,0.43411,0.48096,0.44839,0.49449,0.43411,0.48096,637627.0,324729.0,312898.0,1244989352.0,576276593.911221,628522163.2,291066310.138454,616467188.8,285210283.772767,20889089716.0,6027421636.99,22093842734.2
2021-03-05,0.4812,0.48488,0.44575,0.45457,0.4813,0.48488,0.44575,0.45457,410780.0,208611.0,202169.0,751282004.7,344230596.124093,366643796.7,168030913.73081,384638208.0,176199682.393283,20126535946.0,4288262515.99,20800453451.03
2021-03-06,0.45441,0.4765,0.44901,0.46285,0.45453,0.4765,0.44901,0.46285,248640.0,124616.0,124024.0,365972027.5,168337881.577025,182240377.1,83845152.630443,183731650.4,84492728.946582,20398300582.0,2758849692.45,21117695564.41
2021-03-07,0.46292,0.4689,0.45641,0.46558,0.46306,0.4689,0.45641,0.46558,224162.0,116960.0,107202.0,325973214.9,151093370.735674,165212448.8,76585186.853898,160760766.1,74508183.881776,20465559678.0,2364586464.2,21197655054.81
2021-03-08,0.46579,0.48987,0.45505,0.47412,0.4656,0.48987,0.45505,0.47412,394530.0,205893.0,188637.0,680852595.9,321518987.206181,346607059.6,163753623.750713,334245536.3,157765363.455468,20931767134.0,3587390974.86,21503227134.57
2021-03-09,0.47413,0.48736,0.471,0.4849,0.47423,0.48736,0.471,0.4849,325327.0,169696.0,155631.0,495494329.0,237676409.039218,247371714.9,118653986.61235,248122614.1,119022422.426868,21293448464.0,3020728025.13,22065800899.46
2021-03-10,0.48481,0.4887,0.4545,0.46155,0.48487,0.4887,0.4545,0.46155,366755.0,191668.0,175087.0,597205849.7,279457487.973426,297863071.3,139398717.255185,299342778.4,140058770.718241,20404898177.0,3271277630.62,21029601065.38
2021-03-11,0.4617,0.46427,0.44058,0.45187,0.46171,0.46427,0.44058,0.45187,322925.0,164562.0,158363.0,535040848.2,242133628.161213,266640415.5,120647713.714861,268400432.7,121485914.446352,20022039906.0,3186670815.18,20566192322.65
2021-03-12,0.45187,0.46488,0.42205,0.43934,0.45191,0.46488,0.42205,0.43934,351995.0,175548.0,176447.0,665250842.7,296752184.509377,328437670.9,146504564.336349,336813171.8,150247620.173028,19392317184.0,3326213717.01,20029110602.28
2021-03-13,0.43934,0.46646,0.43205,0.45787,0.43934,0.46646,0.43205,0.45787,310625.0,161427.0,149198.0,547809975.2,246625018.869059,278232538.9,125245058.08637,269577436.3,121379960.782689,20347030850.0,3212270555.35,20882422749.77
2021-03-14,0.45786,0.46155,0.43857,0.43905,0.45787,0.46155,0.43857,0.43905,226129.0,114257.0,111872.0,415693265.6,186867219.541913,212557016.9,95528073.642198,203136248.7,91339145.899715,19723807959.0,2509435799.58,20073643665.36
2021-03-15,0.439,0.44815,0.42268,0.43574,0.43857,0.44815,0.42268,0.43574,302316.0,158506.0,143810.0,531041051.9,232012451.405,261493796.3,114263869.769719,269547255.6,117748581.635281,19399239917.0,3116009271.0,19866760407.52
2021-03-16,0.43566,0.52221,0.42723,0.46024,0.43575,0.52221,0.42723,0.46024,727805.0,373538.0,354267.0,1413446863.2,667874706.439673,713064591.1,337029809.472941,700382272.1,330844896.966732,20313241393.0,7382009786.12,21003902721.03
2021-03-17,0.46037,0.48245,0.45317,0.4698,0.46031,0.48245,0.45317,0.4698,357376.0,185470.0,171906.0,564997453.7,263902659.484528,283079632.7,132254085.245345,281917821.0,131648574.239183,20694639286.0,4341765346.51,21449637130.47
2021-03-18,0.46993,0.4905,0.46558,0.46893,0.46993,0.4905,0.46558,0.46893,382664.0,196539.0,186125.0,555296456.6,263757843.889031,275697467.7,131007016.35827,279598988.9,132750827.530761,20711926603.0,3265976424.64,21472444567.65
2021-03-19,0.46899,0.47536,0.45848,0.46651,0.46905,0.47536,0.45848,0.46651,247072.0,128699.0,118373.0,336947303.5,158130280.805004,159734330.6,74977649.888209,177212972.9,83152630.916795,20592284276.0,2626051305.3,21393057090.54
2021-03-20,0.4665,0.54999,0.46424,0.52613,0.46647,0.54999,0.46424,0.52613,767634.0,402844.0,364790.0,1164006494.7,589598402.883497,592452411.1,300308676.327398,571554083.6,289289726.556099,23253563404.0,6757879312.33,23927507590.93
2021-03-21,0.52584,0.54691,0.49508,0.51651,0.52583,0.54691,0.49508,0.51651,572056.0,290968.0,281088.0,879573341.3,452720932.865974,424714576.1,218626599.766437,454858765.2,234094333.099537,23052198931.0,5539749484.47,23602621698.97
2021-03-22,0.51661,0.6,0.50082,0.5441,0.51637,0.6,0.50082,0.5441,1078272.0,550311.0,527961.0,1648699048.0,922895186.811096,834490794.4,467311283.181536,814208253.6,455583903.62956,24380226726.0,9732075815.54,24969563563.05
2021-03-23,0.54403,0.59638,0.5378,0.5498,0.54402,0.59638,0.5378,0.5498,672499.0,344300.0,328199.0,1094151403.3,620265578.732113,551829960.3,312949493.398169,542321443.0,307316085.333944,24414911556.0,7610195004.82,25271657446.35
2021-03-24,0.54945,0.56302,0.45212,0.48021,0.54948,0.56302,0.45212,0.48021,618867.0,307200.0,311667.0,894167588.1,467418386.243383,433994294.8,227362848.182728,460173293.3,240055538.060655,21471226817.0,5446433135.03,22195159228.16
2021-03-25,0.48022,0.5248,0.454,0.51058,0.48022,0.5248,0.454,0.51058,494290.0,254257.0,240033.0,914285330.6,451595543.224611,471690001.5,233157137.262554,442595329.1,218438405.962057,22656064909.0,6061921453.84,23496509076.93
2021-03-26,0.51034,0.57689,0.50999,0.56357,0.51056,0.57689,0.50999,0.56357,515668.0,273647.0,242021.0,737749968.5,403613462.350171,383309428.2,209769861.691589,354440540.3,193843600.658582,24892903886.0,5807865028.36,25746588636.17
2021-03-27,0.56348,0.57464,0.5342,0.54752,0.56348,0.57464,0.5342,0.54752,324100.0,162298.0,161802.0,455498717.7,252238439.283737,222594337.9,123299766.872627,232904379.8,128938672.41111,24339122869.0,3684247474.83,24992351033.7
2021-03-28,0.54735,0.56075,0.53879,0.54552,0.54735,0.56075,0.53879,0.54552,268005.0,135530.0,132475.0,341522011.5,187521498.074165,166698035.2,91566973.893835,174823976.3,95954524.18033,24129086404.0,2795107714.91,25006533341.54
2021-03-29,0.5455,0.57082,0.54317,0.56538,0.54563,0.57082,0.54317,0.56538,370154.0,192453.0,177701.0,534252547.3,299295436.39772,264952445.2,148447083.279652,269300102.1,150848353.118068,24859631703.0,3549650230.84,25783622951.06
2021-03-30,0.56528,0.588,0.55903,0.5621,0.56532,0.588,0.55903,0.5621,423890.0,220500.0,203390.0,574769642.5,328603814.092404,295818227.8,169206412.674601,278951414.7,159397401.417803,24846845119.0,3831603058.2,25737663164.89
2021-03-31,0.56207,0.57682,0.52624,0.56982,0.56207,0.57682,0.52624,0.56982,524758.0,263893.0,260865.0,666984204.3,368338400.037883,327434352.5,180927938.587885,339549851.8,187410461.449998,25022215220.0,4849764989.58,26055985343.48
2021-04-01,0.5698,0.59555,0.54864,0.57087,0.5698,0.59555,0.54864,0.57087,524609.0,266615.0,257994.0,710919375.0,403620335.990511,353199262.6,200602213.263388,357720112.4,203018122.727123,25035360596.0,4725008531.38,26302184998.9
2021-04-02,0.57061,0.61,0.56522,0.60701,0.57062,0.61,0.56522,0.60701,574819.0,294481.0,280338.0,800475396.4,469092621.706064,397922592.5,233325561.507353,402552803.9,235767060.198711,26533913709.0,5404854335.67,27994707394.24
2021-04-03,0.60701,0.64262,0.573,0.57831,0.60691,0.64262,0.573,0.57831,742609.0,370565.0,372044.0,991064844.8,610941357.367848,497224486.6,306861796.421005,493840358.2,304079560.946843,25647303907.0,6757992981.01,26829923528.05
2021-04-04,0.57836,0.63599,0.56591,0.635,0.57836,0.63599,0.56591,0.635,490874.0,253367.0,237507.0,664457346.2,398033638.91737,332775185.7,199241841.393512,331682160.5,198791797.523858,27715866655.0,4613898769.21,29364108460.55
2021-04-05,0.63501,0.93999,0.6194,0.91584,0.635,0.93999,0.6194,0.91584,2379045.0,1256403.0,1122642.0,3325470561.47,2594712865.02306,1725935584.81,1346634736.86296,1599534976.66,1248078128.15545,39499090680.0,26415199262.5,41793184885.01
2021-04-06,0.91584,1.119,0.7931,1.09663,0.91597,1.119,0.7931,1.09663,3381698.0,1704552.0,1677146.0,4053245753.09,3956999209.74767,2042736825.28,1998437481.11385,2010508927.81,1958561728.63239,47113222122.0,36955175104.96,49774875598.27
2021-04-07,1.09666,1.10882,0.856,0.91542,1.0973,1.10882,0.856,0.91542,2112137.0,1033433.0,1078704.0,2128341583.9,2057878537.57007,1055829618.2,1021567651.44923,1072511965.7,1036310886.12775,41149328439.0,21942171677.96,41661654117.6
2021-04-08,0.91544,1.07294,0.90128,1.05599,0.91546,1.07294,0.90128,1.05599,1204812.0,625727.0,579085.0,1232242484.4,1202251447.19289,625908834.1,611627913.803939,606333650.3,590623533.389994,46307089516.0,12888349508.6,47799382930.05
2021-04-09,1.05571,1.0849,0.9808,1.01721,1.05562,1.0849,0.9808,1.01721,996403.0,506483.0,489920.0,964539570.1,990383345.956822,469769863.6,482658672.811909,494769706.5,507724673.144913,45517653058.0,10235269531.24,46350091393.65
2021-04-10,1.01754,1.399,1.00617,1.3728,1.01754,1.399,1.00617,1.3728,3271415.0,1686513.0,1584902.0,2713439019.68,3353669231.65751,1398943663.99,1728375333.36647,1314495355.69,1625293898.29937,60390773799.0,25547794935.11,62404026788.11
2021-04-11,1.37215,1.5,1.305,1.35118,1.37232,1.5,1.305,1.35118,2505282.0,1269328.0,1235954.0,1972667902.4,2759553621.64774,992374984.89,1389742921.36191,980292917.51,1369810700.2881,59252358563.0,21224874412.44,61773544985.43
2021-04-12,1.35118,1.475,1.31804,1.46843,1.35071,1.475,1.31804,1.46843,1444928.0,745839.0,699089.0,1129501823.8,1551301546.99888,576641562.2,792988369.008769,552860261.6,758313177.987765,63868763947.0,13216559311.98,66641080474.15
2021-04-13,1.4685,1.88888,1.41778,1.79611,1.46958,1.88888,1.41778,1.79611,3544673.0,1814569.0,1730104.0,2515240116.42,4232701999.74834,1271690543.13,2138616731.86584,1243549573.29,2094085267.87835,78814662519.0,31123574741.03,81454889101.26
2021-04-14,1.79607,1.96689,1.56001,1.83468,1.79554,1.96689,1.56001,1.83468,3246570.0,1628995.0,1617575.0,2119704174.5,3790184503.51873,1057913837.9,1894557297.61286,1061790336.6,1895627205.9106,81042733992.0,29025829007.44,83508712025.6
2021-04-15,1.83396,1.885,1.65243,1.75781,1.83446,1.885,1.65243,1.75781,1857832.0,948244.0,909588.0,1124377879.6,1972494342.04722,565760424.6,993038149.813273,558617455.0,979456192.232053,77346751505.0,15403982671.33,80186544121.73
2021-04-16,1.75781,1.81041,1.42,1.54805,1.75879,1.81041,1.42,1.54805,2775730.0,1377985.0,1397745.0,1805450664.8,2928098753.87797,883142477.2,1432549529.46207,922308187.6,1495549224.4157,69928066054.0,20594074868.65,70717988350.98
2021-04-17,1.54805,1.74163,1.52991,1.53896,1.54804,1.74163,1.52991,1.53896,1726909.0,861205.0,865704.0,1108826379.5,1795844763.13755,550685947.0,892183246.737899,558140432.5,903661516.397537,68439575266.0,14507135285.07,70832766981.07
2021-04-18,1.53988,1.56505,1.16,1.40797,1.54,1.56505,1.16,1.40797,2556310.0,1261600.0,1294710.0,2048345301.6,2726554646.23381,1008153746.7,1342245555.31222,1040191554.9,1384309090.91997,62636801275.0,22933939681.62,63837977820.22
2021-04-19,1.40797,1.5339,1.251,1.30945,1.40772,1.5339,1.251,1.30945,1996347.0,1005238.0,991109.0,1608073829.4,2226346359.83375,797102634.0,1104372358.57303,810971195.4,1121974001.2641,57893577670.0,17637508685.03,59708309820.39
2021-04-20,1.30941,1.44796,1.18,1.38501,1.31,1.44796,1.18,1.38501,1757479.0,896560.0,860919.0,1522196293.5,1998260575.19628,771475345.0,1013116136.31937,750720948.5,985144438.877407,61346999110.0,15562116614.52,62807347013.17
2021-04-21,1.385,1.4645,1.27545,1.29097,1.385,1.4645,1.27545,1.29097,1605075.0,808680.0,796395.0,1301403506.4,1787718096.87047,640228554.1,880192263.010358,661174952.3,907525833.855848,57795580902.0,12545052976.99,58866221973.52
2021-04-22,1.2911,1.41947,1.0859,1.15489,1.29144,1.41947,1.0859,1.15489,1927528.0,954288.0,973240.0,1771540957.6,2272197864.67804,873153499.3,1120840432.17674,898387458.3,1151357432.50581,52097770822.0,14899537552.08,52654229110.91
2021-04-23,1.15489,1.19724,0.88601,1.17073,1.15466,1.19724,0.88601,1.17073,2328769.0,1164629.0,1164140.0,2651341963.5,2842229471.53956,1300489821.7,1396028792.52728,1350852141.8,1446200679.00359,50785474440.0,20235915090.16,53107262635.37
2021-04-24,1.17019,1.172,1.01753,1.04833,1.17022,1.172,1.01753,1.04833,1014696.0,519493.0,495203.0,1120813592.2,1223943584.74273,567846967.8,620249043.527009,552966624.4,603694541.214039,47088599526.0,8586287311.87,47615469344.14
2021-04-25,1.04971,1.156,0.9418,1.0351,1.04976,1.156,0.9418,1.0351,961195.0,474495.0,486700.0,1026066203.52,1083686710.53997,496212996.3,524149201.309461,529853207.22,559537509.231433,45736579088.0,8573604939.48,46868572792.79
2021-04-26,1.0353,1.375,1.0133,1.3629,1.035,1.375,1.0133,1.3629,1945810.0,1001977.0,943833.0,1871916062.93,2295854108.11072,953277207.23,1168768644.06427,918638855.7,1127085464.04868,59162916031.0,15417459290.17,62135663610.22
2021-04-27,1.3629,1.462,1.3284,1.4017,1.3637,1.462,1.3284,1.4017,1761603.0,913365.0,848238.0,1510880106.82,2118259481.89348,777987275.66,1090914805.40573,732892831.16,1027344676.48768,61954073687.0,13584693516.6,63608983018.9
2021-04-28,1.4017,1.4492,1.2814,1.3576,1.4018,1.4492,1.2814,1.3576,1315064.0,670483.0,644581.0,1092879174.17,1485523114.70719,555181967.4,754767087.711007,537697206.77,730756026.997688,60014827990.0,9272726011.3,61685957512.58
2021-04-29,1.3576,1.42,1.3263,1.3978,1.3576,1.42,1.3263,1.3978,1032010.0,517056.0,514954.0,824625421.08,1140421598.27095,405424601.7,560806329.152284,419200819.38,579615269.117755,61369018282.0,7633164142.11,63536572211.27
2021-04-30,1.3978,1.6397,1.3745,1.5988,1.3977,1.6397,1.3745,1.5988,1930398.0,994861.0,935537.0,1429394131.02,2214906822.01541,736674454.54,1140968337.35444,692719676.48,1073938484.66344,70083335202.0,14160854005.08,72268392381.27
2021-05-01,1.5989,1.6666,1.5226,1.651,1.5989,1.6666,1.5226,1.651,1023624.0,524982.0,498642.0,701328204.71,1113456410.58023,357925826.15,568678473.093339,343402378.56,544777937.48695,72721699250.0,8206771323.36,74963184004.41
2021-05-02,1.651,1.658,1.525,1.5605,1.651,1.658,1.525,1.5605,864202.0,432050.0,432152.0,602425194.39,951116358.690543,300633309.37,474560907.756035,301791885.02,476555450.934508,68615169182.0,6933641360.86,70950198082.15
2021-05-03,1.5605,1.6216,1.47,1.5546,1.5605,1.6216,1.47,1.5546,967335.0,481442.0,485893.0,670988111.68,1056220070.6251,336093892.08,529045335.90739,334894219.6,527174734.717931,68893259292.0,7612512785.49,70648428003.59
2021-05-04,1.5546,1.558,1.32,1.3877,1.5548,1.558,1.32,1.3877,1713307.0,836290.0,877017.0,1375223308.72,1969497041.48952,673230719.77,964845833.371252,701992588.95,1004651208.12387,62374262186.0,12855752789.49,63219482673.43
2021-05-05,1.3878,1.624,1.366,1.6133,1.3877,1.624,1.366,1.6133,1700958.0,889076.0,811882.0,1261641294.96,1919965081.16661,649582946.94,989241906.512065,612058348.02,930723174.652711,71270380194.0,13318453320.15,73305328517.53
2021-05-06,1.6137,1.7658,1.521,1.6028,1.6135,1.7658,1.521,1.6028,2269649.0,1150461.0,1119188.0,1507415092.61,2502923635.43644,759241102.19,1261453482.34639,748173990.42,1241470153.08669,71170697209.0,16099528279.11,72672809670.93
2021-05-07,1.6028,1.695,1.505,1.5793,1.6028,1.695,1.505,1.5793,1310586.0,653860.0,656726.0,894697893.67,1424596624.87881,442063040.75,704339980.289824,452634852.92,720256644.590869,69598537030.0,10400571927.49,55532777769.36
2021-05-08,1.5795,1.6277,1.5404,1.5611,1.5797,1.6277,1.5404,1.5611,795157.0,407965.0,387192.0,514586255.38,813345139.867209,260732541.08,412227677.391238,253853714.3,401117462.475971,69073291136.0,6349608020.05,54860213883.37
2021-05-09,1.5611,1.5968,1.4249,1.5345,1.5612,1.5968,1.4249,1.5345,1079947.0,525286.0,554661.0,726954201.32,1101438306.3903,363359225.82,550794162.425864,363594975.5,550644143.962557,67592959982.0,8243079607.25,53901564261.5
2021-05-10,1.5343,1.627,1.214,1.3906,1.5343,1.627,1.214,1.3906,1632861.0,786751.0,846110.0,1154086820.05,1710822393.28135,560531120.02,832519037.948221,593555700.03,878303355.333234,61669359789.0,11181774843.99,48765667887.84
2021-05-11,1.391,1.4905,1.3555,1.4786,1.391,1.4905,1.3555,1.4786,991833.0,517942.0,473891.0,724101053.89,1034939727.84379,369290671.26,528261928.336958,354810382.63,506677799.506345,64600012924.0,7973181908.11,51878958423.65
2021-05-12,1.4788,1.547,1.235,1.2691,1.4787,1.547,1.235,1.2691,1353513.0,660904.0,692609.0,1028881609.0,1466457937.99844,494357787.07,705954763.286247,534523821.93,760503174.712608,58519448886.0,9272699845.72,43810403720.58
2021-05-13,1.269,1.389,1.2,1.364,1.2684,1.389,1.2,1.364,1598396.0,816721.0,781675.0,1308704814.37,1704562073.98512,662118551.05,862651065.757213,646586263.32,841911008.226639,59454744789.0,12358993945.77,47709058585.35
2021-05-14,1.3644,1.4488,1.321,1.4,1.3645,1.4488,1.321,1.4,1034406.0,525159.0,509247.0,772801586.76,1068218575.67394,389659266.21,538779183.361064,383142320.55,529439392.31327,62197259262.0,7570332416.97,49254085094.24
2021-05-15,1.3998,1.5869,1.3211,1.4904,1.3996,1.5869,1.3211,1.4904,1978749.0,1014129.0,964620.0,1495464769.52,2182427860.63762,752470366.8,1098318861.50087,742994402.72,1084108999.14089,65490582535.0,13321419261.16,52166765090.56
2021-05-16,1.4911,1.6131,1.3373,1.4496,1.4906,1.6131,1.3373,1.4496,2174991.0,1086988.0,1088003.0,1498147985.65,2246034545.92435,739693866.8,1109720987.1765,758454118.85,1136313558.74932,63964949323.0,12405363634.24,50998556787.35
2021-05-17,1.4496,1.565,1.3242,1.4946,1.4496,1.565,1.3242,1.4946,2069831.0,1054391.0,1015440.0,1560737399.7,2285970917.95791,794626804.7,1164761883.52557,766110595.0,1121209034.43097,65892521810.0,13573485605.69,52532601631.21
2021-05-18,1.4952,1.705,1.4698,1.5889,1.4947,1.705,1.4698,1.5889,2485498.0,1274900.0,1210598.0,1813933407.63,2869966240.9076,916748345.53,1450655880.12819,897185062.1,1419310360.77939,69480162063.0,14847139298.17,55848005958.76
2021-05-19,1.5893,1.6448,0.85,1.0568,1.5886,1.6448,0.85,1.0568,3550130.0,1707546.0,1842584.0,3180237280.29,4014465848.09066,1553599797.27,1962068896.18235,1626637483.02,2052396951.89803,49935728969.0,20523476458.45,37576904035.11
2021-05-20,1.0565,1.2664,0.9,1.1795,1.0576,1.2664,0.9,1.1795,2316148.0,1194009.0,1122139.0,1974341688.46,2249207333.9162,980250482.63,1119850001.70088,994091205.83,1129357332.20992,51836854474.0,13626658451.75,54695173849.0
2021-05-21,1.1802,1.2194,0.8641,1.0062,1.1794,1.2194,0.8641,1.0062,1950848.0,946558.0,1004290.0,1813489499.17,1910760508.20025,881418036.04,931147311.551281,932071463.13,979613196.650511,43770390615.0,10998911190.64,46457226450.41
2021-05-22,1.0062,1.0162,0.816,0.9052,1.0063,1.0162,0.816,0.9052,1504686.0,751259.0,753427.0,1478148766.91,1344592320.99948,745740595.77,678686629.905623,732408171.14,665905691.093007,40301792425.0,8750076614.11,41813285048.0
2021-05-23,0.9052,0.9679,0.65,0.7898,0.9053,0.9679,0.65,0.7898,1911010.0,920274.0,990736.0,1976494217.2,1525740498.70961,970635713.3,749681855.347148,1005858503.9,776058643.357467,34786887791.0,10816054413.04,36770599361.44
2021-05-24,0.7899,0.997,0.7537,0.993,0.7899,0.997,0.7537,0.993,1605890.0,825063.0,780827.0,1613054853.94,1380671268.94771,829666583.38,711173299.874904,783388270.56,669497969.070406,43091431899.0,8239461925.5,45812985214.07
2021-05-25,0.9934,1.07,0.8791,0.9746,0.9931,1.07,0.8791,0.9746,1732593.0,861346.0,871247.0,1654728049.91,1594338433.67743,834328687.7,803453294.183089,820399362.21,790885139.493433,42926435244.0,8637179369.24,45044780046.37
2021-05-26,0.9747,1.0698,0.9461,1.0316,0.9746,1.0698,0.9461,1.0316,1373206.0,699796.0,673410.0,1160288119.63,1170818020.83858,592443237.74,598107917.875105,567844881.89,572710102.963184,45353501961.0,6376977398.38,47699814351.56
2021-05-27,1.0316,1.0423,0.9322,0.9747,1.0317,1.0423,0.9322,0.9747,1160125.0,582239.0,577886.0,997129594.42,986757435.570752,494720869.89,489904746.221205,502408724.53,496852689.349547,42762931281.0,5204084864.76,44770121605.38
2021-05-28,0.9747,0.9847,0.8445,0.8985,0.9752,0.9847,0.8445,0.8985,1226594.0,583238.0,643356.0,1220369622.06,1098606646.15241,592497807.91,533231470.294044,627871814.15,565375175.857858,39355231050.0,6082828978.61,41536092428.01
2021-05-29,0.8985,0.9413,0.7911,0.8318,0.8985,0.9413,0.7911,0.8318,966749.0,470625.0,496124.0,980984330.42,845941030.510912,490102220.39,423219375.787417,490882110.03,422721654.723495,36982831459.0,5156278121.01,38381695412.82
2021-05-30,0.8319,0.9337,0.7974,0.9058,0.832,0.9337,0.7974,0.9058,843922.0,429704.0,414218.0,837581783.3,730804950.58208,430931398.92,376082900.016767,406650384.38,354722050.565313,39844612455.0,4077064725.02,41834196844.25
2021-05-31,0.9058,1.0495,0.8789,1.0409,0.9059,1.0495,0.8789,1.0409,1454233.0,758147.0,696086.0,1221688769.45,1196677931.14884,632535026.76,619868434.714128,589153742.69,576809496.434409,45872840119.0,6277821473.87,48293159732.06
2021-06-01,1.0409,1.1,0.9742,1.0108,1.0409,1.1,0.9742,1.0108,1184801.0,598632.0,586169.0,1130390772.85,1161830746.20798,562427731.44,578273716.415932,567963041.41,583557029.792008,44774777517.0,5606414479.35,46658714117.18
2021-06-02,1.0108,1.0498,0.9793,1.0241,1.0108,1.0498,0.9793,1.0241,709591.0,355218.0,354373.0,673790276.52,686061395.104792,341003488.45,347305924.34639,332786788.07,338755470.758402,45165082236.0,3598008181.75,47277113119.81
2021-06-03,1.0241,1.0789,1.0069,1.045,1.0241,1.0789,1.0069,1.045,702600.0,362261.0,340339.0,701176435.11,727545023.97135,352955541.25,366306464.750833,348220893.86,361238559.220517,46285094445.0,3661357808.71,48242632209.39
2021-06-04,1.0453,1.0466,0.9156,0.9683,1.0452,1.0466,0.9156,0.9683,883279.0,434569.0,448710.0,814525376.26,785851513.117171,400149762.14,385902302.259142,414375614.12,399949210.858029,42885245581.0,4638523696.86,44775529764.24
2021-06-05,0.9683,0.9973,0.8921,0.923,0.9683,0.9973,0.8921,0.923,618854.0,304719.0,314135.0,621966894.8,590664198.31932,309367496.54,293995397.058965,312599398.26,296668801.260355,40381911615.0,3257149049.02,42610574444.44
2021-06-06,0.923,0.9493,0.917,0.947,0.923,0.9493,0.917,0.947,354292.0,180990.0,173302.0,395443235.74,369842230.845661,203241932.72,190118466.19766,192201303.02,179723764.648001,41322218210.0,2308242806.66,43625920334.92
2021-06-07,0.9469,0.976,0.838,0.8618,0.9469,0.976,0.838,0.8618,566030.0,274238.0,291792.0,673906993.46,623660636.681841,326641205.49,302559819.000928,347265787.97,321100817.680913,37943144258.0,3466113431.5,39743170141.6
2021-06-08,0.8619,0.8861,0.7838,0.8731,0.8619,0.8861,0.7838,0.8731,771117.0,382919.0,388198.0,989287175.65,838984629.187942,488952526.15,414938910.981718,500334649.5,424045718.206224,38585923424.0,4491339500.53,40452252990.58
2021-06-09,0.873,0.9218,0.83,0.9218,0.8729,0.9218,0.83,0.9218,726532.0,366045.0,360487.0,798994471.7,695183593.047394,404417772.2,351953077.968239,394576699.5,343230515.079155,39684344912.0,3990884688.27,42495962615.16
2021-06-10,0.9218,0.9298,0.8522,0.8686,0.9221,0.9298,0.8522,0.8686,445025.0,221634.0,223391.0,592646634.43,524032840.289698,293981469.74,260034735.327271,298665164.69,263998104.962427,38648984739.0,3157272779.96,40147146244.49
2021-06-11,0.8686,0.88,0.8335,0.8471,0.8686,0.88,0.8335,0.8471,321493.0,158337.0,163156.0,384826199.07,330610541.780051,189368750.76,162721067.237173,195457448.31,167889474.542878,37191635108.0,2502880891.8,39189555813.07
2021-06-12,0.8469,0.8479,0.8054,0.8326,0.8468,0.8479,0.8054,0.8326,298000.0,147825.0,150175.0,375425465.13,309940575.854708,185296073.85,152999843.98746,190129391.28,156940731.867248,36887113792.0,2731548389.57,38461290203.89
2021-06-13,0.8325,0.8883,0.817,0.8832,0.8325,0.8883,0.817,0.8832,288434.0,147667.0,140767.0,344882480.06,292933567.324073,173067545.36,147082148.224415,171814934.7,145851419.099658,38867100682.0,3059837086.14,40792805237.05
2021-06-14,0.8833,0.93,0.8628,0.8906,0.8834,0.93,0.8628,0.8906,400977.0,202290.0,198687.0,441724628.58,391647479.28625,218414265.71,193675373.234715,223310362.87,197972106.051535,39241336320.0,3005221040.25,41242521556.87
2021-06-15,0.8905,0.9017,0.8551,0.8663,0.8904,0.9017,0.8551,0.8663,333139.0,167519.0,165620.0,367733719.97,323448196.777283,183693115.09,161593668.588684,184040604.88,161854528.188599,38364590550.0,3585820721.45,41113903951.96
2021-06-16,0.8663,0.8733,0.8259,0.832,0.8663,0.8733,0.8259,0.832,312734.0,151226.0,161508.0,380134518.73,321967166.653003,184309031.11,156127969.183209,195825487.62,165839197.469794,36630356364.0,2916163481.02,38438955213.66
2021-06-17,0.8319,0.8612,0.8234,0.8419,0.8319,0.8612,0.8234,0.8419,252780.0,119980.0,132800.0,315642616.21,266502679.947359,149484984.08,126265080.952753,166157632.13,140237598.994606,36955359049.0,2684672890.27,38879300577.46
2021-06-18,0.8419,0.845,0.7687,0.7972,0.8419,0.845,0.7687,0.7972,341621.0,157191.0,184430.0,389494745.89,315203423.849539,182023180.08,147355060.399832,207471565.81,167848363.449707,35174126676.0,2509639517.66,36855962940.44
2021-06-19,0.7971,0.8055,0.7557,0.7582,0.7972,0.8055,0.7557,0.7582,257132.0,123749.0,133383.0,317290687.13,250165846.017548,161974829.79,127747547.124694,155315857.34,122418298.892854,33582530414.0,2208439278.43,35193703528.26
2021-06-20,0.7583,0.785,0.6968,0.7741,0.7583,0.785,0.6968,0.7741,425781.0,208758.0,217023.0,589364804.52,434933509.582573,290148806.25,214228382.80313,299215998.27,220705126.779443,34131884918.0,3068578655.98,35873098743.8
2021-06-21,0.7741,0.7803,0.6037,0.6067,0.7741,0.7803,0.6037,0.6067,654721.0,315509.0,339212.0,1073284195.87,726811232.210993,509775033.24,345574378.581123,563509162.63,381236853.62987,27334342437.0,4048720475.04,28203450403.45
2021-06-22,0.6068,0.65,0.509,0.5468,0.6066,0.65,0.509,0.5468,911507.0,467107.0,444400.0,1611548012.73,924711210.060984,788996826.85,452590306.093454,822551185.88,472120903.967531,24148120458.0,4784173339.17,25206364296.26
2021-06-23,0.5468,0.6655,0.5203,0.6383,0.5468,0.6655,0.5203,0.6383,670601.0,348455.0,322146.0,1167774271.66,718902393.384626,592499884.76,364874437.457042,575274386.9,354027955.927584,28063614484.0,4239151745.3,28973825087.86
2021-06-24,0.6383,0.6928,0.6163,0.6731,0.6383,0.6928,0.6163,0.6731,444331.0,225120.0,219211.0,633338243.16,414531256.9778,314965925.76,206128431.356221,318372317.4,208402825.621579,29639085168.0,2781916001.69,31076307997.52
2021-06-25,0.6731,0.6889,0.6019,0.6111,0.6731,0.6889,0.6019,0.6111,524875.0,264260.0,260615.0,795450033.45,507757434.410945,392876386.74,250696759.001826,402573646.71,257060675.409119,27255739601.0,3120943105.12,28362814442.22
2021-06-26,0.611,0.6329,0.5814,0.6162,0.6111,0.6329,0.5814,0.6162,343602.0,173016.0,170586.0,548990505.59,331034642.860335,267850780.22,161580406.122905,281139725.37,169454236.73743,26814143746.0,2458620797.69,28460517497.9
2021-06-27,0.6163,0.6523,0.5963,0.6484,0.6163,0.6523,0.5963,0.6484,304252.0,155415.0,148837.0,472483880.77,291546469.959756,239499662.3,147788463.670376,232984218.47,143758006.28938,28509447936.0,2329301222.1,29916626946.07
2021-06-28,0.6483,0.6583,0.6238,0.6444,0.6484,0.6583,0.6238,0.6444,295354.0,150317.0,145037.0,460033268.3,295080578.941469,234498142.67,150398557.227002,225535125.63,144682021.714467,28367311265.0,2323398761.18,29769741286.42
2021-06-29,0.6444,0.734,0.6417,0.7063,0.6443,0.734,0.6417,0.7063,525011.0,269017.0,255994.0,718445315.27,499125657.535112,364456247.03,253260506.269588,353989068.24,245865151.265524,31189005283.0,3325816845.38,32382442284.87
2021-06-30,0.7062,0.7145,0.6477,0.7063,0.7059,0.7145,0.6477,0.7063,427023.0,212529.0,214494.0,634287485.15,430338352.853713,315190390.58,213860968.791991,319097094.57,216477384.061722,30742705509.0,3097076848.86,32597010800.59
2021-07-01,0.7062,0.7064,0.644,0.6591,0.7062,0.7064,0.644,0.6591,341155.0,161797.0,179358.0,463328799.28,308347617.586596,220453513.19,146701442.740534,242875286.09,161646174.846062,29167407396.0,2553971176.92,30511435259.85
2021-07-02,0.6592,0.6676,0.6329,0.6556,0.6592,0.6676,0.6329,0.6556,247107.0,121145.0,125962.0,387562387.59,250197212.451509,194360206.98,125474528.77186,193202180.61,124722683.679649,28679390261.0,2061607207.81,30307589485.09
2021-07-03,0.6557,0.6849,0.6433,0.6732,0.6558,0.6849,0.6433,0.6732,275661.0,139999.0,135662.0,329367273.74,220039385.468026,168424033.72,112502584.604713,160943240.02,107536800.863313,29552406428.0,1872819597.06,31051722073.03
2021-07-04,0.6733,0.7091,0.6655,0.696,0.6733,0.7091,0.6655,0.696,285278.0,143483.0,141795.0,334071078.78,231043551.519703,165304273.31,114321935.320165,168766805.47,116721616.199538,30737845099.0,1885241526.85,32069596319.4
2021-07-05,0.696,0.697,0.6444,0.6526,0.6959,0.697,0.6444,0.6526,279063.0,134904.0,144159.0,407839477.88,272157623.911145,196292847.59,130985898.16736,211546630.29,141171725.743785,29132480042.0,2076373187.71,30193951998.35
2021-07-06,0.6526,0.68,0.6511,0.6648,0.6527,0.68,0.6511,0.6648,232942.0,118566.0,114376.0,356111895.89,237002304.260219,179530201.0,119510294.708777,176581694.89,117492009.551442,29216367921.0,1938959238.79,30722840710.51
2021-07-07,0.6648,0.674,0.65,0.6522,0.6648,0.674,0.65,0.6522,195887.0,96652.0,99235.0,284356433.42,189337257.938107,142891396.42,95178464.499698,141465037.0,94158793.438409,28797785339.0,2077976603.93,30084411207.13
2021-07-08,0.6521,0.6545,0.6108,0.6215,0.652,0.6545,0.6108,0.6215,270825.0,128181.0,142644.0,430925669.18,270371824.233761,203664858.01,127715861.067908,227260811.17,142655963.165853,27441058464.0,2348704557.7,28767723727.23
2021-07-09,0.6214,0.6457,0.5917,0.6369,0.6214,0.6457,0.5917,0.6369,247826.0,123176.0,124650.0,358836803.69,222783584.324884,178418140.45,110820593.660538,180418663.24,111962990.664346,28250671681.0,2380083031.03,29402391753.52
2021-07-10,0.6369,0.6489,0.612,0.6246,0.6369,0.6489,0.612,0.6246,179676.0,90142.0,89534.0,279711260.06,175168807.399414,143365375.4,89812186.620789,136345884.66,85356620.778625,27592721280.0,1788373888.62,28878759908.11
2021-07-11,0.6246,0.6449,0.6169,0.6364,0.6246,0.6449,0.6169,0.6364,148859.0,75105.0,73754.0,201320995.42,126735758.289656,101102698.44,63667413.558384,100218296.98,63068344.731272,28046244432.0,1495491616.46,29362251755.45
2021-07-12,0.6363,0.6575,0.6172,0.6288,0.6363,0.6575,0.6172,0.6288,407660.0,198306.0,209354.0,356848391.96,227368047.087189,171842372.13,109590573.85865,185006019.83,117777473.228539,27831082997.0,1908473825.1,29096477844.08
2021-07-13,0.6288,0.6426,0.6086,0.6192,0.6289,0.6426,0.6086,0.6192,295025.0,143464.0,151561.0,315648113.8,197239801.148567,155125439.52,96959141.222944,160522674.28,100280659.925623,27374674946.0,1860938763.81,28632301527.4
2021-07-14,0.6193,0.625,0.5851,0.6197,0.6193,0.625,0.5851,0.6197,290966.0,134104.0,156862.0,352306488.76,214004345.439567,172701980.61,104987263.197048,179604508.15,109017082.242519,27247154224.0,1945120120.81,28669334327.32
2021-07-15,0.6196,0.6269,0.5874,0.5979,0.6196,0.6269,0.5874,0.5979,214760.0,103523.0,111237.0,339655984.05,205379901.265931,161809193.1,97902186.395862,177846790.95,107477714.870069,26371035585.0,2027622753.77,27588649221.54
2021-07-16,0.5979,0.6211,0.5874,0.5893,0.5979,0.6211,0.5874,0.5893,238460.0,121838.0,116622.0,282511701.89,169475844.833166,137018692.69,82213976.964757,145493009.2,87261867.868409,26000284273.0,1902793057.9,27303612344.17
2021-07-17,0.5893,0.5977,0.56,0.5821,0.5893,0.5977,0.56,0.5821,223027.0,105935.0,117092.0,263418042.14,153250260.950617,128877986.19,75012071.450022,134540055.95,78238189.500595,25671833994.0,1796242080.21,26917870004.62
2021-07-18,0.5822,0.6016,0.571,0.5866,0.5822,0.6016,0.571,0.5866,170689.0,82637.0,88052.0,241849135.65,142185627.413456,121798873.35,71606953.498721,120050262.3,70578673.914735,25784476533.0,1567538722.2,27171802324.92
2021-07-19,0.5867,0.5889,0.5533,0.557,0.5864,0.5889,0.5533,0.557,189183.0,90323.0,98860.0,294780945.07,167395788.725372,142727363.67,81011266.222591,152053581.4,86384522.502781,24767708647.0,1706406670.0,25795497464.92
2021-07-20,0.557,0.5699,0.5157,0.5284,0.557,0.5699,0.5157,0.5284,252212.0,125003.0,127209.0,393704657.61,209159245.716989,191628266.35,101792683.916888,202076391.26,107366561.800101,23340657231.0,2026435205.8,24489903049.33
2021-07-21,0.5284,0.584,0.5193,0.5719,0.5285,0.584,0.5193,0.5719,291766.0,151171.0,140595.0,493423679.61,274778745.312626,250716911.67,139559935.29965,242706767.94,135218810.012976,25081839546.0,2610318312.01,26371148756.06
2021-07-22,0.5718,0.6033,0.5609,0.592,0.5719,0.6033,0.5609,0.592,244332.0,125917.0,118415.0,409238764.36,237900523.662438,208079156.87,120968178.417799,201159607.49,116932345.244639,26100630716.0,2520533539.08,27398591366.97
2021-07-23,0.592,0.6101,0.5753,0.6091,0.592,0.6101,0.5753,0.6091,266005.0,137334.0,128671.0,359561806.43,213508431.984355,183752678.17,109139168.757644,175809128.26,104369263.226711,26779741448.0,2206128472.19,28185910678.1
2021-07-24,0.6092,0.6205,0.5996,0.6085,0.6092,0.6205,0.5996,0.6085,212798.0,111258.0,101540.0,319684922.3,194417445.849221,161790240.11,98392394.770104,157894682.19,96025051.079117,26781890818.0,1967190259.86,28213825525.21
2021-07-25,0.6085,0.6118,0.5906,0.6069,0.6085,0.6118,0.5906,0.6069,161240.0,85056.0,76184.0,259034501.15,155812116.926149,133940345.3,80579747.142383,125094155.85,75232369.783766,26710881983.0,1707767304.81,28053282512.2
2021-07-26,0.6069,0.6793,0.6048,0.6234,0.607,0.6793,0.6048,0.6234,610823.0,311834.0,298989.0,803413949.18,521065033.907782,407884428.59,264475544.685521,395529520.59,256589489.222261,27563037066.0,3879282540.66,28944383704.91
2021-07-27,0.6234,0.6528,0.6121,0.6451,0.6236,0.6528,0.6121,0.6451,300243.0,150975.0,149268.0,427078091.95,270446381.791156,215469030.96,136455537.54033,211609060.99,133990844.250826,28287629257.0,2800102572.47,29853187866.78
2021-07-28,0.645,0.7549,0.6308,0.7327,0.645,0.7549,0.6308,0.7327,1330280.0,691804.0,638476.0,1172622702.04,832092412.281381,606260421.57,430107482.385048,566362280.47,401984929.896333,31083173656.0,6452960526.63,33597124069.42
2021-07-29,0.7327,0.7665,0.697,0.7488,0.7326,0.7665,0.697,0.7488,732692.0,379088.0,353604.0,513356476.87,368115400.852823,257237974.71,184505160.036627,256118502.16,183610240.816196,33156682851.0,3717954854.78,34642507877.9
2021-07-30,0.7488,0.7697,0.7115,0.7521,0.7487,0.7697,0.7115,0.7521,903944.0,456011.0,447933.0,604445794.9,447185226.73487,302641203.84,223902739.537394,301804591.06,223282487.197476,33073062301.0,3328523560.84,34832471452.59
2021-07-31,0.7522,0.7591,0.7367,0.746,0.7521,0.7591,0.7367,0.746,478625.0,230725.0,247900.0,377281828.25,282409913.796145,186826869.57,139813114.1303,190454958.68,142596799.665845,33162441317.0,2612372196.2,34631811110.68
2021-08-01,0.7461,0.7778,0.7042,0.7242,0.7461,0.7778,0.7042,0.7242,439727.0,220625.0,219102.0,469477766.36,354676880.56225,228034595.27,172357776.419664,241443171.09,182319104.142586,31814507267.0,2529023488.35,33619230716.94
2021-08-02,0.7242,0.774,0.715,0.738,0.7242,0.774,0.715,0.738,541511.0,284593.0,256918.0,410656081.94,305390858.785136,198555025.91,147634882.515478,212101056.03,157755976.269658,32744774729.0,2648561557.61,34235061801.12
2021-08-03,0.738,0.745,0.7008,0.7136,0.738,0.745,0.7008,0.7136,451148.0,225096.0,226052.0,398158150.61,285457695.687979,195106267.19,139892263.176621,203051883.42,145565432.511358,31589571727.0,2857095374.46,33008209336.62
2021-08-04,0.7136,0.7398,0.6952,0.731,0.7136,0.7398,0.6952,0.731,286411.0,144692.0,141719.0,330543019.03,237584357.639538,163414914.9,117499934.578032,167128104.13,120084423.061506,32327740852.0,2796312040.53,33867793512.02
2021-08-05,0.731,0.7389,0.701,0.7327,0.7309,0.7389,0.701,0.7327,287364.0,143061.0,144303.0,331894003.59,239492318.471074,164417722.12,118667441.00615,167476281.47,120824877.464924,32455702319.0,2387435274.52,33991279559.74
2021-08-06,0.7327,0.753,0.7219,0.7474,0.7327,0.753,0.7219,0.7474,288053.0,146930.0,141123.0,304988991.92,225134914.547848,154538343.85,114093488.257461,150450648.07,111041426.290387,32879087836.0,2444020491.59,34651347981.71
2021-08-07,0.7474,0.8189,0.7411,0.8162,0.7473,0.8189,0.7411,0.8162,632865.0,332784.0,300081.0,589624594.72,463343332.664844,298670028.62,234673665.614872,290954566.1,228669667.049972,35893597464.0,4067148039.93,37889814539.54
2021-08-08,0.8163,0.8413,0.7717,0.7788,0.8164,0.8413,0.7717,0.7788,538544.0,272321.0,266223.0,556138875.77,447885548.576865,279855148.93,225560160.203906,276283726.84,222325388.372959,34614337282.0,3954749759.45,36147218021.42
2021-08-09,0.7788,0.8279,0.7596,0.817,0.7788,0.8279,0.7596,0.817,557017.0,291273.0,265744.0,474908832.08,382110622.319562,239206436.29,192627877.816767,235702395.79,189482744.502795,35949461395.0,3739417342.79,37995293623.39
2021-08-10,0.8169,0.8622,0.8,0.8511,0.8169,0.8622,0.8,0.8511,615024.0,319154.0,295870.0,503252613.21,417292098.623833,260121898.81,215729690.336165,243130714.4,201562408.287668,37521663054.0,4002349583.69,39512827526.75
2021-08-11,0.8511,1.0906,0.848,1.0105,0.8511,1.0906,0.848,1.0105,1598959.0,842979.0,755980.0,1131344973.99,1082107505.92106,596623194.48,570913719.953919,534721779.51,511193785.965404,44069472639.0,8213874829.52,46998944149.47
2021-08-12,1.0106,1.045,0.9222,0.966,1.0105,1.045,0.9222,0.966,1718713.0,861483.0,857230.0,990869466.08,974967199.76355,493054160.33,485456606.421812,497815305.75,489510593.341738,42360610659.0,7613283957.04,44772072920.2
2021-08-13,0.9661,1.0968,0.9501,1.0901,0.9663,1.0968,0.9501,1.0901,1180489.0,614183.0,566306.0,674407528.31,696016979.970035,343922583.52,355136300.589474,330484944.79,340880679.380561,47945538188.0,6425779146.98,50593330595.19
2021-08-14,1.0901,1.31,1.0691,1.2791,1.0902,1.31,1.0691,1.2791,2375959.0,1214347.0,1161612.0,1408060485.32,1665378192.29095,718022995.71,850610841.142504,690037489.61,814767351.149933,56886525789.0,12107814480.27,59433670764.96
2021-08-15,1.2788,1.35,1.2252,1.2839,1.2786,1.35,1.2252,1.2839,2070793.0,1094845.0,975948.0,1155282513.71,1485993854.11457,572760717.86,736755735.992282,582521795.85,749238118.11779,56494971823.0,10899164864.23,59793290470.88
2021-08-16,1.2838,1.3288,1.1432,1.1855,1.2836,1.3288,1.1432,1.1855,1451282.0,829216.0,622066.0,912003805.45,1134779963.99464,448750473.88,558854585.081205,463253331.57,575925378.913234,52813144845.0,8364848220.87,55283063915.4
2021-08-17,1.1855,1.2479,1.085,1.0978,1.1856,1.2479,1.085,1.0978,1163150.0,559361.0,603789.0,893360572.36,1044647325.97151,435913626.75,510651811.493901,457446945.61,533995514.478125,48817765407.0,7620119367.11,50975782194.47
2021-08-18,1.098,1.1963,1.0501,1.1431,1.0976,1.1963,1.0501,1.1431,1064942.0,558011.0,506931.0,870414538.26,973083353.962184,432251159.83,483435265.705837,438163378.43,489648088.256347,51432077297.0,7559385803.01,53261223014.1
2021-08-19,1.143,1.2355,1.0895,1.2347,1.144,1.2355,1.0895,1.2347,1007708.0,507018.0,500690.0,723276976.29,833027094.558431,364944229.6,420415245.97611,358332746.69,412611848.582321,53851828614.0,6781867994.22,57292421910.15
2021-08-20,1.2347,1.2897,1.1992,1.2629,1.2349,1.2897,1.1992,1.2629,909672.0,469146.0,440526.0,594584554.01,740518731.261929,300600685.03,374507350.743836,293983868.98,366011380.518093,55548722219.0,6600353563.6,58704239544.35
2021-08-21,1.2629,1.2835,1.2,1.2158,1.2629,1.2835,1.2,1.2158,736383.0,401616.0,334767.0,394160040.58,489884887.6497,196488005.97,244305264.929315,197672034.61,245579622.720385,53932154590.0,4955470066.45,56531735089.87
2021-08-22,1.2158,1.2557,1.1776,1.226,1.2157,1.2557,1.1776,1.226,494834.0,249394.0,245440.0,360176161.72,439116952.711535,178357209.79,217449470.841585,181818951.93,221667481.86995,54159810789.0,4452016856.08,57054490733.29
2021-08-23,1.2258,1.3046,1.2024,1.2457,1.2257,1.3046,1.2024,1.2457,1009456.0,509809.0,499647.0,661403795.74,830621615.344627,332273091.39,417357055.092765,329130704.35,413264560.251862,55335045099.0,6299948689.1,57962916947.4
2021-08-24,1.2456,1.2658,1.1212,1.1353,1.2457,1.2658,1.1212,1.1353,820305.0,411835.0,408470.0,637760055.93,762644112.689952,306735213.0,367097119.445823,331024842.93,395546993.244129,50962174222.0,6109699877.12,52902333463.73
2021-08-25,1.1353,1.1779,1.1073,1.1735,1.1352,1.1779,1.1073,1.1735,636609.0,327601.0,309008.0,530858362.99,610817777.128184,269650374.46,310317046.145367,261207988.53,300500730.982817,51562310315.0,4735020572.15,54538542684.19
2021-08-26,1.1735,1.1866,1.0636,1.0712,1.1734,1.1866,1.0636,1.0712,655176.0,335758.0,319418.0,569965192.92,633927173.724687,278847288.28,310212888.277459,291117904.64,323714285.447228,48555971807.0,4914724770.43,50014517958.77
2021-08-27,1.0713,1.1926,1.0501,1.1918,1.0712,1.1926,1.0501,1.1918,645262.0,342043.0,303219.0,565739468.35,630214549.741496,288472905.1,321611419.440548,277266563.25,308603130.300948,51842656645.0,5062671613.16,55280177530.94
2021-08-28,1.1918,1.198,1.1329,1.1459,1.1917,1.198,1.1329,1.1459,357705.0,186266.0,171439.0,314618250.83,364699164.615611,156237716.83,181109195.856716,158380534.0,183589968.758895,50381124239.0,3655937721.41,53281544266.3
2021-08-29,1.1458,1.1683,1.112,1.1408,1.1458,1.1683,1.112,1.1408,357272.0,181020.0,176252.0,313294895.0,357866960.9484,157954140.0,180498119.5015,155340755.0,177368841.4469,50565141829.0,3456541618.6,53064210217.42
2021-08-30,1.1408,1.1488,1.0946,1.1002,1.1409,1.1488,1.0946,1.1002,404186.0,201051.0,203135.0,364996870.0,411809728.9024,181122609.0,204415803.8863,183874261.0,207393925.0161,49028941761.0,3635181352.38,51231708606.43
2021-08-31,1.1005,1.2441,1.0907,1.1856,1.1004,1.2441,1.0907,1.1856,933085.0,493492.0,439593.0,709823003.3,826987896.932631,360641274.04,420113016.395665,349181729.26,406874880.536966,52186100545.0,5897781232.79,55273333180.72
2021-09-01,1.1856,1.2384,1.158,1.2362,1.1855,1.2384,1.158,1.2362,811808.0,423318.0,388490.0,469917987.0,563037891.0848,239867376.0,287499847.2593,230050611.0,275538043.8255,53920614681.0,4937053998.16,57474640799.6
2021-09-02,1.2362,1.295,1.2216,1.2533,1.2362,1.295,1.2216,1.2533,864194.0,480085.0,384109.0,501596506.82,632172811.386001,254013580.76,320270441.051283,247582926.06,311902370.334718,55432995280.0,5456908791.87,58472249962.86
2021-09-03,1.2533,1.3235,1.2189,1.2907,1.2532,1.3235,1.2189,1.2907,931021.0,469822.0,461199.0,526413570.07,674112638.880399,256360600.2,328455548.251694,270052969.87,345657090.628705,56630336877.0,5896982947.38,60106394915.11
2021-09-04,1.2906,1.2972,1.2352,1.2548,1.2907,1.2972,1.2352,1.2548,543380.0,293920.0,249460.0,355870711.0,451197569.7524,177144057.0,224577040.3162,178726654.0,226620529.4362,55141013951.0,4284360887.71,58446890874.13
2021-09-05,1.2548,1.3125,1.2361,1.3076,1.255,1.3125,1.2361,1.3076,598420.0,291935.0,306485.0,335187953.0,427279713.9735,169476333.0,216130488.9399,165711620.0,211149225.0336,57256660686.0,4077886190.4,60760906594.86
2021-09-06,1.3075,1.4151,1.3065,1.3894,1.3073,1.4151,1.3065,1.3894,1501496.0,817352.0,684144.0,710855257.92,967534789.847962,356638354.9,485811140.205775,354216903.02,481723649.642187,61155678212.0,7403887685.13,64666529504.63
2021-09-07,1.3894,1.3922,0.9524,1.1292,1.3895,1.3922,0.9524,1.1292,2046088.0,1007914.0,1038174.0,1297978123.89,1530457369.03502,605657578.72,714169809.779088,692320545.17,816287559.25593,49663753756.0,11310427430.44,52364743397.95
2021-09-08,1.129,1.148,1.0133,1.0998,1.1287,1.148,1.0133,1.0998,1185159.0,636286.0,548873.0,794455994.0,865948220.4902,394430678.0,430013544.9522,400025316.0,435934675.538,49019650781.0,7367876460.04,51277350704.47
2021-09-09,1.0999,1.1377,1.0619,1.0868,1.0999,1.1377,1.0619,1.0868,761515.0,405015.0,356500.0,604426508.0,668447113.2499,301414631.0,333486050.8417,303011877.0,334961062.4082,48148329900.0,5171653352.18,50750034997.25
2021-09-10,1.0868,1.245,1.03,1.0552,1.0868,1.245,1.03,1.0552,1396357.0,712092.0,684265.0,901671116.0,1007065760.5272,443527547.0,496554087.7052,458143569.0,510511672.822,46350298324.0,7726257542.62,49253083572.93
2021-09-11,1.0552,1.12,1.0503,1.0787,1.0551,1.12,1.0503,1.0787,547449.0,294368.0,253081.0,336502704.0,364352999.4019,169219919.0,183340643.306,167282785.0,181012356.0959,47317547215.0,3986494411.89,50307743576.21
2021-09-12,1.0788,1.1276,1.0576,1.1181,1.0788,1.1276,1.0576,1.1181,474119.0,241550.0,232569.0,324049191.0,355164242.8765,156779948.0,171844152.4169,167269243.0,183320090.4596,49396234832.0,3403286575.57,52158563410.7
2021-09-13,1.1181,1.1266,1.025,1.0643,1.1183,1.1266,1.025,1.0643,664695.0,340252.0,324443.0,510682363.0,542699043.4266,248947798.0,264648152.5905,261734565.0,278050890.8361,46922347020.0,4391908806.05,49598337463.74
2021-09-14,1.0644,1.0978,1.0566,1.0963,1.0644,1.0978,1.0566,1.0963,370467.0,190212.0,180255.0,275908113.0,296824863.0249,139321192.0,149910412.9693,136586921.0,146914450.0556,48237903488.0,3378813326.75,51124757110.01
2021-09-15,1.0962,1.13,1.0784,1.1207,1.0962,1.13,1.0784,1.1207,416645.0,216991.0,199654.0,289063987.0,318565154.1035,145784250.0,160762178.4141,143279737.0,157802975.6894,49404747337.0,2997048679.83,52279978058.44
2021-09-16,1.1207,1.13,1.0662,1.0902,1.1207,1.13,1.0662,1.0902,425073.0,227057.0,198016.0,302954441.0,334126208.1512,142677834.0,157400193.5917,160276607.0,176726014.5595,48020552080.0,3168621353.7,50888059285.64
2021-09-17,1.0903,1.1025,1.0509,1.0661,1.0903,1.1025,1.0509,1.0661,352627.0,181553.0,171074.0,297933223.0,320042162.7333,147626604.0,158616080.5687,150306619.0,161426082.1646,46824235504.0,2989925803.96,49680556383.25
2021-09-18,1.0663,1.0952,1.0562,1.0751,1.0663,1.0952,1.0562,1.0751,249856.0,126429.0,123427.0,195352031.0,210969782.0848,96009665.0,103707719.4564,99342366.0,107262062.6284,47337122589.0,2308814475.73,50150029617.16
2021-09-19,1.0752,1.0837,1.0383,1.0483,1.0752,1.0837,1.0383,1.0483,278563.0,142372.0,136191.0,211015299.0,224922100.167,95069966.0,101359219.8686,115945333.0,123562880.2984,46094051990.0,2148537762.63,48880060223.91
2021-09-20,1.0483,1.0497,0.8738,0.9216,1.0483,1.0497,0.8738,0.9216,1114773.0,540714.0,574059.0,837287959.74,792700101.401447,396072034.61,374991149.293757,441215925.13,417708952.10769,40383406268.0,5775337510.83,42759674554.77
2021-09-21,0.9216,0.9593,0.8582,0.8743,0.9215,0.9593,0.8582,0.8743,840319.0,422157.0,418162.0,632313366.81,577784882.95354,306521703.46,280458534.16102,325791663.35,297326348.79252,38242380896.0,4787985414.22,40940000990.62
2021-09-22,0.874,1.0094,0.8679,1.0033,0.8739,1.0094,0.8679,1.0033,843137.0,418678.0,424459.0,606417695.0,574463634.2947,304260380.0,288216674.8659,302157315.0,286246959.4288,43928460441.0,4813963291.54,46908062027.37
2021-09-23,1.0033,1.017,0.9676,1.0016,1.003,1.017,0.9676,1.0016,494376.0,267774.0,226602.0,409673892.0,406888652.8701,208732185.0,207354904.12,200941707.0,199533748.7501,43975557422.0,3734263357.9,46812952763.1
2021-09-24,1.0016,1.0027,0.8858,0.944,1.0013,1.0027,0.8858,0.944,679646.0,347778.0,331868.0,605329486.0,566743451.816,290928769.0,272500446.6945,314400717.0,294243005.1215,41580646225.0,4425027059.07,44191347619.55
2021-09-25,0.9442,0.9577,0.9163,0.94,0.9441,0.9577,0.9163,0.94,373109.0,198007.0,175102.0,347043937.0,326093439.8415,175872118.0,165249125.2773,171171819.0,160844314.5642,41528973199.0,3067009121.19,43977267938.92
2021-09-26,0.9399,0.9567,0.8915,0.9436,0.9399,0.9567,0.8915,0.9436,430585.0,217070.0,213515.0,384081774.0,356582690.4028,191933032.0,178303787.7177,192148742.0,178278902.6851,41405828853.0,3142032668.82,44135149070.76
2021-09-27,0.9436,0.9818,0.9194,0.9218,0.9435,0.9818,0.9194,0.9218,400924.0,208254.0,192670.0,350234819.0,334311153.3625,171783128.0,164056068.8072,178451691.0,170255084.5553,40897459308.0,3014579575.06,43152397719.64
2021-09-28,0.9217,0.9431,0.8903,0.8928,0.9217,0.9431,0.8903,0.8928,312017.0,161114.0,150903.0,313521537.0,289321906.2127,151280494.0,139612420.7897,162241043.0,149709485.423,39907266630.0,2818990506.0,41780353565.36
2021-09-29,0.8928,0.9941,0.8861,0.9268,0.8929,0.9941,0.8861,0.9268,542812.0,287469.0,255343.0,459660796.0,430499983.899,228761884.0,214380610.9162,230898912.0,216119372.9828,40706977984.0,3558174319.64,43400740797.17
2021-09-30,0.9266,0.964,0.9217,0.9533,0.9267,0.964,0.9217,0.9533,347699.0,176555.0,171144.0,332911904.0,314656116.1335,173699881.0,164221333.7181,159212023.0,150434782.4154,41934983399.0,3051316850.03,44536153773.63
2021-10-01,0.9535,1.0695,0.9443,1.0422,0.9535,1.0695,0.9443,1.0422,937418.0,499949.0,437469.0,644378881.0,652127951.2652,331764634.0,335887904.8036,312614247.0,316240046.4616,45819671960.0,5125674348.85,48743111955.39
2021-10-02,1.0422,1.0733,1.0079,1.0359,1.0421,1.0733,1.0079,1.0359,545451.0,294161.0,251290.0,398398944.0,413036443.6857,198650222.0,205862310.3216,199748722.0,207174133.3641,45789151853.0,3884936924.25,48558526830.16
2021-10-03,1.0359,1.0884,1.021,1.0552,1.0358,1.0884,1.021,1.0552,569147.0,311039.0,258108.0,410176280.0,433656250.1538,198733553.0,210102142.1416,211442727.0,223554108.0122,46476141413.0,3496121109.11,49329658369.87
2021-10-04,1.0552,1.0596,1.0059,1.0425,1.0552,1.0596,1.0059,1.0425,497468.0,260707.0,236761.0,416467677.0,431530625.3531,203519915.0,210955191.9156,212947762.0,220575433.4375,46277408782.0,3164260800.04,48760908472.51
2021-10-05,1.0429,1.088,1.038,1.0839,1.0426,1.088,1.038,1.0839,648561.0,352621.0,295940.0,429469278.0,456101439.3792,214357457.0,227682123.4182,215111821.0,228419315.961,47561111916.0,3251465578.54,50747746963.68
2021-10-06,1.084,1.1081,1.0171,1.0765,1.084,1.1081,1.0171,1.0765,804618.0,446444.0,358174.0,509214129.0,543208784.6736,248754734.0,265518234.8677,260459395.0,277690549.8059,47711606651.0,3806090853.55,50440520123.31
2021-10-07,1.0766,1.0942,1.0423,1.0678,1.0767,1.0942,1.0423,1.0678,559231.0,307991.0,251240.0,410868906.0,440046088.3941,202239697.0,216612130.7338,208629209.0,223433957.6603,46993475527.0,3192050513.12,49989786894.61
2021-10-08,1.0677,1.0927,1.0539,1.0636,1.0677,1.0927,1.0539,1.0636,409482.0,218665.0,190817.0,335486636.0,359658964.0998,166590112.0,178622759.6829,168896524.0,181036204.4169,46685951343.0,2577289115.24,49749449084.16
2021-10-09,1.0636,1.2089,1.0565,1.1604,1.0637,1.2089,1.0565,1.1604,1367053.0,720341.0,646712.0,678027224.72,774368159.19448,341859216.72,390276863.72738,336168008.0,384091295.4671,51379132549.0,4844564004.06,54291223685.59
2021-10-10,1.1604,1.23,1.1262,1.1352,1.1604,1.23,1.1262,1.1352,1265003.0,717032.0,547971.0,647048690.0,763401930.315,317029981.0,374214906.5846,330018709.0,389187023.7304,50393935582.0,5165905722.91,53286170975.52
2021-10-11,1.1352,1.182,1.1017,1.1364,1.135,1.182,1.1017,1.1364,577925.0,295778.0,282147.0,429676031.0,493219103.8297,206372623.0,236947989.6064,223303408.0,256271114.2233,49635797085.0,4022773987.56,53259748518.61
2021-10-12,1.1363,1.1364,1.0634,1.1018,1.1363,1.1364,1.0634,1.1018,648862.0,329934.0,318928.0,455399313.0,498806214.9117,220602422.0,241636245.7546,234796891.0,257169969.1571,48534378734.0,3959747372.73,51573371752.85
2021-10-13,1.1017,1.1387,1.075,1.1275,1.1017,1.1387,1.075,1.1275,558957.0,289077.0,269880.0,403291632.0,444999640.5,195907397.0,216234422.9481,207384235.0,228765217.5519,49665076609.0,3675636699.26,52815266691.03
2021-10-14,1.1277,1.16,1.1174,1.1336,1.1277,1.16,1.1174,1.1336,523592.0,263771.0,259821.0,353714419.0,400855761.5899,171004499.0,193847001.6744,182709920.0,207008759.9155,49877951131.0,3184675622.79,53080820684.69
2021-10-15,1.1335,1.1656,1.0914,1.1413,1.1335,1.1656,1.0914,1.1413,762420.0,414319.0,348101.0,573654581.0,648102623.4315,290476142.0,328229101.2584,283178439.0,319873522.1731,50217061596.0,5364938374.95,53466835375.55
2021-10-16,1.1415,1.1869,1.13,1.1343,1.1415,1.1869,1.13,1.1343,522648.0,276006.0,246642.0,339530696.0,390396344.3135,162188307.0,186577063.1729,177342389.0,203819281.1406,50214142638.0,3776545069.01,53211168217.19
2021-10-17,1.1343,1.1407,1.0172,1.0944,1.1343,1.1407,1.0172,1.0944,589139.0,312447.0,276692.0,384414867.0,422600928.3237,186011826.0,204834026.1928,198403041.0,217766902.1309,48093957093.0,3227519874.1,51259722973.64
2021-10-18,1.0943,1.1064,1.0642,1.0827,1.0943,1.1064,1.0642,1.0827,461516.0,233942.0,227574.0,321174243.0,349574306.1556,158942038.0,172997644.5825,162232205.0,176576661.5731,47762515517.0,3186066187.89,50808473633.53
2021-10-19,1.0827,1.1009,1.0661,1.0911,1.0827,1.1009,1.0661,1.0911,302779.0,152838.0,149941.0,235324664.0,255777828.0828,115608150.0,125671513.0674,119716514.0,130106315.0154,48060635809.0,2586014628.05,51194671132.94
2021-10-20,1.0911,1.1529,1.0868,1.1455,1.0912,1.1529,1.0868,1.1455,627045.0,301554.0,325491.0,346122480.0,388488239.2722,177132452.0,198819376.8467,168990028.0,189668862.4255,50280570298.0,3394782025.04,53550188925.46
2021-10-21,1.1451,1.164,1.0851,1.0886,1.1453,1.164,1.0851,1.0886,725724.0,408787.0,316937.0,442288500.0,498949022.2723,209735988.0,236712053.1645,232552512.0,262236969.1078,47998277337.0,4035726860.09,51139376561.02
2021-10-22,1.0885,1.1288,1.0739,1.0885,1.0885,1.1288,1.0739,1.0885,508180.0,260712.0,247468.0,333619107.0,366473886.8915,161468273.0,177413755.8383,172150834.0,189060131.0532,48068095471.0,3296407031.51,51095191252.34
2021-10-23,1.0885,1.1018,1.0763,1.0934,1.0885,1.1018,1.0763,1.0934,265247.0,136655.0,128592.0,189644449.0,206632213.8513,92076637.0,100338786.908,97567812.0,106293426.9433,48182104291.0,2236173912.52,51382650889.26
2021-10-24,1.0935,1.0961,1.0522,1.0821,1.0935,1.0961,1.0522,1.0821,373923.0,193591.0,180332.0,234286648.0,253010407.2552,114113052.0,123272908.6472,120173596.0,129737498.608,47753055862.0,2240272601.54,50903113917.36
2021-10-25,1.0821,1.1034,1.0778,1.0951,1.0821,1.1034,1.0778,1.0951,299781.0,146945.0,152836.0,218666074.0,238965157.4406,109677854.0,119864349.4339,108988220.0,119100808.0067,48257399493.0,2595663483.21,51413671451.17
2021-10-26,1.0951,1.1606,1.0905,1.1075,1.0951,1.1606,1.0905,1.1075,860622.0,448634.0,411988.0,439499263.0,491588833.5156,215611292.0,241277301.7239,223887971.0,250311531.7917,48836475450.0,3933349796.39,52097271165.58
2021-10-27,1.1076,1.1248,0.9483,0.995,1.1075,1.1248,0.9483,0.995,1213205.0,602034.0,611171.0,914728059.0,948155132.437,428604008.0,444689289.167,486124051.0,503465843.27,44148354594.0,6433932055.54,46801415837.96
2021-10-28,0.9951,1.0816,0.981,1.0579,0.9954,1.0816,0.981,1.0579,1044936.0,526448.0,518488.0,686113717.0,714218398.5176,344874247.0,359010564.158,341239470.0,355207834.3596,46683818318.0,5528214768.08,49780694861.64
2021-10-29,1.058,1.0903,1.0409,1.0825,1.058,1.0903,1.0409,1.0825,520339.0,264529.0,255810.0,357777322.0,383066388.4638,177083895.0,189631182.1258,180693427.0,193435206.338,47597773700.0,3549325709.34,50847132315.3
2021-10-30,1.0825,1.1169,1.0611,1.0846,1.0825,1.1169,1.0611,1.0846,664712.0,335473.0,329239.0,372223050.0,403826768.1772,185252352.0,201009102.01,186970698.0,202817666.1672,47306177985.0,3261273037.79,50962128039.07
2021-10-31,1.0845,1.1544,1.0689,1.1128,1.0843,1.1544,1.0689,1.1128,1143479.0,592956.0,550523.0,659007943.0,727992493.5445,329331961.0,363873633.3656,329675982.0,364118860.1789,49110150200.0,4607785326.87,52339587880.11
2021-11-01,1.1128,1.1321,1.069,1.0915,1.1129,1.1321,1.069,1.0915,643669.0,368872.0,274797.0,381430430.0,417467396.2556,185232581.0,202755853.7951,196197849.0,214711542.4605,48124460485.0,3655823942.64,51381421184.11
2021-11-02,1.0916,1.1468,1.0851,1.1349,1.0916,1.1468,1.0851,1.1349,625969.0,318465.0,307504.0,398377412.0,444398509.345,201933281.0,225266012.7631,196444131.0,219132496.5819,49639009627.0,3609677729.0,53494011976.35
2021-11-03,1.1348,1.2363,1.1255,1.2101,1.1349,1.2363,1.1255,1.2101,1836581.0,990498.0,846083.0,838803472.0,995581269.6626,429499652.0,509886641.1275,409303820.0,485694628.5351,53007323251.0,6526803610.47,56912140279.91
2021-11-04,1.21,1.2574,1.1604,1.2004,1.21,1.2574,1.1604,1.2004,1205090.0,669649.0,535441.0,553456246.0,666720493.3713,272316073.0,328233140.7536,281140173.0,338487352.6177,52867251475.0,5210115532.46,56592297184.32
2021-11-05,1.2004,1.2015,1.1311,1.1581,1.2005,1.2015,1.1311,1.1581,561420.0,286988.0,274432.0,318649692.0,372181223.325,154669906.0,180641196.991,163979786.0,191540026.334,51100801893.0,3572443865.62,54686911054.63
2021-11-06,1.1581,1.1828,1.1,1.151,1.1581,1.1828,1.1,1.151,482403.0,236465.0,245938.0,260339849.0,297442023.9152,123865463.0,141627945.0158,136474386.0,155814078.8994,50663056075.0,2630197378.39,54259491823.57
2021-11-07,1.1511,1.2374,1.1451,1.2198,1.1512,1.2374,1.1451,1.2198,746460.0,365311.0,381149.0,371235010.0,444359161.8766,189529619.0,226885592.422,181705391.0,217473569.4546,53653218912.0,3384556620.17,57323540669.27
2021-11-08,1.2198,1.296,1.2192,1.2815,1.2198,1.296,1.2192,1.2815,1311350.0,752122.0,559228.0,606055941.0,766012117.34615,312489622.5,394975208.87415,293566318.5,371036908.472,56662377695.0,5547697295.9,60376473907.13
2021-11-09,1.2815,1.2884,1.2245,1.2571,1.2814,1.2884,1.2245,1.2571,786811.0,436125.0,350686.0,465127517.0,584938595.7314,232073927.0,291891568.5993,233053590.0,293047027.1321,55629913598.0,5211033825.09,59272552244.73
2021-11-10,1.2572,1.3493,1.1174,1.1902,1.2573,1.3493,1.1174,1.1902,1912107.0,993960.0,918147.0,932520826.0,1175404692.7939,453435085.0,572217507.5685,479085741.0,603187185.2254,52100877295.0,7430166330.4,56186000040.88
2021-11-11,1.1902,1.2544,1.1764,1.2142,1.19,1.2544,1.1764,1.2142,805740.0,454710.0,351030.0,475284132.0,577096707.3746,234170603.0,284360408.3901,241113529.0,292736298.9845,53817874019.0,4904300952.87,57456775920.13
2021-11-12,1.2142,1.2332,1.1542,1.1883,1.214,1.2332,1.1542,1.1883,641731.0,323804.0,317927.0,446863355.0,531437316.5595,219407169.0,260993573.5541,227456186.0,270443743.0054,52394593559.0,4230289447.99,56088750725.02
2021-11-13,1.1884,1.2039,1.167,1.1892,1.1884,1.2039,1.167,1.1892,353269.0,184369.0,168900.0,240083101.0,284873053.1299,122348622.0,145162040.9171,117734479.0,139711012.2128,52371433759.0,2889142419.42,56210559815.27
2021-11-14,1.1894,1.1995,1.1675,1.1879,1.1894,1.1995,1.1675,1.1879,295787.0,150148.0,145639.0,192023307.0,227345320.609,94753598.0,112191678.7351,97269709.0,115153641.8739,52090959423.0,2210065757.16,56053003302.56
2021-11-15,1.1879,1.2198,1.1651,1.172,1.188,1.2198,1.1651,1.172,410956.0,201858.0,209098.0,266793400.0,319547494.8597,130848529.0,156804907.2774,135944871.0,162742587.5823,51802940122.0,2850390389.06,55240642586.96
2021-11-16,1.172,1.1721,1.0418,1.0877,1.1719,1.1721,1.0418,1.0877,853020.0,424713.0,428307.0,599544174.0,662858882.2038,288381014.0,318846891.2983,311163160.0,344011990.9055,48331922048.0,4829173280.74,51447319559.6
2021-11-17,1.0877,1.113,1.0588,1.0953,1.0877,1.113,1.0588,1.0953,503502.0,255254.0,248248.0,383487232.0,416331389.1518,193117447.0,209655124.23,190369785.0,206676264.9218,48065284639.0,3701959224.93,51699946365.63
2021-11-18,1.0953,1.17,1.015,1.0406,1.0952,1.17,1.015,1.0406,965158.0,483229.0,481929.0,698664651.0,762250060.677,339905880.0,370940282.3638,358758771.0,391309778.3132,45661094607.0,5394362497.81,49137485490.9
2021-11-19,1.0406,1.103,1.0174,1.0892,1.0406,1.103,1.0174,1.0892,481533.0,238620.0,242913.0,349087574.0,370490515.5623,175186644.0,186033128.7856,173900930.0,184457386.7767,47880655904.0,3716379231.11,51473654740.71
2021-11-20,1.0892,1.1015,1.0594,1.0965,1.0892,1.1015,1.0594,1.0965,388598.0,215888.0,172710.0,251779916.0,273011333.8425,129627743.0,140565289.4454,122152173.0,132446044.3971,48327109765.0,2575832703.44,51763863310.18
2021-11-21,1.0965,1.0974,1.0544,1.0569,1.0965,1.0974,1.0544,1.0569,343512.0,179698.0,163814.0,228064131.0,245324674.6924,116076285.0,124875799.0337,111987846.0,120448875.6587,47427229573.0,2213864918.06,49996674605.72
2021-11-22,1.0571,1.071,1.0251,1.0354,1.0577,1.071,1.0251,1.0354,456389.0,238875.0,217514.0,307140428.0,320708762.399,154471524.0,161296958.2074,152668904.0,159411804.1916,45741710800.0,2844568484.55,48886029570.33
2021-11-23,1.0354,1.0715,1.0192,1.0661,1.0353,1.0715,1.0192,1.0661,445652.0,225133.0,220519.0,341407597.0,357152586.7084,170410467.0,178301751.3551,170997130.0,178850835.3533,46966162136.0,3098367613.04,50321301841.37
2021-11-24,1.0662,1.0735,1.0068,1.0326,1.0662,1.0735,1.0068,1.0326,439717.0,222292.0,217425.0,344750680.0,356216660.773,168984845.0,174566911.1012,175765835.0,181649749.6718,45402695831.0,3151964355.91,49143202950.14
2021-11-25,1.0325,1.0647,1.0215,1.0438,1.0326,1.0647,1.0215,1.0438,428975.0,208987.0,219988.0,312211526.0,325685350.5721,151397551.0,157932594.6445,160813975.0,167752755.9276,46259423319.0,3107133470.81,48662772244.55
2021-11-26,1.0439,1.0467,0.9108,0.9394,1.0443,1.0467,0.9108,0.9394,818224.0,393189.0,425035.0,659982617.0,635807297.3388,305700728.0,294385845.4156,354281889.0,341421451.9232,41649646063.0,4293461689.48,44157315527.91
2021-11-27,0.9392,0.9656,0.9336,0.9452,0.9393,0.9656,0.9336,0.9452,285945.0,141712.0,144233.0,224846313.0,214040812.9727,109082246.0,103851026.1637,115764067.0,110189786.809,41538791787.0,2410404613.99,44667017449.99
2021-11-28,0.9453,0.9692,0.8825,0.9687,0.9453,0.9692,0.8825,0.9687,432672.0,213750.0,218922.0,336336729.0,310943922.6142,166398043.0,153938585.4901,169938686.0,157005337.1241,42502137041.0,2605488238.82,45685317112.38
2021-11-29,0.9687,1.0019,0.9631,0.9898,0.9687,1.0019,0.9631,0.9898,419716.0,211235.0,208481.0,303393405.0,297699683.6272,151856775.0,149009331.0323,151536630.0,148690352.5949,43846952393.0,2917313727.24,46779851695.56
2021-11-30,0.9899,1.0304,0.97,0.9983,0.9899,1.0304,0.97,0.9983,507111.0,252434.0,254677.0,340017409.0,339684740.1831,166773290.0,166644271.5732,173244119.0,173040468.6099,44175233080.0,2949826821.23,47100211146.6
2021-12-01,0.9984,1.0173,0.9799,0.9899,0.9984,1.0173,0.9799,0.9899,329435.0,163648.0,165787.0,250291608.0,250962192.9921,119555051.0,119895114.2574,130736557.0,131067078.7347,43703691151.0,2570587577.4,46787835444.72
2021-12-02,0.9898,0.9901,0.9545,0.9716,0.9895,0.9901,0.9545,0.9716,308304.0,155057.0,153247.0,213172250.0,207549885.5161,101527069.0,98854256.9574,111645181.0,108695628.5587,43045320939.0,2250871710.75,45908803254.81
2021-12-03,0.9715,0.9838,0.89,0.9211,0.9715,0.9838,0.89,0.9211,429873.0,208953.0,220920.0,297172193.0,282383779.9832,137417390.0,130702903.4213,159754803.0,151680876.5619,40792882615.0,2714612021.98,43573524974.92
2021-12-04,0.9211,0.9245,0.6,0.8449,0.9211,0.9245,0.6,0.8449,1465086.0,728412.0,736674.0,1357965897.04,1041408385.91463,669064499.46,513412954.998889,688901397.58,527995430.915745,37502825993.0,6970805725.87,40019838915.64
2021-12-05,0.8452,0.862,0.769,0.8045,0.8452,0.862,0.769,0.8045,675094.0,337288.0,337806.0,518767360.0,420563233.4764,259797097.0,210624669.4648,258970263.0,209938564.0116,35371850980.0,3553480780.08,38062181528.72
2021-12-06,0.8045,0.8303,0.7485,0.8255,0.8045,0.8303,0.7485,0.8255,580484.0,294313.0,286171.0,508644255.0,398532303.1907,255331010.0,200213987.0807,253313245.0,198318316.11,36319626789.0,3447952787.99,39134367676.94
2021-12-07,0.8256,0.8467,0.8042,0.8154,0.8256,0.8467,0.8042,0.8154,376292.0,196770.0,179522.0,319504545.0,264723351.7763,159827014.0,132434631.9359,159677531.0,132288719.8404,35816577011.0,2720124734.87,38676090001.14
2021-12-08,0.8154,0.8844,0.8026,0.8622,0.8154,0.8844,0.8026,0.8622,506377.0,258187.0,248190.0,415004580.0,349152928.9331,208093070.0,175153057.1379,206911510.0,173999871.7952,37938508140.0,3038966909.38,40788933386.8
2021-12-09,0.8623,0.9361,0.8319,0.8583,0.8622,0.9361,0.8319,0.8583,876270.0,444995.0,431275.0,684730305.0,605671793.4532,347439534.0,307442674.4792,337290771.0,298229118.974,38628339619.0,4555815212.81,40692779515.98
2021-12-10,0.8583,0.8829,0.7914,0.7992,0.8581,0.8829,0.7914,0.7992,594580.0,297207.0,297373.0,496512579.0,416778024.2323,235629506.0,197912845.0196,260883073.0,218865179.2127,35822596870.0,3267095313.95,37849684984.53
2021-12-11,0.7992,0.8445,0.7844,0.8392,0.7994,0.8445,0.7844,0.8392,445769.0,271197.0,174572.0,284945414.0,234938185.3594,146717790.0,120976110.0788,138227624.0,113962075.2806,36988634576.0,2056974460.77,39655263405.8
2021-12-12,0.8391,0.8572,0.8088,0.8393,0.8391,0.8572,0.8088,0.8393,433672.0,142882.0,290790.0,224450903.0,186434002.2961,105982858.0,88093510.7056,118468045.0,98340491.5905,37160598573.0,1628060313.23,39750263455.57
2021-12-13,0.8394,0.8444,0.7601,0.7818,0.8394,0.8444,0.7601,0.7818,453192.0,216495.0,236697.0,378446930.0,303448083.6711,180092644.0,144435693.4824,198354286.0,159012390.1887,34710687381.0,2509034504.01,36989642588.05
2021-12-14,0.782,0.8214,0.7717,0.8103,0.782,0.8214,0.7717,0.8103,436376.0,209056.0,227320.0,352693472.0,280765038.7079,173552824.0,138182179.2999,179140648.0,142582859.408,35740018326.0,3477802545.45,37620617955.13
2021-12-15,0.8102,0.84,0.777,0.8262,0.8104,0.84,0.777,0.8262,436330.0,213133.0,223197.0,354116180.0,286906700.2117,176584730.0,143072430.0629,177531450.0,143834270.1488,36371478116.0,3088068967.79,39093865517.7
2021-12-16,0.8262,0.8364,0.8028,0.8051,0.8262,0.8364,0.8028,0.8051,263603.0,127311.0,136292.0,206133176.0,169655788.8523,96849502.0,79731415.9735,109283674.0,89924372.8788,35582404633.0,2178245899.74,38092182469.48
2021-12-17,0.8053,0.8322,0.7754,0.7966,0.8053,0.8322,0.7754,0.7966,331215.0,154318.0,176897.0,260108143.0,208935917.9435,123033534.0,98832650.3263,137074609.0,110103267.6172,35219899174.0,2364224847.48,37764335881.16
2021-12-18,0.7967,0.8347,0.791,0.8262,0.7967,0.8347,0.791,0.8262,237029.0,116897.0,120132.0,170671362.0,139512176.9931,84638803.0,69194113.9291,86032559.0,70318063.064,36404945739.0,1806931648.17,39091417282.49
2021-12-19,0.8263,0.8485,0.819,0.835,0.8262,0.8485,0.819,0.835,238026.0,118582.0,119444.0,163876270.0,136403589.8845,81883437.0,68173794.5591,81992833.0,68229795.3254,37101732120.0,1576121375.25,39453059810.79
2021-12-20,0.835,0.915,0.8241,0.8798,0.835,0.915,0.8241,0.8798,717607.0,367229.0,350378.0,555435824.0,482473462.1703,278644797.0,242116080.3848,276791027.0,240357381.7855,38969938602.0,4587029517.77,41569511380.44
2021-12-21,0.8799,0.961,0.8527,0.9467,0.8802,0.961,0.8527,0.9467,626112.0,327669.0,298443.0,471318013.0,423894867.7381,245880700.0,221014207.9591,225437313.0,202880659.779,41915625574.0,3748952692.05,44773731359.42
2021-12-22,0.9466,0.9738,0.923,0.9537,0.9465,0.9738,0.923,0.9537,628940.0,338087.0,290853.0,401407051.0,382128111.3491,208660537.0,198698635.3737,192746514.0,183429475.9754,42159210974.0,3317199426.62,45106931979.03
2021-12-23,0.9538,1.0167,0.9372,0.9941,0.9544,1.0167,0.9372,0.9941,732032.0,373822.0,358210.0,479436230.0,472937211.2679,253208275.0,249891245.6879,226227955.0,223045965.58,43557592737.0,4257231145.21,47216781863.91
2021-12-24,0.9941,0.9966,0.8964,0.9115,0.994,0.9966,0.8964,0.9115,787038.0,396410.0,390628.0,567234092.0,537703509.631,282710173.0,268515665.2641,284523919.0,269187844.3669,40061763638.0,3864725087.11,43355016374.03
2021-12-25,0.9114,0.935,0.8981,0.9252,0.9114,0.935,0.8981,0.9252,379781.0,175662.0,204119.0,250074945.0,230230296.371,122097945.0,112386822.4303,127977000.0,117843473.9407,40796136843.0,1747049348.42,43962148014.83
2021-12-26,0.9252,0.9334,0.9052,0.92,0.9252,0.9334,0.9052,0.92,258963.0,138110.0,120853.0,163438501.0,149939963.3385,82596324.0,75784385.4342,80842177.0,74155577.9043,40573105274.0,1324703098.02,43789189735.82
2021-12-27,0.92,0.956,0.9141,0.9269,0.92,0.956,0.9141,0.9269,337687.0,178288.0,159399.0,236282371.0,220092028.7925,118870573.0,110780355.3017,117411798.0,109311673.4908,40960424779.0,1788981448.58,44027073353.12
2021-12-28,0.9269,0.9269,0.8456,0.8515,0.9268,0.9269,0.8456,0.8515,410901.0,200010.0,210891.0,321266081.0,283419211.7008,146235922.0,128939815.9201,175030159.0,154479395.7807,37852567377.0,2281985956.49,40546296041.7
2021-12-29,0.8516,0.8645,0.81,0.8171,0.8516,0.8645,0.81,0.8171,347814.0,172004.0,175810.0,306520880.0,257232945.2212,146039311.0,122506789.5478,160481569.0,134726155.6734,35985132461.0,2050248751.32,38823298887.23
2021-12-30,0.8172,0.86,0.802,0.8386,0.8172,0.86,0.802,0.8386,305744.0,149054.0,156690.0,262671659.0,219272099.3347,127283955.0,106265954.4498,135387704.0,113006144.8849,36998707520.0,1880399926.4,39913518999.66
2021-12-31,0.8385,0.8545,0.8025,0.8297,0.8385,0.8545,0.8025,0.8297,284049.0,146594.0,137455.0,239829934.0,200227347.4595,118094198.0,98613208.6285,121735736.0,101614138.831,36636528591.0,1736939791.21,39510117215.0
2022-01-01,0.8298,0.8557,0.8297,0.8507,0.8298,0.8557,0.8297,0.8507,178238.0,90650.0,87588.0,136976730.0,115507460.3752,70090109.0,59113405.0148,66886621.0,56394055.3604,37313207943.0,1156464024.18,40380448983.19
2022-01-02,0.8508,0.8667,0.8372,0.8586,0.8509,0.8667,0.8372,0.8586,176940.0,92424.0,84516.0,129688032.0,110265575.8458,65996017.0,56117623.4551,63692015.0,54147952.3907,37919749746.0,1134033205.41,40838984413.82
2022-01-03,0.8586,0.8587,0.8213,0.8324,0.8586,0.8587,0.8213,0.8324,232484.0,119247.0,113237.0,178618617.0,149876148.1059,89735857.0,75298817.1864,88882760.0,74577330.9195,36707483119.0,1428968710.05,39591978497.78
2022-01-04,0.8324,0.8456,0.7794,0.8228,0.8324,0.8456,0.7794,0.8228,270966.0,135609.0,135357.0,214415744.0,177691936.9922,104076850.0,86367665.3622,110338894.0,91324271.63,36509331446.0,1514079366.35,39201627718.08
2022-01-05,0.8227,0.8372,0.7092,0.7726,0.8226,0.8372,0.7092,0.7726,482373.0,232325.0,250048.0,370612510.0,294783762.2987,173152247.0,137997621.9471,197460263.0,156786140.3516,33958553283.0,2252733063.69,36841776824.92
2022-01-06,0.7725,0.7909,0.7377,0.7791,0.7724,0.7909,0.7377,0.7791,415169.0,196090.0,219079.0,307202277.0,234402002.0906,151109632.0,115283157.759,156092645.0,119118844.3316,34406269606.0,2165022786.38,37174268617.94
2022-01-07,0.779,0.7808,0.7287,0.7634,0.779,0.7808,0.7287,0.7634,511973.0,252706.0,259267.0,372926762.0,281919749.2178,177050288.0,133890338.658,195876474.0,148029410.5598,33542252303.0,2329624598.25,36304923988.97
2022-01-08,0.7634,0.7768,0.7222,0.7452,0.7635,0.7768,0.7222,0.7452,347309.0,167206.0,180103.0,253028571.0,190213053.8015,122226022.0,91911985.049,130802549.0,98301068.7525,33013141944.0,1792091500.81,35572883103.28
2022-01-09,0.7452,0.7667,0.7381,0.753,0.7452,0.7667,0.7381,0.753,211515.0,102273.0,109242.0,151521399.0,113888420.5369,74010465.0,55633357.2563,77510934.0,58255063.2806,33184413170.0,1182503165.68,35897214432.05
2022-01-10,0.753,0.7589,0.6967,0.7399,0.7532,0.7589,0.6967,0.7399,359880.0,181193.0,178687.0,313080154.0,228730493.4738,155055910.0,113354601.5966,158024244.0,115375891.8772,32583480240.0,2014043704.19,35175473469.02
2022-01-11,0.7399,0.7768,0.7306,0.7703,0.7399,0.7768,0.7306,0.7703,285391.0,150812.0,134579.0,254065075.0,190447525.4492,131311656.0,98408665.4964,122753419.0,92038859.9528,34030353885.0,1897366203.33,36660803431.39
2022-01-12,0.7702,0.816,0.757,0.7987,0.7702,0.816,0.757,0.7987,330205.0,180394.0,149811.0,295701910.0,231115520.7739,152951383.0,119559374.3838,142750527.0,111556146.3901,35284526324.0,1976047993.61,38070557828.23
2022-01-13,0.7986,0.8024,0.7604,0.768,0.7986,0.8024,0.7604,0.768,247605.0,120523.0,127082.0,227833834.0,178544935.2266,110303627.0,86439902.8018,117530207.0,92105032.4248,33994971557.0,1578656460.2,36584041452.36
2022-01-14,0.7677,0.8,0.7513,0.7732,0.768,0.8,0.7513,0.7732,242416.0,123294.0,119122.0,221104212.0,170797410.1373,110650666.0,85508025.4284,110453546.0,85289384.7089,34074796093.0,1576111968.95,36905410370.69
2022-01-15,0.7733,0.79,0.768,0.7791,0.7733,0.79,0.768,0.7791,159163.0,78832.0,80331.0,138443019.0,107785186.2676,66517924.0,51809404.9352,71925095.0,55975781.3324,34501612270.0,1029135167.21,37245043056.78
2022-01-16,0.7791,0.7884,0.768,0.7784,0.7792,0.7884,0.768,0.7784,157210.0,82461.0,74749.0,125068081.0,97287674.5834,61255756.0,47661753.2612,63812325.0,49625921.3222,34389715238.0,1005077258.35,37127364883.24
2022-01-17,0.7785,0.7805,0.7498,0.7617,0.7785,0.7805,0.7498,0.7617,205250.0,103329.0,101921.0,181653025.0,138537212.0576,87928840.0,67048581.0656,93724185.0,71488630.992,33615280592.0,1406443013.84,36354642921.48
2022-01-18,0.7616,0.7686,0.7352,0.7509,0.7616,0.7686,0.7352,0.7509,209700.0,103132.0,106568.0,188367099.0,141172279.38,92556337.0,69375577.4692,95810762.0,71796701.9108,33187783300.0,1510069237.48,35872752052.55
2022-01-19,0.751,0.7533,0.7231,0.7381,0.751,0.7533,0.7231,0.7381,214504.0,105023.0,109481.0,190555142.0,140704196.393,92323317.0,68185226.1694,98231825.0,72518970.2236,32709157130.0,1446126321.97,35258733500.78
2022-01-20,0.7381,0.7622,0.7161,0.7199,0.7381,0.7622,0.7161,0.7199,218718.0,104719.0,113999.0,205931050.0,153121537.0821,92776494.0,69090083.1729,113154556.0,84031453.9092,31827800494.0,1251475248.24,34289841109.59
2022-01-21,0.7199,0.7285,0.6112,0.6368,0.7198,0.7285,0.6112,0.6368,579921.0,268361.0,311560.0,612944841.0,410698993.8904,283151610.0,189699610.0726,329793231.0,220999383.8178,28123676095.0,3150758603.08,30348183253.28
2022-01-22,0.6368,0.6542,0.5489,0.5966,0.6366,0.6542,0.5489,0.5966,714427.0,348735.0,365692.0,769947907.12,460971551.623324,370364682.47,221834544.794196,399583224.65,239137006.829128,26196078455.0,3613862355.28,28453215896.1
2022-01-23,0.5966,0.6352,0.59,0.6283,0.5966,0.6352,0.59,0.6283,347609.0,172695.0,174914.0,331234207.0,202062551.6478,162325892.0,99066781.9774,168908315.0,102995769.6704,27678224236.0,1851934912.68,30014890499.05
2022-01-24,0.6284,0.6286,0.5524,0.6118,0.6284,0.6286,0.5524,0.6118,520142.0,260986.0,259156.0,513343471.0,300019737.6239,250617559.0,146514446.6219,262725912.0,153505291.002,26937293064.0,2759980202.23,29221617471.4
2022-01-25,0.6118,0.6243,0.5872,0.618,0.6115,0.6243,0.5872,0.618,298398.0,156936.0,141462.0,319618429.0,192980719.1092,157355880.0,95022691.4237,162262549.0,97958027.6855,27314906367.0,1731121388.29,29480540847.05
2022-01-26,0.6178,0.6586,0.6047,0.6193,0.6178,0.6586,0.6047,0.6193,425965.0,213896.0,212069.0,466864710.0,293046543.4372,230375796.0,144665471.5094,236488914.0,148381071.9278,27395732225.0,2302112575.22,29695823921.47
2022-01-27,0.6193,0.6247,0.5893,0.6088,0.6193,0.6247,0.5893,0.6088,264351.0,125300.0,139051.0,292543906.0,176630359.0127,132968036.0,80340602.7942,159575870.0,96289756.2185,26720780246.0,1586137620.15,29060812990.43
2022-01-28,0.6089,0.614,0.5916,0.6111,0.6088,0.614,0.5916,0.6111,215447.0,107998.0,107449.0,221009653.0,133208703.7599,109391522.0,65959261.9821,111618131.0,67249441.7778,26918850796.0,1318006848.35,29239432357.02
2022-01-29,0.6112,0.6255,0.6083,0.6174,0.6111,0.6255,0.6083,0.6174,157630.0,78605.0,79025.0,154572094.0,95192596.384,77341413.0,47642622.7136,77230681.0,47549973.6704,27069369402.0,958847124.27,29450587008.74
2022-01-30,0.6175,0.6232,0.5973,0.6013,0.6177,0.6232,0.5973,0.6013,155232.0,77525.0,77707.0,146491081.0,89634415.7316,69182128.0,42355597.9176,77308953.0,47278817.814,26668996777.0,870878595.81,28793982069.83
2022-01-31,0.6012,0.6242,0.5803,0.6174,0.6012,0.6242,0.5803,0.6174,202749.0,103923.0,98826.0,213749309.0,127444698.1901,108262249.0,64612912.7017,105487060.0,62831785.4884,27409873615.0,1266538238.79,29556246105.58
2022-02-01,0.6174,0.6308,0.6107,0.6284,0.6174,0.6308,0.6107,0.6284,179180.0,94484.0,84696.0,174300620.0,108325641.3791,92006396.0,57191761.0132,82294224.0,51133880.3659,27763327054.0,1183031071.93,30037662360.1
2022-02-02,0.6284,0.6314,0.5955,0.6006,0.6284,0.6314,0.5955,0.6006,195159.0,102404.0,92755.0,186608762.0,114856317.4968,91214428.0,56181186.2223,95394334.0,58675131.2745,26522316384.0,1182736030.21,28712954960.78
2022-02-03,0.6006,0.6116,0.5886,0.6102,0.6008,0.6116,0.5886,0.6102,166019.0,79077.0,86942.0,168129675.0,100903909.1622,82030398.0,49239399.1662,86099277.0,51664509.996,26684117729.0,1042290344.97,29067008485.25
2022-02-04,0.6101,0.6589,0.6044,0.6555,0.61,0.6589,0.6044,0.6555,234991.0,129401.0,105590.0,263927174.0,164697317.0547,140894316.0,87920154.493,123032858.0,76777162.5617,28438744814.0,1543180484.35,31372230240.4
2022-02-05,0.6557,0.6869,0.65,0.6656,0.6557,0.6869,0.65,0.6656,296990.0,165104.0,131886.0,310296779.0,207432932.9309,163402988.0,109221694.5298,146893791.0,98211238.4011,29436731725.0,1760389770.65,31910303814.48
2022-02-06,0.6656,0.688,0.6589,0.6825,0.6657,0.688,0.6589,0.6825,163540.0,80529.0,83011.0,157303166.0,105499040.7399,77801560.0,52193085.8344,79501606.0,53305954.9055,30022559886.0,1095140341.04,32700536071.05
2022-02-07,0.6825,0.839,0.6712,0.8314,0.6825,0.839,0.6712,0.8314,773279.0,391380.0,381899.0,640917209.0,491875684.7933,327757400.0,251545537.8708,313159809.0,240330146.9225,36196048468.0,4197403036.5,39596604271.1
2022-02-08,0.8314,0.9142,0.8034,0.8763,0.8314,0.9142,0.8034,0.8763,1336231.0,719869.0,616362.0,1048879447.0,896908628.4032,535178885.0,457855992.8328,513700562.0,439052635.5704,38607471161.0,6159382645.38,42006172832.56
2022-02-09,0.8763,0.9168,0.8413,0.8697,0.8762,0.9168,0.8413,0.8697,803724.0,414057.0,389667.0,626331950.0,549165655.7157,314570536.0,275936216.0557,311761414.0,273229439.66,38903319331.0,3760269362.09,41644223971.77
2022-02-10,0.8699,0.8975,0.821,0.8253,0.8699,0.8975,0.821,0.8253,540824.0,269449.0,271375.0,495010890.0,427414739.417,242914550.0,209806198.6446,252096340.0,217608540.7724,36947412263.0,3535002566.23,39701428233.05
2022-02-11,0.8253,0.8339,0.75,0.7591,0.825,0.8339,0.75,0.7591,519699.0,245631.0,274068.0,482432190.0,388566707.0626,228558713.0,184198520.8532,253873477.0,204368186.2094,33588927023.0,3346204747.84,36363472397.74
2022-02-12,0.759,0.8532,0.7465,0.8223,0.759,0.8532,0.7465,0.8223,526512.0,252516.0,273996.0,477906804.0,383669503.4621,234073787.0,188095069.8194,243833017.0,195574433.6427,36041457987.0,3457258389.22,39337817274.67
2022-02-13,0.8223,0.8476,0.792,0.8057,0.8224,0.8476,0.792,0.8057,411195.0,214416.0,196779.0,351589704.0,288439676.8539,169831806.0,139336595.4066,181757898.0,149103081.4473,35595966542.0,2504198746.58,38757348317.38
2022-02-14,0.8057,0.8127,0.7791,0.8012,0.8057,0.8127,0.7791,0.8012,298362.0,148735.0,149627.0,304006647.0,241701354.4564,151755059.0,120697998.6505,152251588.0,121003355.8059,35376820192.0,2401300497.05,38372052718.71
2022-02-15,0.8012,0.8599,0.7961,0.8515,0.8014,0.8599,0.7961,0.8515,292838.0,153031.0,139807.0,279317316.0,231323680.2361,145139011.0,120212814.2036,134178305.0,111110866.0325,36888348269.0,2249706300.28,40816850707.26
2022-02-16,0.8514,0.8532,0.8086,0.8366,0.8514,0.8532,0.8086,0.8366,272890.0,135647.0,137243.0,252745706.0,210175363.6046,121239086.0,100858526.5729,131506620.0,109316837.0317,37122921563.0,2165008058.32,40180105121.68
2022-02-17,0.8367,0.8448,0.7535,0.769,0.8367,0.8448,0.7535,0.769,377795.0,183850.0,193945.0,375190546.0,300624314.1474,180001437.0,144223727.5401,195189109.0,156400586.6073,33951231586.0,2798023718.61,36785413823.76
2022-02-18,0.7689,0.8055,0.756,0.784,0.7688,0.8055,0.756,0.784,423084.0,212336.0,210748.0,417945743.0,326120877.6789,201924098.0,157513266.3368,216021645.0,168607611.3421,34791069545.0,2913093055.99,37682867753.25
2022-02-19,0.7841,0.8547,0.7696,0.8215,0.7841,0.8547,0.7696,0.8215,594162.0,297717.0,296445.0,492929500.0,400613754.2186,248825500.0,202360377.2972,244104000.0,198253376.9214,36255009691.0,3325442943.27,39439647397.07
2022-02-20,0.8215,0.8234,0.7643,0.7769,0.8218,0.8234,0.7643,0.7769,521656.0,265192.0,256464.0,495454770.0,391269443.4318,227536480.0,179659457.3597,267918290.0,211609986.0721,34557923675.0,3041836889.08,37318724162.96
2022-02-21,0.7769,0.802,0.6953,0.7018,0.7766,0.802,0.6953,0.7018,558755.0,273937.0,284818.0,621650777.0,474629850.5165,303954516.0,232169573.5726,317696261.0,242460276.9439,31373923848.0,3580522306.41,33730672759.75
2022-02-22,0.7018,0.7266,0.6686,0.7209,0.702,0.7266,0.6686,0.7209,503146.0,255391.0,247755.0,597541290.0,417027236.6289,299122368.0,208862896.9036,298418922.0,208164339.7253,31655182574.0,3539593095.85,34659333455.94
2022-02-23,0.7209,0.7441,0.6924,0.6967,0.721,0.7441,0.6924,0.6967,352974.0,174717.0,178257.0,438023003.0,315158238.6433,219155727.0,157728011.8876,218867276.0,157430226.7557,30861616850.0,2690184819.7,33504378573.9
2022-02-24,0.6967,0.7226,0.6215,0.6963,0.6968,0.7226,0.6215,0.6963,776546.0,378280.0,398266.0,986343826.0,649336702.1989,475980122.0,313319924.6972,510363704.0,336016777.5017,30451183167.0,5146799149.56,33385746486.69
2022-02-25,0.6962,0.7807,0.6826,0.7699,0.6963,0.7807,0.6826,0.7699,483216.0,245735.0,237481.0,557343038.0,397739663.4322,289233335.0,206653757.6256,268109703.0,191085905.8066,33346619631.0,3460713329.73,36868338076.57
2022-02-26,0.7698,0.7955,0.7403,0.7508,0.7698,0.7955,0.7403,0.7508,518766.0,277189.0,241577.0,520451349.0,398290215.7972,263972487.0,202016049.1408,256478862.0,196274166.6564,33003880800.0,3051695700.9,36008637870.0
2022-02-27,0.7508,0.7677,0.7032,0.7215,0.7508,0.7677,0.7032,0.7215,380063.0,185144.0,194919.0,441252224.0,324122751.3269,211903246.0,155721473.8369,229348978.0,168401277.49,31551846464.0,2733141781.58,34619021225.69
2022-02-28,0.7216,0.7938,0.7075,0.7809,0.7215,0.7938,0.7075,0.7809,411864.0,205918.0,205946.0,444617964.0,331004684.9104,220791698.0,164606481.1886,223826266.0,166398203.7218,34428895931.0,3053923290.93,37498438054.98
2022-03-01,0.7809,0.8039,0.7574,0.7839,0.7809,0.8039,0.7574,0.7839,396934.0,202327.0,194607.0,392126769.0,305309246.7925,193409344.0,150654555.7843,198717425.0,154654691.0082,34662191978.0,2877778057.28,37633560932.48
2022-03-02,0.784,0.7848,0.7562,0.7687,0.784,0.7848,0.7562,0.7687,306050.0,152872.0,153178.0,377602100.0,290891663.0599,186780734.0,143882345.5757,190821366.0,147009317.4842,33913518777.0,2401047273.43,36848808010.54
2022-03-03,0.7688,0.7897,0.7336,0.7515,0.7688,0.7897,0.7336,0.7515,298359.0,145178.0,153181.0,339295156.0,257664904.5485,166262432.0,126275130.7789,173032724.0,131389773.7696,33267966794.0,2213014778.97,36066709499.0
2022-03-04,0.7514,0.755,0.6942,0.7127,0.7514,0.755,0.6942,0.7127,325418.0,159556.0,165862.0,382831997.0,279450790.8482,187126852.0,136654078.9078,195705145.0,142796711.9404,31390039993.0,2359803521.18,34172122881.09
2022-03-05,0.7127,0.7693,0.7049,0.754,0.7127,0.7693,0.7049,0.754,360890.0,167588.0,193302.0,358200609.0,265951379.1469,171764631.0,127561328.589,186435978.0,138390050.5579,33150163419.0,2297850918.83,36196925892.79
2022-03-06,0.7539,0.7589,0.7211,0.7251,0.7539,0.7589,0.7211,0.7251,275079.0,144912.0,130167.0,304732286.0,225032012.6074,148059163.0,109293439.8545,156673123.0,115738572.7529,31890972147.0,1862292223.91,34810891621.79
2022-03-07,0.7252,0.7544,0.7033,0.7197,0.7252,0.7544,0.7033,0.7197,413298.0,201959.0,211339.0,496407111.0,363052083.9685,249680721.0,182588165.2447,246726390.0,180463918.7238,32060203213.0,2920222453.46,34677454030.17
2022-03-08,0.7196,0.7313,0.7135,0.7207,0.7195,0.7313,0.7135,0.7207,231723.0,119871.0,111852.0,293749434.0,212291889.8845,146084373.0,105592288.2111,147665061.0,106699601.6734,31838378789.0,1907305640.04,34566738897.35
2022-03-09,0.7208,0.775,0.7199,0.7658,0.7208,0.775,0.7199,0.7658,342087.0,177364.0,164723.0,397032109.0,298577935.7299,210070672.0,157981242.9616,186961437.0,140596692.7683,33722803214.0,2408572081.91,36784575059.72
2022-03-10,0.7659,0.7797,0.7215,0.7361,0.7659,0.7797,0.7215,0.7361,350437.0,167565.0,182872.0,397850898.0,294933673.0231,191002562.0,141660681.4386,206848336.0,153272991.5845,32608452711.0,2418938595.44,35357243522.18
2022-03-11,0.7361,0.814,0.725,0.8029,0.7361,0.814,0.725,0.8029,515649.0,259175.0,256474.0,526984782.0,402055677.0288,265507599.0,202653114.0156,261477183.0,199402563.0132,35151374913.0,3478317257.36,38540442556.04
2022-03-12,0.8028,0.849,0.7783,0.7857,0.803,0.849,0.7783,0.7857,662771.0,336136.0,326635.0,589059126.0,474559889.9224,280010604.0,225635940.9371,309048522.0,248923948.9853,34599167404.0,3730330472.25,37792455204.89
2022-03-13,0.7857,0.8057,0.7508,0.7602,0.7856,0.8057,0.7508,0.7602,304239.0,138261.0,165978.0,311279578.0,244669480.0742,146750241.0,115428354.2304,164529337.0,129241125.8438,33536454328.0,2141326402.06,36579969142.85
2022-03-14,0.7602,0.7779,0.745,0.7748,0.7601,0.7779,0.745,0.7748,277062.0,141196.0,135866.0,326606464.0,249607534.8329,166773116.0,127466033.2777,159833348.0,122141501.5552,34153396072.0,2212291021.64,37219191685.47
2022-03-15,0.7747,0.7768,0.7413,0.7657,0.7748,0.7768,0.7413,0.7657,224551.0,113399.0,111152.0,243756136.0,185554830.1951,120440153.0,91702951.2356,123315983.0,93851878.9595,33725049605.0,1830181545.08,36840914666.88
2022-03-16,0.7658,0.7945,0.7569,0.7919,0.7658,0.7945,0.7569,0.7919,338101.0,173590.0,164511.0,350641035.0,270905161.1004,178379477.0,137846140.9617,172261558.0,133059020.1387,34834148474.0,2480411473.14,38126427532.13
2022-03-17,0.7919,0.802,0.783,0.7935,0.792,0.802,0.783,0.7935,239087.0,119029.0,120058.0,264101320.0,209115111.7325,136623515.0,108183137.9896,127477805.0,100931973.7429,34929156344.0,1862028805.43,38184631422.91
2022-03-18,0.7936,0.8007,0.7762,0.7965,0.7936,0.8007,0.7762,0.7965,202346.0,99646.0,102700.0,222661984.0,175564924.199,112469928.0,88692231.2992,110192056.0,86872692.8998,35101815933.0,1850743123.53,38413837887.17
2022-03-19,0.7964,0.8268,0.7915,0.8194,0.7965,0.8268,0.7915,0.8194,265739.0,134429.0,131310.0,248947590.0,202388188.4208,117794407.0,95755655.7573,131153183.0,106632532.6635,35927491713.0,2046393369.95,39429560357.2
2022-03-20,0.8195,0.822,0.795,0.8057,0.8194,0.822,0.795,0.8057,177909.0,85252.0,92657.0,185090508.0,149611235.7475,86526823.0,69949276.7585,98563685.0,79661958.989,35579364398.0,1529598149.17,38791824340.84
2022-03-21,0.8057,0.8549,0.7875,0.8373,0.8057,0.8549,0.7875,0.8373,362667.0,187155.0,175512.0,316427663.0,259592940.3888,159769268.0,131064535.8994,156658395.0,128528404.4894,36754174627.0,2485293313.57,40333234043.34
2022-03-22,0.8372,0.8653,0.8273,0.8366,0.8372,0.8653,0.8273,0.8366,340957.0,185732.0,155225.0,305184306.0,257893273.7383,154289567.0,130398701.3163,150894739.0,127494572.422,36829034203.0,2370573275.78,40282456861.78
2022-03-23,0.8366,0.846,0.8171,0.8376,0.8366,0.846,0.8171,0.8376,230168.0,106889.0,123279.0,235024475.0,195140355.5946,113831215.0,94527036.5583,121193260.0,100613319.0363,36826513623.0,2076377568.65,40320473827.39
2022-03-24,0.8376,0.85,0.8272,0.8428,0.8376,0.85,0.8272,0.8428,280263.0,159697.0,120566.0,282122073.0,236615079.7898,147774382.0,123968022.8932,134347691.0,112647056.8966,37221525804.0,2278978187.46,40564997432.83
2022-03-25,0.8428,0.8459,0.8185,0.8239,0.8428,0.8459,0.8185,0.8239,194835.0,99890.0,94945.0,214450998.0,178986690.6411,105983987.0,88495788.6914,108467011.0,90490901.9497,36410354090.0,1600059783.9,39706449500.54
2022-03-26,0.8239,0.8349,0.8206,0.8327,0.8239,0.8349,0.8206,0.8327,108590.0,55399.0,53191.0,122433652.0,101517227.9421,58204949.0,48261302.8863,64228703.0,53255925.0558,36663711518.0,1056420319.87,40074334007.64
2022-03-27,0.8326,0.8582,0.8275,0.858,0.8326,0.8582,0.8275,0.858,199174.0,103482.0,95692.0,198619688.0,167118139.6212,99347869.0,83611740.2909,99271819.0,83506399.3303,37707838910.0,1505124769.96,41256704402.5
2022-03-28,0.8579,0.93,0.8528,0.8641,0.858,0.93,0.8528,0.8641,540963.0,294631.0,246332.0,479199201.0,422637754.2167,255022451.0,225063849.0903,224176750.0,197573905.1264,38584306336.0,3205464277.25,41543592039.5
2022-03-29,0.864,0.8857,0.8389,0.8577,0.8638,0.8857,0.8389,0.8577,293027.0,145567.0,147460.0,264756291.0,230020279.9314,129038578.0,112143460.781,135717713.0,117876819.1504,37777952881.0,2120020042.17,41288330509.41
2022-03-30,0.8576,0.8718,0.8455,0.8613,0.8577,0.8718,0.8455,0.8613,224285.0,112117.0,112168.0,201046259.0,173039224.5048,102066434.0,87851965.478,98979825.0,85187259.0268,37991987437.0,1832671640.74,41423775758.52
2022-03-31,0.8613,0.8737,0.7794,0.8148,0.8613,0.8737,0.7794,0.8148,400216.0,191390.0,208826.0,366939277.0,305824263.8892,172319249.0,143671827.3714,194620028.0,162152436.5178,36013311904.0,2611691934.45,39198153818.12
2022-04-01,0.8149,0.8343,0.807,0.8277,0.8149,0.8343,0.807,0.8277,251817.0,118697.0,133120.0,254001232.0,208774877.5653,124094463.0,101996499.5634,129906769.0,106778378.0019,36399370540.0,2091887103.37,39843448344.78
2022-04-02,0.8277,0.8499,0.8185,0.824,0.8276,0.8499,0.8185,0.824,208651.0,99073.0,109578.0,210041825.0,175623270.3137,98183173.0,82111559.8957,111858652.0,93511710.418,36475497819.0,1624227101.21,39707657921.16
2022-04-03,0.824,0.8519,0.8143,0.8432,0.824,0.8519,0.8143,0.8432,156976.0,73036.0,83940.0,159520162.0,133117452.9172,77302883.0,64502447.3359,82217279.0,68615005.5813,37181883010.0,1348476817.45,40575582678.21
2022-04-04,0.8432,0.844,0.8041,0.826,0.8432,0.844,0.8041,0.826,215429.0,106013.0,109416.0,216740017.0,179165135.2421,106854587.0,88344943.0996,109885430.0,90820192.1425,36519014506.0,1876069127.18,39819890698.98
2022-04-05,0.8261,0.8366,0.8145,0.8164,0.8263,0.8366,0.8145,0.8164,158487.0,76073.0,82414.0,174779509.0,144156926.2418,87383871.0,72080970.0778,87395638.0,72075956.164,36139043418.0,1548706717.82,39357366402.48
2022-04-06,0.8164,0.8184,0.7555,0.7595,0.8164,0.8184,0.7555,0.7595,364137.0,171504.0,192633.0,348686323.0,274381875.7023,168915184.0,132979551.6493,179771139.0,141402324.053,33919863914.0,2527126539.97,36645998000.54
2022-04-07,0.7594,0.7911,0.7523,0.7871,0.7592,0.7911,0.7523,0.7871,203495.0,96702.0,106793.0,196211648.0,152188903.5217,94215238.0,73077180.2044,101996410.0,79111723.3173,34746913610.0,1628783831.44,37930537445.09
2022-04-08,0.787,0.7944,0.7463,0.7549,0.787,0.7944,0.7463,0.7549,208204.0,100924.0,107280.0,210639194.0,162771256.5049,104376903.0,80692244.786,106262291.0,82079011.7189,33151608809.0,1684019539.36,36296665540.36
2022-04-09,0.755,0.7668,0.7531,0.7622,0.755,0.7668,0.7531,0.7622,107344.0,49450.0,57894.0,102131244.0,77625116.2299,47440735.0,36059404.0327,54690509.0,41565712.1972,33558680862.0,1008306245.36,36755308792.83
2022-04-10,0.7623,0.7731,0.7524,0.7543,0.7625,0.7731,0.7524,0.7543,127125.0,57328.0,69797.0,123028708.0,93662860.1336,57114934.0,43494557.2975,65913774.0,50168302.8361,33435234077.0,1046936968.31,36419765609.96
2022-04-11,0.7543,0.7558,0.6802,0.6948,0.7542,0.7558,0.6802,0.6948,328030.0,153132.0,174898.0,354459252.0,253488704.6894,167664986.0,119927030.7184,186794266.0,133561673.971,30816569964.0,2367700412.75,33455057716.47
2022-04-12,0.6949,0.734,0.6924,0.7152,0.6948,0.734,0.6924,0.7152,260994.0,128998.0,131996.0,263088987.0,185940902.0363,133316198.0,94219143.5379,129772789.0,91721758.4984,31665023314.0,1990027591.77,34494341129.36
2022-04-13,0.7151,0.7252,0.7017,0.7232,0.7151,0.7252,0.7017,0.7232,205229.0,97091.0,108138.0,217937566.0,156097770.2643,108623961.0,77822024.429,109313605.0,78275745.8353,31945960029.0,1678860043.88,34842663677.25
2022-04-14,0.7232,0.7413,0.7083,0.7262,0.7232,0.7413,0.7083,0.7262,217510.0,102841.0,114669.0,239629937.0,173590844.0636,117445778.0,85066672.3144,122184159.0,88524171.7492,32083338217.0,1716488199.93,34985591016.07
2022-04-15,0.7262,0.7975,0.7261,0.7858,0.7261,0.7975,0.7261,0.7858,490660.0,244833.0,245827.0,439676502.0,340018971.2768,222695983.0,172134143.0282,216980519.0,167884828.2486,34374213691.0,2897060464.0,37818615459.21
2022-04-16,0.7859,0.7999,0.7658,0.7808,0.7858,0.7999,0.7658,0.7808,195172.0,97306.0,97866.0,206493032.0,161483053.8088,100170754.0,78347213.436,106322278.0,83135840.3728,34545396045.0,1526957903.74,37634094415.45
2022-04-17,0.7808,0.7861,0.7477,0.7519,0.7808,0.7861,0.7477,0.7519,176462.0,85870.0,90592.0,188468510.0,145499726.0462,92494781.0,71408946.4904,95973729.0,74090779.5558,33158036543.0,1350930296.9,36253212424.26
2022-04-18,0.7519,0.7699,0.7266,0.7699,0.7518,0.7699,0.7266,0.7699,258339.0,128703.0,129636.0,257757252.0,192473959.5038,126225222.0,94297426.8333,131532030.0,98176532.6705,33814414995.0,2134418883.31,36968648413.79
2022-04-19,0.7698,0.786,0.7588,0.7749,0.7698,0.786,0.7588,0.7749,191968.0,98066.0,93902.0,199132020.0,153428708.3625,103980072.0,80113597.9742,95151948.0,73315110.3883,34170458239.0,1834225828.23,37284568266.27
2022-04-20,0.7749,0.7753,0.742,0.7517,0.7749,0.7753,0.742,0.7517,192462.0,94822.0,97640.0,220246970.0,167656195.8777,107948127.0,82171145.4734,112298843.0,85485050.4043,33178204899.0,1798898556.57,36183721879.75
2022-04-21,0.7517,0.7686,0.718,0.7328,0.7517,0.7686,0.718,0.7328,241040.0,118790.0,122250.0,241310449.0,180731787.3906,120565186.0,90337004.5003,120745263.0,90394782.8903,32178090108.0,1990297102.82,35269702729.11
2022-04-22,0.7328,0.7387,0.7142,0.7179,0.7328,0.7387,0.7142,0.7179,216443.0,106560.0,109883.0,220757625.0,160328204.818,106214645.0,77146619.6125,114542980.0,83181585.2055,31689573261.0,1881203797.86,34597013608.51
2022-04-23,0.7178,0.7267,0.7023,0.7057,0.7179,0.7267,0.7023,0.7057,154364.0,77725.0,76639.0,163036743.0,116203898.7368,79411803.0,56595167.8976,83624940.0,59608730.8392,31172741393.0,1332520640.68,34044327571.96
2022-04-24,0.7057,0.7119,0.6944,0.6981,0.7057,0.7119,0.6944,0.6981,137510.0,67665.0,69845.0,144945400.0,102084222.507,70704996.0,49784633.333,74240404.0,52299589.174,30889933043.0,1108217931.57,33613015003.12
2022-04-25,0.698,0.6998,0.6451,0.6931,0.698,0.6998,0.6451,0.6931,354207.0,177706.0,176501.0,399434752.0,267285979.6594,196890553.0,131736017.814,202544199.0,135549961.8454,30655120694.0,2377291271.43,33405523903.89
2022-04-26,0.6931,0.7065,0.6276,0.642,0.6931,0.7065,0.6276,0.642,311924.0,153771.0,158153.0,355964613.0,237444379.8966,174245692.0,116326399.0929,181718921.0,121117980.8037,28104970680.0,2160649426.52,30869089729.34
2022-04-27,0.642,0.663,0.6361,0.6522,0.642,0.663,0.6361,0.6522,241976.0,122688.0,119288.0,277994630.0,180637616.853,142408334.0,92540378.8476,135586296.0,88097238.0054,28696598136.0,1722422061.58,31379920579.48
2022-04-28,0.6522,0.6577,0.6333,0.6428,0.6522,0.6577,0.6333,0.6428,195259.0,95429.0,99830.0,242145728.0,156497699.4127,119074148.0,76959693.9611,123071580.0,79538005.4516,28440349308.0,1546067105.65,30997252969.75
2022-04-29,0.6428,0.6464,0.5992,0.6116,0.6428,0.6464,0.5992,0.6116,234208.0,113898.0,120310.0,322263629.0,200206773.4092,155967290.0,96871644.8979,166296339.0,103335128.5113,26937275781.0,1962197661.57,29411859156.98
2022-04-30,0.6115,0.6288,0.5663,0.5845,0.6115,0.6288,0.5663,0.5845,274288.0,132183.0,142105.0,354754733.0,214938073.8545,169587697.0,102905100.6398,185167036.0,112032973.2147,25640374658.0,1649221930.1,28242161687.26
2022-05-01,0.5845,0.6125,0.576,0.607,0.5846,0.6125,0.576,0.607,253008.0,128953.0,124055.0,279653905.0,166027183.2312,141614030.0,84080669.4316,138039875.0,81946513.7996,26806998097.0,1657999134.75,29240494806.07
2022-05-02,0.607,0.6312,0.5984,0.6143,0.607,0.6312,0.5984,0.6143,255037.0,130049.0,124988.0,332748235.0,204458052.8653,171961683.0,105666294.9625,160786552.0,98791757.9028,27163794855.0,1687184077.01,29549544282.7
2022-05-03,0.6143,0.628,0.5961,0.6047,0.6143,0.628,0.5961,0.6047,192989.0,97138.0,95851.0,284044788.0,174187576.7346,143379359.0,87912050.8949,140665429.0,86275525.8397,26537589310.0,1460418465.71,29130203226.36
2022-05-04,0.6047,0.65,0.6039,0.6459,0.6047,0.65,0.6039,0.6459,250260.0,129562.0,120698.0,345607731.0,214781739.892,180231681.0,112007405.5283,165376050.0,102774334.3637,28467039874.0,1959359437.51,31252541255.17
2022-05-05,0.646,0.6572,0.5801,0.5981,0.6461,0.6572,0.5801,0.5981,326425.0,161651.0,164774.0,446938464.0,275475127.5275,218395211.0,134801102.8758,228543253.0,140674024.6517,26346322206.0,2183469244.45,28951984893.79
2022-05-06,0.5981,0.6164,0.5875,0.6022,0.5981,0.6164,0.5875,0.6022,281104.0,143926.0,137178.0,363872112.0,218917267.8923,183578252.0,110428735.0375,180293860.0,108488532.8548,26565699169.0,2003273388.81,29130104990.04
2022-05-07,0.6022,0.6044,0.5692,0.5808,0.6022,0.6044,0.5692,0.5808,162836.0,76756.0,86080.0,243420987.0,144029120.1394,113155415.0,66938455.5958,130265572.0,77090664.5436,25689452932.0,1250412024.66,28152438112.71
2022-05-08,0.5808,0.5833,0.5572,0.5662,0.5809,0.5833,0.5572,0.5662,204020.0,101476.0,102544.0,335981906.0,191966430.3333,163008531.0,93148806.9462,172973375.0,98817623.3871,25025475980.0,1505054300.34,27387673911.87
2022-05-09,0.5663,0.5789,0.47,0.4873,0.5663,0.5789,0.47,0.4873,614982.0,299638.0,315344.0,841979616.33,440258885.078922,401707901.93,210048266.461249,440271714.4,230210618.617673,21878304732.0,3297478002.29,23830261964.06
2022-05-10,0.4872,0.5371,0.4722,0.513,0.4872,0.5371,0.4722,0.513,637387.0,320599.0,316788.0,900790302.0,459950527.42,434905375.0,222042162.2255,465884927.0,237908365.1945,22648387269.0,3455777036.11,24830250476.85
2022-05-11,0.513,0.5253,0.3646,0.4172,0.5129,0.5253,0.3646,0.4172,1259135.0,607271.0,651864.0,1598443681.35,731722915.314705,752855735.92,345813793.804597,845587945.43,385909121.510108,18185747076.0,5290247987.05,19983884939.41
2022-05-12,0.4172,0.4296,0.3361,0.3856,0.4177,0.4296,0.3361,0.3856,1276059.0,640644.0,635415.0,1567507931.5,594186113.526365,782977731.1,296900375.29638,784530200.4,297285738.229985,16960055478.0,4641055356.79,18622029265.89
2022-05-13,0.3856,0.4659,0.3813,0.4228,0.3856,0.4659,0.3813,0.4228,550622.0,277217.0,273405.0,698396767.0,301967793.821,346804900.0,149919526.2497,351591867.0,152048267.5713,18743035978.0,2949331810.31,20469313381.79
2022-05-14,0.4229,0.441,0.3955,0.4262,0.423,0.441,0.3955,0.4262,346940.0,166078.0,180862.0,442845171.0,185744367.7124,213778456.0,89698073.3502,229066715.0,96046294.3622,18841466309.0,2021953522.41,20679924722.93
2022-05-15,0.4262,0.45,0.4149,0.4481,0.4262,0.45,0.4149,0.4481,215477.0,105366.0,110111.0,267739238.0,114744354.5196,131021667.0,56191165.341,136717571.0,58553189.1786,19629220800.0,1427697924.13,21627310018.46
2022-05-16,0.4481,0.4481,0.4087,0.4231,0.4481,0.4481,0.4087,0.4231,305356.0,159133.0,146223.0,433909248.0,183880284.5874,224928418.0,95326831.9139,208980830.0,88553452.6735,16389927853.0,1839092426.98,20424915691.85
2022-05-17,0.4231,0.4403,0.417,0.438,0.4231,0.4403,0.417,0.438,251858.0,131669.0,120189.0,376428299.0,162168648.8597,190488659.0,82052620.1902,185939640.0,80116028.6695,19322150927.0,1598581918.65,21156072906.6
2022-05-18,0.438,0.4428,0.4037,0.4056,0.438,0.4428,0.4037,0.4056,236704.0,120401.0,116303.0,370954228.0,155713298.6108,182418848.0,76564760.9242,188535380.0,79148537.6866,18049527670.0,1599734223.28,19635318935.42
2022-05-19,0.4056,0.4242,0.3908,0.4205,0.4056,0.4242,0.3908,0.4205,199622.0,99933.0,99689.0,285465302.0,116869173.7599,145656295.0,59625099.7529,139809007.0,57244074.007,18483691568.0,1557252120.68,20302962987.42
2022-05-20,0.4205,0.4407,0.4016,0.4101,0.4205,0.4407,0.4016,0.4101,221270.0,111106.0,110164.0,358049438.0,150932151.7571,180661797.0,76181126.8174,177387641.0,74751024.9397,18209315670.0,1721877558.52,19875640538.28
2022-05-21,0.4101,0.4183,0.403,0.4145,0.41,0.4183,0.403,0.4145,92445.0,45635.0,46810.0,144232225.0,59372483.5825,69925202.0,28783850.4736,74307023.0,30588633.1089,18314400189.0,875738314.85,20046598080.25
2022-05-22,0.4144,0.4255,0.4101,0.4218,0.4144,0.4255,0.4101,0.4218,93691.0,46901.0,46790.0,143783091.0,60032697.6084,72502293.0,30272080.6584,71280798.0,29760616.95,18662790645.0,896133087.15,20417096592.81
2022-05-23,0.4217,0.4287,0.4002,0.4052,0.4217,0.4287,0.4002,0.4052,179962.0,90978.0,88984.0,301434382.0,126188136.5609,148486545.0,62121844.6297,152947837.0,64066291.9312,17859352194.0,1399019792.2,19563044261.99
2022-05-24,0.4052,0.4138,0.3908,0.4086,0.4052,0.4138,0.3908,0.4086,147275.0,74770.0,72505.0,309724750.0,125344682.6655,154087251.0,62396369.6546,155637499.0,62948313.0109,18050964166.0,1394251522.14,19758431074.2
2022-05-25,0.4087,0.4138,0.3948,0.406,0.4085,0.4138,0.3948,0.406,161858.0,77910.0,83948.0,414339536.0,167969372.2193,197113019.0,79917672.7424,217226517.0,88051699.4769,17931067526.0,1587278447.73,19616910102.64
2022-05-26,0.4061,0.4109,0.3753,0.392,0.4061,0.4109,0.3753,0.392,251980.0,122673.0,129307.0,626704757.0,246729969.605,308901803.0,121570237.2421,317802954.0,125159732.3629,17406119819.0,2091610974.11,19007056733.33
2022-05-27,0.3921,0.4032,0.3764,0.3819,0.3921,0.4032,0.3764,0.3819,235251.0,118776.0,116475.0,549974246.0,214888250.2271,280708552.0,109682355.9268,269265694.0,105205894.3003,16834060995.0,1927217637.81,18456779481.08
2022-05-28,0.382,0.389,0.3805,0.3863,0.382,0.389,0.3805,0.3863,101729.0,51347.0,50382.0,232996058.0,89731706.8105,121012872.0,46598972.8519,111983186.0,43132733.9586,17070914231.0,865258883.33,18676059698.4
2022-05-29,0.3863,0.3908,0.3794,0.3891,0.3863,0.3908,0.3794,0.3891,80104.0,40825.0,39279.0,190159222.0,73294559.5039,96943524.0,37370321.2283,93215698.0,35924238.2756,17126081554.0,752879866.67,18806261247.61
2022-05-30,0.3891,0.4197,0.3866,0.4187,0.3891,0.4197,0.3866,0.4187,167873.0,87969.0,79904.0,371239281.0,149384767.0321,194236066.0,78160019.8935,177003215.0,71224747.1386,18417562198.0,1404448305.32,20215892251.16
2022-05-31,0.4188,0.4342,0.4065,0.4217,0.4187,0.4342,0.4065,0.4217,207019.0,97245.0,109774.0,422313633.0,176780178.8201,202580617.0,84806064.9119,219733016.0,91974113.9082,18711461064.0,1738462197.77,20394341357.91
2022-06-01,0.4217,0.4266,0.3887,0.398,0.4217,0.4266,0.3887,0.398,200731.0,97958.0,102773.0,436983828.0,178928611.5763,215019403.0,88095126.204,221964425.0,90833485.3723,17580431652.0,1569696039.51,19244684532.48
2022-06-02,0.398,0.4072,0.3907,0.4055,0.3981,0.4072,0.3907,0.4055,147596.0,72781.0,74815.0,350695114.0,139400566.4511,176870397.0,70287103.1895,173824717.0,69113463.2616,17909355395.0,1298797540.73,19593540143.1
2022-06-03,0.4055,0.4105,0.3839,0.3904,0.4054,0.4105,0.3839,0.3904,148952.0,76992.0,71960.0,283788604.0,112542326.3665,151980865.0,60257602.3993,131807739.0,52284723.9672,17164789180.0,1284592601.83,18890841705.62
2022-06-04,0.3904,0.3944,0.3846,0.3925,0.3903,0.3944,0.3846,0.3925,77118.0,38999.0,38119.0,134031506.0,52239259.2791,66545797.0,25932690.7373,67485709.0,26306568.5418,17284702085.0,696569397.02,18965420645.79
2022-06-05,0.3925,0.3995,0.3895,0.3953,0.3925,0.3995,0.3895,0.3953,73022.0,38149.0,34873.0,134209649.0,52902644.5682,71195640.0,28064605.8534,63014009.0,24838038.7148,17450962386.0,726398938.11,19113884341.16
2022-06-06,0.3953,0.4099,0.394,0.4026,0.3954,0.4099,0.394,0.4026,130186.0,70623.0,59563.0,253767142.0,102110040.337,142292704.0,57276098.7523,111474438.0,44833941.5847,17710169479.0,1221803579.66,19482794690.58
2022-06-07,0.4026,0.4175,0.3846,0.4076,0.4027,0.4175,0.3846,0.4076,220088.0,108145.0,111943.0,418785041.0,166280541.3817,203201721.0,80682320.4546,215583320.0,85598220.9271,17952162655.0,1666703797.68,19709597575.99
2022-06-08,0.4076,0.4104,0.3947,0.4006,0.4076,0.4104,0.3947,0.4006,165487.0,84292.0,81195.0,307076296.0,123154505.0433,152660760.0,61224554.0444,154415536.0,61929950.9989,17732159679.0,1183206226.31,19368563788.58
2022-06-09,0.4006,0.4041,0.3965,0.4002,0.4007,0.4041,0.3965,0.4002,108685.0,52254.0,56431.0,253775318.0,101687547.2932,124321103.0,49825724.7181,129454215.0,51861822.5751,17613239052.0,911815336.07,19352904029.72
2022-06-10,0.4002,0.4118,0.3762,0.3815,0.4002,0.4118,0.3762,0.3815,194473.0,94880.0,99593.0,399808206.0,157089536.93,195917016.0,77041301.0298,203891190.0,80048235.9002,16866856995.0,1424539679.48,18454292631.75
2022-06-11,0.3815,0.3887,0.3557,0.3599,0.3815,0.3887,0.3557,0.3599,162752.0,77516.0,85236.0,335176735.0,124317447.9689,165214003.0,61258649.7717,169962732.0,63058798.1972,15937820494.0,1111401063.65,17356403263.85
2022-06-12,0.3599,0.3654,0.3394,0.3433,0.3599,0.3654,0.3394,0.3433,211927.0,103231.0,108696.0,427316144.0,149735662.364,202677787.0,71035077.4225,224638357.0,78700584.9415,15364062743.0,1370072145.43,16702074996.9
2022-06-13,0.3433,0.3507,0.3012,0.3118,0.3432,0.3507,0.3012,0.3118,508115.0,256711.0,251404.0,1028751993.07,328637316.325002,510439919.0,163052865.5242,518312074.07,165584450.800802,13578256666.0,2558939153.66,15025141138.9
2022-06-14,0.3118,0.3267,0.2936,0.3214,0.3114,0.3267,0.2936,0.3214,342614.0,169155.0,173459.0,778418633.0,243464785.141985,378034381.92,118330382.0822,400384251.08,125134403.059785,14125078356.0,1977069963.96,15573376110.24
2022-06-15,0.3214,0.3469,0.298,0.3436,0.3214,0.3469,0.298,0.3436,404846.0,201422.0,203424.0,865192872.0,271227096.2417,432927616.0,135683790.8675,432265256.0,135543305.3742,15223238090.0,2242860490.18,16615670711.24
2022-06-16,0.3436,0.3475,0.3073,0.3132,0.3436,0.3475,0.3073,0.3132,238916.0,115194.0,123722.0,589816543.0,190349169.8571,289891372.0,93503353.1549,299925171.0,96845816.7022,13642988544.0,1477710113.59,15085737176.82
2022-06-17,0.3132,0.3397,0.3105,0.321,0.3131,0.3397,0.3105,0.321,198729.0,101719.0,97010.0,430655102.0,140271381.5595,220129175.0,71720491.8413,210525927.0,68550889.7182,14222458923.0,1381554091.03,15536563814.23
2022-06-18,0.321,0.3263,0.2872,0.3075,0.321,0.3263,0.2872,0.3075,283907.0,140492.0,143415.0,555977925.71,170366179.895381,274411148.0,84126288.6719,281566777.71,86239891.223481,13607284511.0,1403189628.44,14894007804.33
2022-06-19,0.3075,0.333,0.2981,0.3264,0.3074,0.333,0.2981,0.3264,201014.0,102110.0,98904.0,393395495.0,123246578.6674,197461677.0,61901469.775,195933818.0,61345108.8924,14343454528.0,1159418571.89,15762422675.41
2022-06-20,0.3264,0.3289,0.3135,0.3227,0.3262,0.3289,0.3135,0.3227,181160.0,92180.0,88980.0,356161086.0,114351278.5238,186248397.0,59800007.5846,169912689.0,54551270.9392,14167439741.0,1187888832.53,15631560627.04
2022-06-21,0.3227,0.3374,0.3187,0.3294,0.3226,0.3374,0.3187,0.3294,187784.0,97966.0,89818.0,379691157.0,124852730.7156,202444640.0,66561000.3585,177246517.0,58291730.3571,14473643035.0,1247582002.14,15886801531.91
2022-06-22,0.3294,0.3297,0.319,0.3223,0.3295,0.3297,0.319,0.3223,152486.0,79536.0,72950.0,315095128.0,101794452.0225,162358105.0,52445619.0636,152737023.0,49348832.9589,14316617174.0,1064144662.35,15594753282.95
2022-06-23,0.3223,0.3371,0.3213,0.3358,0.3223,0.3371,0.3213,0.3358,133928.0,70509.0,63419.0,293426615.0,96235892.6572,154739109.0,50758562.0221,138687506.0,45477330.6351,14811532438.0,927324605.28,16220625761.54
2022-06-24,0.3358,0.3871,0.3348,0.3672,0.3357,0.3871,0.3348,0.3672,364031.0,188408.0,175623.0,610286919.0,223815201.869,307745887.0,112897969.5519,302541032.0,110917232.3171,16346210189.0,2253100828.48,17770272991.81
2022-06-25,0.3672,0.3741,0.3542,0.3676,0.3672,0.3741,0.3542,0.3676,134079.0,66644.0,67435.0,216676025.0,79123639.7719,105168418.0,38413830.9589,111507607.0,40709808.813,16216059332.0,912142249.35,17768795974.1
2022-06-26,0.3676,0.3751,0.3576,0.3592,0.3677,0.3751,0.3576,0.3592,118676.0,59006.0,59670.0,194186812.0,71039962.3962,95681601.0,35000157.7912,98505211.0,36039804.605,15904443028.0,789514304.34,17348594104.6
2022-06-27,0.3592,0.3671,0.348,0.3537,0.3591,0.3671,0.348,0.3537,140953.0,69693.0,71260.0,274516503.0,98508600.8805,137911170.0,49526867.6593,136605333.0,48981733.2212,15646116841.0,989571906.41,17076467746.08
2022-06-28,0.3537,0.3557,0.3353,0.3375,0.3537,0.3557,0.3353,0.3375,155206.0,79149.0,76057.0,316153206.0,109315246.4689,168250606.0,58219456.6073,147902600.0,51095789.8616,14980198838.0,1038924972.28,16307549066.38
2022-06-29,0.3375,0.3417,0.3201,0.3296,0.3375,0.3417,0.3201,0.3296,163468.0,81420.0,82048.0,329827694.0,108924493.26,171354767.0,56593950.0059,158472927.0,52330543.2541,14453715676.0,1094664825.4,15903810210.35
2022-06-30,0.3296,0.3333,0.3056,0.3321,0.3296,0.3333,0.3056,0.3321,245378.0,123844.0,121534.0,463148646.0,147393644.668,237101799.0,75440787.7864,226046847.0,71952856.8816,14234976384.0,1456445785.38,16023213662.23
2022-07-01,0.3321,0.3363,0.31,0.3139,0.3321,0.3363,0.31,0.3139,184586.0,94634.0,89952.0,373042743.0,118587656.9598,192275060.0,61071852.5734,180767683.0,57515804.3864,13897101643.0,1249145615.03,15164098193.89
2022-07-02,0.3139,0.3181,0.3089,0.3156,0.3142,0.3181,0.3089,0.3156,88251.0,43506.0,44745.0,179482724.0,56221451.4424,90600502.0,28378354.9864,88882222.0,27843096.456,13942629627.0,608601610.49,15256090645.15
2022-07-03,0.3156,0.3258,0.3085,0.3215,0.3157,0.3258,0.3085,0.3215,107856.0,53648.0,54208.0,194701668.0,61533546.2119,98899638.0,31272144.7916,95802030.0,30261401.4203,14191719790.0,728566418.39,15552125745.52
2022-07-04,0.3215,0.33,0.3146,0.3287,0.3216,0.33,0.3146,0.3287,126096.0,64288.0,61808.0,276890244.0,88994114.9657,153753348.0,49394287.6538,123136896.0,39599827.3119,14500119874.0,1018446188.74,15894714860.59
2022-07-05,0.3287,0.331,0.3128,0.3252,0.3287,0.331,0.3128,0.3252,146859.0,74723.0,72136.0,332749123.0,107262278.4529,175922885.0,56699140.2254,156826238.0,50563138.2275,14328606487.0,1130550265.79,15731938097.96
2022-07-06,0.3252,0.334,0.32,0.3324,0.3252,0.334,0.32,0.3324,132366.0,69265.0,63101.0,295359140.0,95886316.4482,161212789.0,52335913.4695,134146351.0,43550402.9787,14652177427.0,1099742036.73,16063036114.63
2022-07-07,0.3324,0.3456,0.3269,0.3422,0.3325,0.3456,0.3269,0.3422,126050.0,68354.0,57696.0,261063763.0,87266153.1303,147439187.0,49264860.2988,113624576.0,38001292.8315,15127747784.0,1037133138.67,16540655944.68
2022-07-08,0.3422,0.359,0.3359,0.3402,0.3423,0.359,0.3359,0.3402,213155.0,109090.0,104065.0,383269941.0,133000861.9134,202818061.0,70409834.9315,180451880.0,62591026.9819,15197560769.0,1469173607.97,16515377535.09
2022-07-09,0.3402,0.3477,0.3392,0.3448,0.3403,0.3477,0.3392,0.3448,80709.0,41877.0,38832.0,131799232.0,45267170.3163,67277636.0,23110229.737,64521596.0,22156940.5793,15198609247.0,602546961.28,16676069389.02
2022-07-10,0.3448,0.3449,0.3197,0.3255,0.3447,0.3449,0.3197,0.3255,124569.0,62155.0,62414.0,240237163.0,79468929.0035,119299991.0,39439440.6727,120937172.0,40029488.3308,14345113162.0,913229467.01,15743541093.96
2022-07-11,0.3255,0.3292,0.3108,0.3152,0.3255,0.3292,0.3108,0.3152,133558.0,67310.0,66248.0,246538517.0,79546363.024,130435120.0,42089487.4209,116103397.0,37456875.6031,13811404416.0,1042057085.48,15194070307.13
2022-07-12,0.3152,0.3182,0.3078,0.3116,0.3152,0.3182,0.3078,0.3116,126411.0,64323.0,62088.0,234067778.0,73193935.2427,124715018.0,39002408.5774,109352760.0,34191526.6653,13711093058.0,968873597.68,15066558641.8
2022-07-13,0.3116,0.326,0.302,0.3237,0.3116,0.326,0.302,0.3237,176989.0,89061.0,87928.0,354463864.0,111462870.5633,182895242.0,57532601.3692,171568622.0,53930269.1941,14277585443.0,1295979555.29,15650128125.4
2022-07-14,0.3237,0.334,0.3122,0.3338,0.3236,0.334,0.3122,0.3338,146897.0,76625.0,70272.0,323459383.0,103892845.0904,176443453.0,56669203.7229,147015930.0,47223641.3675,14587194253.0,3386821229.39,16108927504.38
2022-07-15,0.3338,0.349,0.3273,0.3342,0.3338,0.349,0.3273,0.3342,200294.0,104755.0,95539.0,392883643.0,132631266.8746,213697008.0,72146915.6227,179186635.0,60484351.2519,14719877451.0,1512184333.15,16172471779.92
2022-07-16,0.3342,0.3565,0.3313,0.3505,0.3341,0.3565,0.3313,0.3505,176489.0,90229.0,86260.0,271487176.0,93541230.7602,142193345.0,49010989.1983,129293831.0,44530241.5619,15456259015.0,1292123514.94,16961727489.03
2022-07-17,0.3505,0.3614,0.3413,0.3433,0.3504,0.3614,0.3413,0.3433,155405.0,81628.0,73777.0,203255685.0,71308820.2037,101315331.0,35554172.8169,101940354.0,35754647.3868,15242647967.0,1093079293.54,16601593222.53
2022-07-18,0.3433,0.3701,0.3429,0.3653,0.3434,0.3701,0.3429,0.3653,247021.0,127651.0,119370.0,404237689.0,145950885.0127,215874107.0,77921624.5275,188363582.0,68029260.4852,16036479503.0,1627385386.49,17702130474.69
2022-07-19,0.3653,0.3767,0.3515,0.3729,0.3652,0.3767,0.3515,0.3729,240551.0,124057.0,116494.0,372635897.0,135433770.4909,190787717.0,69325586.2817,181848180.0,66108184.2092,16487879925.0,1604201236.97,18042875062.85
2022-07-20,0.3729,0.3817,0.3572,0.3635,0.3729,0.3817,0.3572,0.3635,219247.0,113731.0,105516.0,329852165.0,122555674.2913,170114267.0,63255434.4255,159737898.0,59300239.8658,15849790315.0,1534818246.81,17426926095.13
2022-07-21,0.3635,0.3685,0.3485,0.3669,0.3635,0.3685,0.3485,0.3669,176891.0,88954.0,87937.0,276798269.0,99082317.9136,134550373.0,48182821.7688,142247896.0,50899496.1448,16217245974.0,1202692151.05,17743651633.38
2022-07-22,0.3669,0.3716,0.3541,0.3578,0.3668,0.3716,0.3541,0.3578,153583.0,77990.0,75593.0,231304449.0,84039196.2595,121129466.0,44034645.693,110174983.0,40004550.5665,15814020433.0,1150022759.78,17336011343.62
2022-07-23,0.3578,0.3628,0.3498,0.3592,0.3578,0.3628,0.3498,0.3592,106298.0,52220.0,54078.0,140472336.0,50073528.3648,67351566.0,24015350.2839,73120770.0,26058178.0809,15856032676.0,863843425.54,17381325243.14
2022-07-24,0.3592,0.3667,0.3558,0.3586,0.3592,0.3667,0.3558,0.3586,111641.0,56190.0,55451.0,154710249.0,55971080.8209,77556767.0,28059884.1089,77153482.0,27911196.712,15876054219.0,912894826.94,17367749270.94
2022-07-25,0.3586,0.3602,0.335,0.3362,0.3585,0.3602,0.335,0.3362,151193.0,74713.0,76480.0,250777496.0,86676259.4828,125589433.0,43419718.0268,125188063.0,43256541.456,15141132905.0,1207904872.18,16306869205.01
2022-07-26,0.3362,0.3385,0.3252,0.3372,0.3362,0.3385,0.3252,0.3372,153532.0,72278.0,81254.0,248516564.0,82443390.9487,120815478.0,40085102.9261,127701086.0,42358288.0226,14773600675.0,1110467649.88,16331071436.37
2022-07-27,0.3372,0.3597,0.3304,0.3594,0.3373,0.3597,0.3304,0.3594,173274.0,88795.0,84479.0,270820690.0,92730683.9319,138359904.0,47386119.5227,132460786.0,45344564.4092,15814735735.0,1314040220.03,17360873681.11
2022-07-28,0.3594,0.3792,0.3489,0.3739,0.3594,0.3792,0.3489,0.3739,214156.0,110988.0,103168.0,338381188.0,122379884.6885,171414799.0,61987597.0128,166966389.0,60392287.6757,16413700846.0,1839928651.4,18050137973.04
2022-07-29,0.3739,0.3799,0.3596,0.3679,0.3738,0.3799,0.3596,0.3679,186833.0,93552.0,93281.0,276456259.0,102455414.6748,144385392.0,53526478.0597,132070867.0,48928936.6151,16427708872.0,1706911237.22,17822893715.83
2022-07-30,0.3679,0.4099,0.3629,0.3879,0.3679,0.4099,0.3629,0.3879,285884.0,144937.0,140947.0,388154871.0,151212668.9887,190389680.0,74193402.6794,197765191.0,77019266.3093,16985771832.0,1767280595.46,18745697940.82
2022-07-31,0.3879,0.3989,0.3782,0.3792,0.388,0.3989,0.3782,0.3792,174085.0,91454.0,82631.0,231814092.0,90300223.1005,113537479.0,44242347.0145,118276613.0,46057876.086,16730275727.0,1359568595.8,18392533898.45
2022-08-01,0.3792,0.386,0.371,0.3791,0.3789,0.386,0.371,0.3791,146825.0,71919.0,74906.0,215729685.0,81602011.2659,109339966.0,41363255.4091,106389719.0,40238755.8568,16762994327.0,1059391027.71,18369217305.41
2022-08-02,0.3791,0.3946,0.3667,0.3714,0.3791,0.3946,0.3667,0.3714,184337.0,92396.0,91941.0,261343324.0,97712462.1301,129545005.0,48449982.3181,131798319.0,49262479.812,16458032045.0,1232425419.13,17984627629.68
2022-08-03,0.3714,0.3775,0.3631,0.3695,0.3714,0.3775,0.3631,0.3695,137130.0,67083.0,70047.0,212254602.0,78676859.4057,104744026.0,38832024.4896,107510576.0,39844834.9161,16230698003.0,1105707649.21,17879768856.56
2022-08-04,0.3695,0.375,0.3643,0.371,0.3695,0.375,0.3643,0.371,107315.0,52557.0,54758.0,170860294.0,63183203.3837,85380072.0,31564774.9887,85480222.0,31618428.395,16349967401.0,916895439.21,17952280004.62
2022-08-05,0.371,0.3785,0.3673,0.3764,0.371,0.3785,0.3673,0.3764,117145.0,62593.0,54552.0,178170072.0,66561027.3224,97071624.0,36257586.8549,81098448.0,30303440.4675,16534372414.0,986100302.42,18205780800.2
2022-08-06,0.3764,0.378,0.3703,0.3715,0.3765,0.378,0.3703,0.3715,66502.0,33419.0,33083.0,88658479.0,33182898.9453,42405437.0,15872414.639,46253042.0,17310484.3063,16378944857.0,498759511.49,17962887586.29
2022-08-07,0.3715,0.3772,0.3682,0.3722,0.3715,0.3772,0.3682,0.3722,65502.0,33957.0,31545.0,94432362.0,35204727.0933,47947178.0,17876939.2392,46485184.0,17327787.8541,16388140241.0,509151828.92,18008096794.91
2022-08-08,0.3722,0.3847,0.371,0.3787,0.3724,0.3847,0.371,0.3787,128662.0,68844.0,59818.0,221476216.0,83979590.9722,115977396.0,43979420.003,105498820.0,40000170.9692,16666419256.0,1030742941.01,18310139569.97
2022-08-09,0.3787,0.3801,0.3606,0.3672,0.3787,0.3801,0.3606,0.3672,110373.0,53830.0,56543.0,168358813.0,62324528.9408,82666286.0,30600207.9599,85692527.0,31724320.9809,16278025676.0,4098651206.11,17795137985.59
2022-08-10,0.3672,0.3815,0.3583,0.3814,0.3672,0.3815,0.3583,0.3814,142208.0,70381.0,71827.0,218617309.0,81068105.4407,112384455.0,41691872.0909,106232854.0,39376233.3498,16755588058.0,1732723595.15,18421841323.72
2022-08-11,0.3814,0.386,0.377,0.3802,0.3814,0.386,0.377,0.3802,124815.0,61763.0,63052.0,212303676.0,80900073.1205,107303586.0,40891650.7138,105000090.0,40008422.4067,16702390775.0,1088394567.6,18700545845.72
2022-08-12,0.3802,0.3806,0.3699,0.3796,0.3801,0.3806,0.3699,0.3796,102798.0,53605.0,49193.0,169377982.0,63609314.0849,93156310.0,34983116.177,76221672.0,28626197.9079,16748974570.0,923071429.71,18672677481.03
2022-08-13,0.3796,0.3876,0.3763,0.378,0.3796,0.3876,0.3763,0.378,85925.0,42164.0,43761.0,122728952.0,46708311.9624,59296459.0,22568921.9961,63432493.0,24139389.9663,16655793643.0,590320028.42,18572869961.48
2022-08-14,0.378,0.3922,0.3738,0.3757,0.3779,0.3922,0.3738,0.3757,125664.0,61381.0,64283.0,184744299.0,70663793.9313,89113137.0,34102471.6654,95631162.0,36561322.2659,16577835488.0,754512693.32,18498504133.53
2022-08-15,0.3757,0.3852,0.3658,0.3751,0.3757,0.3852,0.3658,0.3751,141003.0,71666.0,69337.0,231352894.0,86406258.6863,119381222.0,44598719.5995,111971672.0,41807539.0868,16455940178.0,1046905199.25,18465237280.96
2022-08-16,0.3751,0.3784,0.3666,0.377,0.375,0.3784,0.3666,0.377,121180.0,57961.0,63219.0,196904975.0,73556611.6893,96207662.0,35948624.0461,100697313.0,37607987.6432,16623883952.0,930440616.05,18627048239.58
2022-08-17,0.377,0.3923,0.368,0.3795,0.377,0.3923,0.368,0.3795,222987.0,111061.0,111926.0,333525617.0,126759099.1176,169311616.0,64372334.9304,164214001.0,62386764.1872,16722841227.0,1408497181.05,18749023129.31
2022-08-18,0.3795,0.3815,0.3691,0.3704,0.3796,0.3815,0.3691,0.3704,132439.0,67065.0,65374.0,206448429.0,77574097.0843,105091124.0,39492137.3928,101357305.0,38081959.6915,16399982916.0,927786269.74,18317336208.98
2022-08-19,0.3704,0.3707,0.3309,0.3344,0.3703,0.3707,0.3309,0.3344,252658.0,125626.0,127032.0,437831008.0,151469808.2924,216949759.0,74980178.1707,220881249.0,76489630.1217,14806779167.0,1645536381.41,16543927022.62
2022-08-20,0.3344,0.3428,0.3321,0.3368,0.3344,0.3428,0.3321,0.3368,118265.0,55616.0,62649.0,206218319.0,69893445.4186,101881664.0,34536141.6942,104336655.0,35357303.7244,14870754219.0,848212363.72,16666962364.28
2022-08-21,0.3368,0.3485,0.3355,0.3449,0.3368,0.3485,0.3355,0.3449,103455.0,50489.0,52966.0,185595697.0,63540311.138,92296282.0,31592925.9513,93299415.0,31947385.1867,15261027611.0,835616993.23,17050167031.87
2022-08-22,0.3449,0.3453,0.3313,0.344,0.3447,0.3453,0.3313,0.344,139631.0,68362.0,71269.0,259125051.0,87411174.7706,134395867.0,45341113.0735,124729184.0,42070061.6971,15059080968.0,1001511240.28,17076526811.99
2022-08-23,0.344,0.348,0.3326,0.3472,0.344,0.348,0.3326,0.3472,120750.0,58559.0,62191.0,224844843.0,76705168.209,117130796.0,39962509.1015,107714047.0,36742659.1075,15284901886.0,930696330.91,17193965184.52
2022-08-24,0.3472,0.3525,0.3389,0.3456,0.3473,0.3525,0.3389,0.3456,112208.0,52630.0,59578.0,190760736.0,65685897.5246,95102376.0,32742791.9217,95658360.0,32943105.6029,15265177039.0,957472561.97,17147061678.57
2022-08-25,0.3456,0.3522,0.3435,0.3491,0.3456,0.3522,0.3435,0.3491,114924.0,57513.0,57411.0,200831070.0,69764352.314,101959250.0,35423162.6421,98871820.0,34341189.6719,15379813521.0,970585822.78,17313091252.5
2022-08-26,0.3491,0.3712,0.3325,0.3393,0.3491,0.3712,0.3325,0.3393,269092.0,132468.0,136624.0,439211758.0,153665419.4402,224371229.0,78493034.3602,214840529.0,75172385.08,14756299986.0,1653482687.58,16761909294.55
2022-08-27,0.3393,0.3447,0.3283,0.3346,0.3392,0.3447,0.3283,0.3346,116416.0,55014.0,61402.0,175871454.0,58855369.8605,87752033.0,29368141.1227,88119421.0,29487228.7378,14796954697.0,920820398.98,16612156192.69
2022-08-28,0.3346,0.3373,0.3213,0.3224,0.3346,0.3373,0.3213,0.3224,90560.0,42628.0,47932.0,148984590.0,49504782.3436,71255300.0,23680587.8921,77729290.0,25824194.4515,14341546477.0,596573621.1,16005208825.41
2022-08-29,0.3224,0.3342,0.3186,0.3337,0.3223,0.3342,0.3186,0.3337,136287.0,70906.0,65381.0,268856257.0,87361744.4692,142633743.0,46359313.3778,126222514.0,41002431.0914,14662996784.0,980137286.76,16571829586.12
2022-08-30,0.3337,0.3359,0.32,0.3267,0.3338,0.3359,0.32,0.3267,127485.0,62428.0,65057.0,213879108.0,70259688.5838,108052191.0,35515375.3273,105826917.0,34744313.2565,14432836210.0,948448427.96,16227920583.87
2022-08-31,0.3267,0.3339,0.323,0.3277,0.3268,0.3339,0.323,0.3277,117716.0,56343.0,61373.0,195043842.0,64322459.0518,94381318.0,31137094.8207,100662524.0,33185364.2311,14401783108.0,882676751.92,16277583809.84
2022-09-01,0.3277,0.3334,0.3215,0.3331,0.3276,0.3334,0.3215,0.3331,113186.0,56244.0,56942.0,183564987.0,59848811.8949,98551814.0,32119453.5226,85013173.0,27729358.3723,14683448176.0,875126154.45,16541923560.01
2022-09-02,0.3331,0.3355,0.3253,0.3314,0.3332,0.3355,0.3253,0.3314,104285.0,52164.0,52121.0,179601436.0,59352103.3702,93724081.0,30979579.1439,85877355.0,28372524.2263,14561702726.0,899373527.78,16445851060.42
2022-09-03,0.3314,0.335,0.3265,0.3297,0.3315,0.335,0.3265,0.3297,63442.0,29958.0,33484.0,103317904.0,34043843.1217,49306559.0,16251627.5129,54011345.0,17792215.6088,14494262872.0,473116924.98,16381795218.55
2022-09-04,0.3297,0.3328,0.3275,0.3317,0.3297,0.3328,0.3275,0.3317,58005.0,29239.0,28766.0,95913393.0,31682221.1852,46703199.0,15427508.1057,49210194.0,16254713.0795,14616656676.0,431905799.58,16472643158.03
2022-09-05,0.3317,0.3338,0.3225,0.3329,0.3317,0.3338,0.3225,0.3329,91431.0,47991.0,43440.0,178320876.0,58525355.8091,94181774.0,30902887.5462,84139102.0,27622468.2629,14631579385.0,761048972.89,16530280699.51
2022-09-06,0.3329,0.3431,0.3154,0.3212,0.3329,0.3431,0.3154,0.3212,191387.0,82759.0,108628.0,337153895.0,111776654.5137,157130772.0,52124443.6011,180023123.0,59652210.9126,14190135320.0,1337360825.23,15996480398.32
2022-09-07,0.3212,0.3386,0.312,0.3369,0.3212,0.3386,0.312,0.3369,141016.0,64491.0,76525.0,267709589.0,86968475.705,125965451.0,40930316.7749,141744138.0,46038158.9301,14893718870.0,1128804315.14,16749087225.87
2022-09-08,0.3369,0.3434,0.3282,0.3396,0.3369,0.3434,0.3282,0.3396,136630.0,66188.0,70442.0,234589959.0,78333843.9986,116415824.0,38867163.734,118174135.0,39466680.2646,14984086613.0,1065222912.94,16891985461.13
2022-09-09,0.3396,0.3597,0.3394,0.3568,0.3396,0.3597,0.3394,0.3568,187293.0,99540.0,87753.0,334849027.0,117071573.7653,182474750.0,63800492.1473,152374277.0,53271081.618,15662979699.0,1487790472.21,17813656402.91
2022-09-10,0.3568,0.3622,0.3514,0.3573,0.3567,0.3622,0.3514,0.3573,116583.0,58854.0,57729.0,186010258.0,66220220.8186,90629836.0,32272133.2709,95380422.0,33948087.5477,15825532172.0,851397393.51,17821814164.15
2022-09-11,0.3573,0.3604,0.3485,0.3552,0.3574,0.3604,0.3485,0.3552,86088.0,44579.0,41509.0,146159090.0,51919619.5378,73913953.0,26256792.2656,72245137.0,25662827.2722,15627827684.0,650515883.43,17694152749.41
2022-09-12,0.3552,0.3602,0.3478,0.3598,0.3551,0.3602,0.3478,0.3598,132001.0,69018.0,62983.0,243143764.0,86092131.7274,131431520.0,46537733.4669,111712244.0,39554398.2605,15810149694.0,1077587297.03,17909722399.37
2022-09-13,0.3598,0.3603,0.3308,0.3326,0.3598,0.3603,0.3308,0.3326,198832.0,93105.0,105727.0,364278378.0,125815020.3102,173399591.0,59938366.6661,190878787.0,65876653.6441,14631134626.0,1443625685.0,16626554285.85
2022-09-14,0.3326,0.3442,0.3312,0.3415,0.3325,0.3442,0.3312,0.3415,168172.0,83359.0,84813.0,308604961.0,103931939.6545,156806911.0,52801586.0476,151798050.0,51130353.6069,15069640026.0,1227835853.6,17044594426.56
2022-09-15,0.3415,0.3429,0.3241,0.3261,0.3415,0.3429,0.3241,0.3261,181640.0,79335.0,102305.0,406236125.0,135422916.2015,173358934.0,57778845.0224,232877191.0,77644071.1791,14371615346.0,1521572443.58,16259959472.56
2022-09-16,0.3261,0.3581,0.3216,0.3552,0.3262,0.3581,0.3216,0.3552,162183.0,79323.0,82860.0,370003740.0,124260288.7189,186885609.0,62763820.5722,183118131.0,61496468.1467,15750873168.0,1375977236.86,17772325398.84
2022-09-17,0.3552,0.381,0.3464,0.3762,0.355,0.381,0.3464,0.3762,247164.0,128971.0,118193.0,443007880.0,162050300.786,214475018.0,78430812.5217,228532862.0,83619488.2643,16547816147.0,1621592329.83,18784590638.59
2022-09-18,0.3762,0.3981,0.3556,0.3576,0.3762,0.3981,0.3556,0.3576,444651.0,219190.0,225461.0,680858418.0,258614760.4064,333280981.0,126660538.5915,347577437.0,131954221.8149,15913415646.0,2485765138.05,17853819362.86
2022-09-19,0.3576,0.3932,0.3401,0.3848,0.3578,0.3932,0.3401,0.3848,451339.0,232794.0,218545.0,737172977.0,265844871.8951,377962935.0,136230291.8408,359210042.0,129614580.0543,16981884261.0,2788638050.96,19295117861.89
2022-09-20,0.3848,0.4242,0.3704,0.414,0.3847,0.4242,0.3704,0.414,628936.0,290191.0,338745.0,1113792429.0,442009185.2686,522955801.0,207498980.5096,590836628.0,234510204.759,18151342059.0,3912067531.69,20696344827.17
2022-09-21,0.414,0.434,0.38,0.3936,0.414,0.434,0.38,0.3936,643141.0,311977.0,331164.0,925735817.0,372966189.3786,434816448.0,175240457.9747,490919369.0,197725731.4039,17416055229.0,3401100359.49,19781367192.79
2022-09-22,0.3936,0.5,0.3933,0.4862,0.3935,0.5,0.3933,0.4862,791009.0,374593.0,416416.0,1322834928.0,590174749.6729,629956605.0,281191324.5525,692878323.0,308983425.1204,21146185525.0,4916275588.32,24181658724.79
2022-09-23,0.4862,0.559,0.4564,0.5069,0.4861,0.559,0.4564,0.5069,1330406.0,678819.0,651587.0,1820625745.0,917768864.5043,898615314.0,453130948.3904,922010431.0,464637916.1139,22386084496.0,7798770581.7,25281849965.96
2022-09-24,0.5069,0.5195,0.4717,0.4878,0.5069,0.5195,0.4717,0.4878,593855.0,301328.0,292527.0,711158721.0,352715614.3205,353473531.0,175360287.619,357685190.0,177355326.7015,21426548656.0,3512953969.13,24361892063.94
2022-09-25,0.4878,0.5215,0.4757,0.4917,0.4878,0.5215,0.4757,0.4917,573784.0,285532.0,288252.0,738162563.0,366984733.4815,368900786.0,183394000.8327,369261777.0,183590732.6488,21705465263.0,3422191940.96,24556855663.58
2022-09-26,0.4917,0.502,0.4576,0.4683,0.4915,0.502,0.4576,0.4683,415486.0,216191.0,199295.0,626520230.0,296847521.539,312958187.0,148308701.4499,313562043.0,148538820.0891,20668115284.0,2916387563.9,23337442440.18
2022-09-27,0.4683,0.4882,0.435,0.4457,0.4682,0.4882,0.435,0.4457,410125.0,185262.0,224863.0,628394011.0,292038620.5516,296354526.0,137912021.9669,332039485.0,154126598.5847,19840616169.0,2838537510.81,22394230953.61
2022-09-28,0.4457,0.4558,0.4168,0.4489,0.446,0.4558,0.4168,0.4489,367581.0,160535.0,207046.0,595920283.0,257517246.6334,278932240.0,120552174.8155,316988043.0,136965071.8179,19998104016.0,2670489294.25,22488810461.26
2022-09-29,0.4489,0.5109,0.4266,0.4877,0.4493,0.5109,0.4266,0.4877,516418.0,230057.0,286361.0,788666701.0,365979762.7879,375407350.0,174557632.3649,413259351.0,191422130.423,21281505178.0,3292742359.41,24222633572.73
2022-09-30,0.4877,0.4992,0.4667,0.4799,0.4874,0.4992,0.4667,0.4799,499348.0,270818.0,228530.0,683028303.0,330105163.3981,344908814.0,166690857.2864,338119489.0,163414306.1117,21155927463.0,3780354930.69,23941064801.58
2022-10-01,0.4799,0.4865,0.4667,0.4754,0.4799,0.4865,0.4667,0.4754,232022.0,122210.0,109812.0,332745201.0,158398722.6391,163798047.0,77976935.2886,168947154.0,80421787.3505,20913677181.0,1544057825.33,23708298085.18
2022-10-02,0.4754,0.4785,0.443,0.4485,0.4753,0.4785,0.443,0.4485,252363.0,121183.0,131180.0,331325448.0,152945188.2056,158654005.0,73261211.9904,172671443.0,79683976.2152,19739217897.0,1524148632.8,22397914680.36
2022-10-03,0.4485,0.4694,0.4372,0.4621,0.4485,0.4694,0.4372,0.4621,251290.0,130429.0,120861.0,393625435.0,177658038.6668,200455491.0,90449501.1404,193169944.0,87208537.5264,20448494079.0,1852548565.11,23097957383.14
2022-10-04,0.4621,0.4858,0.4515,0.4795,0.4622,0.4858,0.4515,0.4795,302972.0,130670.0,172302.0,528294804.0,248921030.5571,233846670.0,110170981.2873,294448134.0,138750049.2698,21153029527.0,2192220218.69,23940784013.93
2022-10-05,0.4795,0.502,0.4716,0.4887,0.4795,0.502,0.4716,0.4887,356443.0,152992.0,203451.0,582675616.0,283275013.6859,251510091.0,122302085.0285,331165525.0,160972928.6574,21614948646.0,2480530356.98,24414916891.65
2022-10-06,0.4887,0.5063,0.4883,0.4934,0.4888,0.5063,0.4883,0.4934,271931.0,123850.0,148081.0,412623504.0,204870809.1033,178234322.0,88512335.1771,234389182.0,116358473.9262,21720206133.0,1913140570.58,24589449779.73
2022-10-07,0.4934,0.5339,0.48,0.5177,0.4934,0.5339,0.48,0.5177,364491.0,189915.0,174576.0,523500800.0,262944156.6285,254585052.0,127872814.6927,268915748.0,135071341.9358,22733957013.0,2627481992.49,25840612946.72
2022-10-08,0.5177,0.5292,0.5111,0.517,0.5176,0.5292,0.5111,0.517,257256.0,142908.0,114348.0,340783746.0,177286870.9384,163746919.0,85190214.9524,177036827.0,92096655.986,22805363547.0,1771062053.05,25782535419.92
2022-10-09,0.517,0.549,0.506,0.5325,0.5171,0.549,0.506,0.5325,264444.0,138373.0,126071.0,366379188.0,193058849.2665,181625117.0,95694697.4069,184754071.0,97364151.8596,23579680000.0,1789206998.45,26627502146.73
2022-10-10,0.5325,0.538,0.4927,0.4939,0.5325,0.538,0.4927,0.4939,415923.0,191906.0,224017.0,519737735.0,269405146.745,224698117.0,116475843.0515,295039618.0,152929303.6935,22065984215.0,2359086772.41,24780401211.86
2022-10-11,0.4939,0.5025,0.4768,0.4861,0.4939,0.5025,0.4768,0.4861,353731.0,151059.0,202672.0,445279743.0,218448308.5653,200178299.0,98221469.1481,245101444.0,120226839.4172,21340791011.0,2303743072.79,24252485456.26
2022-10-12,0.4861,0.496,0.482,0.4881,0.486,0.496,0.482,0.4881,177528.0,81864.0,95664.0,245221984.0,119808283.8365,116341342.0,56841144.5244,128880642.0,62967139.3121,21516099412.0,1375026359.76,24401024216.38
2022-10-13,0.4881,0.4898,0.4401,0.4791,0.488,0.4898,0.4401,0.4791,414916.0,184654.0,230262.0,601751609.0,280980866.2166,274106028.0,127897991.5294,327645581.0,153082874.6872,21273831934.0,2840221577.59,24023362891.83
2022-10-14,0.4791,0.5125,0.4782,0.4883,0.479,0.5125,0.4782,0.4883,305648.0,147430.0,158218.0,457259209.0,227388021.966,218857625.0,108864925.3173,238401584.0,118523096.6487,21538946040.0,2184144921.47,24430778153.45
2022-10-15,0.4883,0.49,0.4774,0.4818,0.4883,0.49,0.4774,0.4818,103097.0,50317.0,52780.0,155163123.0,75131086.2498,72547806.0,35151553.66,82615317.0,39979532.5898,21296961974.0,842401177.28,24058110511.98
2022-10-16,0.4818,0.4876,0.468,0.4766,0.4818,0.4876,0.468,0.4766,128741.0,66127.0,62614.0,220894101.0,105829602.9126,106658207.0,51090785.7726,114235894.0,54738817.14,21022990476.0,1028960254.99,23833409894.59
2022-10-17,0.4766,0.4825,0.4627,0.4804,0.4764,0.4825,0.4627,0.4804,185876.0,92740.0,93136.0,266511552.0,126134721.5191,134684341.0,63743774.731,131827211.0,62390946.7881,21162963314.0,1476868337.83,23941672563.55
2022-10-18,0.4804,0.4843,0.4571,0.4658,0.4804,0.4843,0.4571,0.4658,183992.0,87099.0,96893.0,289689721.0,136197440.4461,134965358.0,63464184.9295,154724363.0,72733255.5166,20573638650.0,1380317427.21,23246220236.91
2022-10-19,0.4658,0.4667,0.4471,0.4504,0.4657,0.4667,0.4471,0.4504,194462.0,95915.0,98547.0,330327507.0,151199222.0778,159014856.0,72803191.2176,171312651.0,78396030.8602,19855412967.0,1434466929.2,22510367890.5
2022-10-20,0.4504,0.4646,0.4224,0.4465,0.4504,0.4646,0.4224,0.4465,269299.0,122045.0,147254.0,396744045.0,178394403.3926,193688485.0,87178376.068,203055560.0,91216027.3246,19632431499.0,1712992942.67,22353590913.94
2022-10-21,0.4465,0.4617,0.4336,0.4614,0.4465,0.4617,0.4336,0.4614,209686.0,92915.0,116771.0,362000551.0,161784866.1782,170326924.0,76120399.7047,191673627.0,85664466.4735,20286270662.0,1644912254.53,23002804542.51
2022-10-22,0.4614,0.4708,0.4561,0.4653,0.4613,0.4708,0.4561,0.4653,112690.0,55505.0,57185.0,168922503.0,78201141.1354,77335894.0,35808060.6388,91586609.0,42393080.4966,20463163129.0,884856881.71,23220931123.54
2022-10-23,0.4653,0.4726,0.4518,0.4688,0.4653,0.4726,0.4518,0.4688,124146.0,60831.0,63315.0,201619037.0,93094955.4316,94017629.0,43420886.3187,107601408.0,49674069.1129,20641107715.0,950974304.98,23398675901.61
2022-10-24,0.4688,0.473,0.4478,0.4529,0.4689,0.473,0.4478,0.4529,142859.0,65813.0,77046.0,269189993.0,123072922.4954,120157828.0,54917692.0377,149032165.0,68155230.4577,20029740356.0,1293537736.9,22639752899.89
2022-10-25,0.4529,0.4728,0.4434,0.4605,0.453,0.4728,0.4434,0.4605,215880.0,111136.0,104744.0,350361399.0,160081457.7349,171598905.0,78409051.6546,178762494.0,81672406.0803,20341291780.0,1605966217.71,23025074861.12
2022-10-26,0.4605,0.4715,0.4562,0.4689,0.4606,0.4715,0.4562,0.4689,196965.0,95472.0,101493.0,308800077.0,143488385.6324,144018308.0,66913662.9213,164781769.0,76574722.7111,20678328197.0,1440473975.97,23508876432.16
2022-10-27,0.4689,0.4824,0.4584,0.4615,0.4689,0.4824,0.4584,0.4615,238788.0,120430.0,118358.0,386147200.0,181953642.3573,187029208.0,88157259.9222,199117992.0,93796382.4351,20409747119.0,1694861068.57,23159818758.13
2022-10-28,0.4615,0.4755,0.4564,0.4744,0.4615,0.4755,0.4564,0.4744,157002.0,73652.0,83350.0,258511622.0,120199098.1085,117686288.0,54732087.2878,140825334.0,65467010.8207,20866380960.0,1201992237.11,23739538029.94
2022-10-29,0.4744,0.4837,0.4657,0.4701,0.4743,0.4837,0.4657,0.4701,201794.0,109806.0,91988.0,284375501.0,134590023.725,135809120.0,64287057.082,148566381.0,70302966.643,20684659036.0,1404785407.37,23560983657.12
2022-10-30,0.4701,0.4735,0.4537,0.4582,0.4702,0.4735,0.4537,0.4582,133563.0,64612.0,68951.0,182831402.0,84820357.7325,84765782.0,39344717.619,98065620.0,45475640.1135,20200990044.0,964813817.23,22961905542.67
2022-10-31,0.4582,0.4674,0.4476,0.4641,0.4582,0.4674,0.4476,0.4641,198148.0,97181.0,100967.0,291632134.0,133261256.4253,146969703.0,67182951.4228,144662431.0,66078305.0025,20450669906.0,1462007946.75,23335529039.95
2022-11-01,0.4641,0.467,0.4543,0.4636,0.464,0.467,0.4543,0.4636,180942.0,88967.0,91975.0,272548552.0,125640111.9452,125825757.0,58019037.3809,146722795.0,67621074.5643,20507094572.0,1273429762.62,23268532974.76
2022-11-02,0.4636,0.4659,0.4451,0.4497,0.4635,0.4659,0.4451,0.4497,221321.0,102092.0,119229.0,305327596.0,139704185.4005,140671429.0,64406123.6398,164656167.0,75298061.7607,19937602493.0,1381853436.36,22582217542.17
2022-11-03,0.4497,0.4598,0.4487,0.4548,0.4498,0.4598,0.4487,0.4548,151898.0,77622.0,74276.0,221405589.0,100942726.2391,104803967.0,47790138.0305,116601622.0,53152588.2086,20053113723.0,1086924484.89,22795640615.73
2022-11-04,0.4548,0.5078,0.4532,0.5064,0.4548,0.5078,0.4532,0.5064,415590.0,220861.0,194729.0,561979429.0,274689740.9017,276164137.0,134949298.8774,285815292.0,139740442.0243,22203798616.0,2774226120.34,25328813287.78
2022-11-05,0.5064,0.51,0.489,0.493,0.5064,0.51,0.489,0.493,190220.0,102565.0,87655.0,199360700.0,99431885.5075,97184409.0,48486618.5542,102176291.0,50945266.9533,21748760292.0,1216193223.11,24772691849.4
2022-11-06,0.493,0.4947,0.468,0.4709,0.493,0.4947,0.468,0.4709,136737.0,67687.0,69050.0,163125807.0,79239163.6907,75421138.0,36664570.8371,87704669.0,42574592.8536,20761093935.0,940815147.6,23634830440.87
2022-11-07,0.4709,0.48,0.4585,0.4648,0.4708,0.48,0.4585,0.4648,215747.0,97968.0,117779.0,325333918.0,153239698.2961,140674033.0,66281947.7364,184659885.0,86957750.5597,20465794985.0,1592938582.66,23393125567.14
2022-11-08,0.4648,0.4669,0.3355,0.4059,0.4647,0.4669,0.3355,0.4059,685459.0,298838.0,386621.0,978082649.0,413070512.7862,427976370.0,180541812.893,550106279.0,232528699.8932,17919578018.0,3984776862.8,20399541868.2
2022-11-09,0.4059,0.411,0.316,0.3331,0.4059,0.411,0.316,0.3331,655564.0,301508.0,354056.0,908074197.0,334989216.0276,404429799.0,149198267.2478,503644398.0,185790948.7798,14429329316.0,3642933610.0,16730760050.71
2022-11-10,0.3331,0.403,0.3301,0.3942,0.3332,0.403,0.3301,0.3942,571158.0,266369.0,304789.0,815070852.0,301512853.2121,385064470.0,142649050.0237,430006382.0,158863803.1884,17507337903.0,3104223968.29,19870450816.36
2022-11-11,0.3942,0.3991,0.3661,0.3843,0.3942,0.3991,0.3661,0.3843,371420.0,167496.0,203924.0,477945830.0,182755584.2806,213380823.0,81549654.8983,264565007.0,101205929.3823,16852103268.0,1720205430.34,19290648473.39
2022-11-12,0.3843,0.3846,0.3592,0.3636,0.3842,0.3846,0.3592,0.3636,185956.0,98473.0,87483.0,254821436.0,93930662.5747,124252437.0,45808046.4528,130568999.0,48122616.1219,15951333004.0,931936263.39,18262147322.32
2022-11-13,0.3636,0.3694,0.3325,0.3408,0.3635,0.3694,0.3325,0.3408,245447.0,122213.0,123234.0,334510449.0,116988962.6143,146909223.0,51402121.5092,187601226.0,65586841.1051,14810584596.0,1064115310.68,17088087647.8
2022-11-14,0.3408,0.3796,0.321,0.3776,0.3409,0.3796,0.321,0.3776,474551.0,216142.0,258409.0,693547037.0,241833210.0589,318057879.0,110936320.7404,375489158.0,130896889.3185,16608840816.0,2400878272.47,18907756410.76
2022-11-15,0.3776,0.3977,0.3668,0.3888,0.3773,0.3977,0.3668,0.3888,397121.0,186086.0,211035.0,541305225.0,207028793.2972,253866537.0,97142845.4854,287438688.0,109885947.8118,17068482978.0,1966568663.98,19516350636.08
2022-11-16,0.3888,0.3915,0.3614,0.3752,0.3888,0.3915,0.3614,0.3752,260049.0,129074.0,130975.0,363276410.0,136953796.3009,180285056.0,68001644.845,182991354.0,68952151.4559,16611671858.0,1315104592.47,18902513069.95
2022-11-17,0.3752,0.3873,0.3691,0.3819,0.3751,0.3873,0.3691,0.3819,263552.0,134066.0,129486.0,413772413.0,156120059.8431,207019266.0,78081706.0171,206753147.0,78038353.826,16828439369.0,1326199203.85,19216121054.53
2022-11-18,0.3819,0.3878,0.3733,0.3829,0.3819,0.3878,0.3733,0.3829,172434.0,89776.0,82658.0,292591109.0,111602519.5482,151611474.0,57829190.4814,140979635.0,53773329.0668,16887793509.0,945178986.62,19267598675.36
2022-11-19,0.3829,0.3886,0.3752,0.3841,0.3829,0.3886,0.3752,0.3841,97089.0,48414.0,48675.0,145313373.0,55292721.1727,68704481.0,26147539.8736,76608892.0,29145181.2991,16960859549.0,571403780.0,19349879043.42
2022-11-20,0.3841,0.3969,0.3585,0.3608,0.3842,0.3969,0.3585,0.3608,194598.0,95230.0,99368.0,308373842.0,116439995.0709,140735919.0,53175093.8583,167637923.0,63264901.2126,15890009957.0,1156162575.75,18205365403.91
2022-11-21,0.3608,0.369,0.3457,0.3645,0.3609,0.369,0.3457,0.3645,289588.0,136516.0,153072.0,591706474.0,210059781.7228,281516299.0,99890134.3131,310190175.0,110169647.4097,16131788949.0,2153323835.16,18348913563.43
2022-11-22,0.3645,0.3784,0.3513,0.3757,0.3645,0.3784,0.3513,0.3757,237727.0,110904.0,126823.0,464705247.0,169687796.3158,225203354.0,82265424.138,239501893.0,87422372.1778,16547333617.0,1363821411.81,18915378392.1
2022-11-23,0.3757,0.3824,0.3682,0.3815,0.3758,0.3824,0.3682,0.3815,204708.0,101064.0,103644.0,354058802.0,133209854.523,176578209.0,66432937.756,177480593.0,66776916.767,16802136706.0,1100062348.96,19193064766.84
2022-11-24,0.3815,0.405,0.3742,0.4018,0.3816,0.405,0.3742,0.4018,249480.0,118540.0,130940.0,454087891.0,177033036.2218,222635598.0,86756756.5351,231452293.0,90276279.6867,17719659600.0,1259638130.68,20219699925.3
2022-11-25,0.4018,0.4194,0.3888,0.4078,0.4018,0.4194,0.3888,0.4078,297740.0,152200.0,145540.0,428503257.0,173684378.2258,207257431.0,84067111.899,221245826.0,89617266.3268,18044828765.0,1269230070.37,20542585995.86
2022-11-26,0.4078,0.4146,0.3927,0.396,0.4077,0.4146,0.3927,0.396,126149.0,60638.0,65511.0,184581391.0,74555148.8397,84383604.0,34087933.5743,100197787.0,40467215.2654,17457974587.0,614794663.99,19949935572.57
2022-11-27,0.396,0.4096,0.3942,0.3962,0.396,0.4096,0.3942,0.3962,125340.0,59326.0,66014.0,199432182.0,80197421.6651,93450039.0,37585394.4867,105982143.0,42612027.1784,17482452465.0,630018233.07,19959580740.63
2022-11-28,0.3962,0.3991,0.373,0.3888,0.3961,0.3991,0.373,0.3888,240458.0,115643.0,124815.0,434930297.0,166423172.4506,216541344.0,82848582.1122,218388953.0,83574590.3384,17185372300.0,1179083828.6,19632523703.84
2022-11-29,0.3888,0.4039,0.3829,0.3981,0.3888,0.4039,0.3829,0.3981,195717.0,96661.0,99056.0,355638077.0,139342590.9568,178271306.0,69837843.0781,177366771.0,69504747.8787,17568938326.0,969049647.95,20043018276.8
2022-11-30,0.3981,0.4117,0.3926,0.4078,0.3981,0.4117,0.3926,0.4078,191495.0,93455.0,98040.0,329757224.0,132883248.9774,162197210.0,65361438.0414,167560014.0,67521810.936,18035316017.0,933343510.95,20555697300.43
2022-12-01,0.4078,0.4093,0.3944,0.3969,0.4078,0.4093,0.3944,0.3969,141670.0,74128.0,67542.0,251203503.0,100381351.1923,133397950.0,53296310.2567,117805553.0,47085040.9356,17478210083.0,742091190.65,19950475176.93
2022-12-02,0.3969,0.3975,0.3838,0.3961,0.3968,0.3975,0.3838,0.3961,137052.0,67493.0,69559.0,257877078.0,100555120.3107,138441788.0,53970617.1324,119435290.0,46584503.1783,17418921103.0,778302835.45,19916879145.9
2022-12-03,0.3961,0.3973,0.3853,0.3873,0.3961,0.3973,0.3853,0.3873,87264.0,42191.0,45073.0,152919238.0,59974445.9224,73047643.0,28657295.5731,79871595.0,31317150.3493,17089961581.0,496500335.5,19508455690.89
2022-12-04,0.3873,0.3932,0.386,0.3895,0.3873,0.3932,0.386,0.3895,80207.0,36638.0,43569.0,134434499.0,52399718.8424,65279404.0,25447929.0599,69155095.0,26951789.7825,17213834441.0,450960650.83,19638535967.26
2022-12-05,0.3895,0.3954,0.38,0.3893,0.3895,0.3954,0.38,0.3893,169162.0,81131.0,88031.0,338205071.0,132061033.3122,176414438.0,68900207.6909,161790633.0,63160825.6213,17156080053.0,890179719.01,19580668440.38
2022-12-06,0.3893,0.3925,0.3808,0.3914,0.3893,0.3925,0.3808,0.3914,139542.0,70398.0,69144.0,302191639.0,116660558.7144,156219831.0,60302597.0077,145971808.0,56357961.7067,17293234850.0,814317329.03,19706800625.31
2022-12-07,0.3914,0.3925,0.3733,0.3835,0.3914,0.3925,0.3733,0.3835,145538.0,73430.0,72108.0,307733325.0,117648523.9099,159335388.0,60890131.0282,148397937.0,56758392.8817,16906699770.0,839949038.43,19285998617.76
2022-12-08,0.3835,0.3962,0.3826,0.3941,0.3835,0.3962,0.3826,0.3941,130361.0,65685.0,64676.0,276255107.0,107330684.7435,146298225.0,56842001.9688,129956882.0,50488682.7747,17424814841.0,770396955.61,19829987451.52
2022-12-09,0.3941,0.3952,0.3843,0.3889,0.3942,0.3952,0.3843,0.3889,114692.0,56558.0,58134.0,259533461.0,101327146.3593,136114404.0,53155999.2563,123419057.0,48171147.103,17165884184.0,693718602.75,19611540208.84
2022-12-10,0.3889,0.3893,0.3854,0.3865,0.3889,0.3893,0.3854,0.3865,48873.0,22968.0,25905.0,99433210.0,38539886.5527,50214880.0,19464560.3716,49218330.0,19075326.1811,17037034779.0,331624479.71,19487806148.84
2022-12-11,0.3865,0.3886,0.3778,0.3809,0.3865,0.3886,0.3778,0.3809,54465.0,26330.0,28135.0,96374128.0,37091781.1508,44409030.0,17090962.7416,51965098.0,20000818.4092,16832213843.0,366643113.97,19238421245.6
2022-12-12,0.3809,0.3898,0.3707,0.3874,0.3808,0.3898,0.3707,0.3874,154324.0,75914.0,78410.0,348028456.0,131257104.2853,179058204.0,67545714.0855,168970252.0,63711390.1998,17120950415.0,881038173.31,19522893731.68
2022-12-13,0.3874,0.397,0.3786,0.3952,0.3875,0.397,0.3786,0.3952,183015.0,86536.0,96479.0,440118070.0,170665867.177,193709302.0,75142431.44,246408768.0,95523435.737,17396143966.0,1137292765.03,19911364616.99
2022-12-14,0.3952,0.3956,0.3768,0.3853,0.3953,0.3956,0.3768,0.3853,159487.0,82091.0,77396.0,329607186.0,128096972.2984,153152832.0,59530626.8475,176454354.0,68566345.4509,17028153407.0,896146096.56,19151759658.54
2022-12-15,0.3853,0.3867,0.3735,0.378,0.3852,0.3867,0.3735,0.378,110423.0,56311.0,54112.0,226540166.0,86076180.483,107018919.0,40661038.6639,119521247.0,45415141.8191,16668630301.0,739736056.5,19061409181.94
2022-12-16,0.378,0.3799,0.344,0.3511,0.3779,0.3799,0.344,0.3511,191524.0,91875.0,99649.0,376428572.0,136784621.9295,173898248.0,63219737.866,202530324.0,73564884.0635,15420746236.0,1061370203.25,17720304136.65
2022-12-17,0.3511,0.3598,0.3467,0.3545,0.351,0.3598,0.3467,0.3545,101459.0,49409.0,52050.0,208492422.0,73591621.3634,102454721.0,36164981.6974,106037701.0,37426639.666,15590387458.0,590468249.51,17862371950.25
2022-12-18,0.3545,0.3556,0.3473,0.3499,0.3545,0.3556,0.3473,0.3499,57021.0,28464.0,28557.0,115421793.0,40560825.171,54046463.0,18991622.9116,61375330.0,21569202.2594,15474515275.0,313888825.84,17633841639.89
2022-12-19,0.3499,0.353,0.332,0.3389,0.3499,0.353,0.332,0.3389,157200.0,79537.0,77663.0,365699862.0,124752930.4634,188999762.0,64507554.1287,176700100.0,60245376.3347,14963263514.0,986711247.34,17059893035.27
2022-12-20,0.3389,0.3532,0.3359,0.3482,0.339,0.3532,0.3359,0.3482,139690.0,70435.0,69255.0,312424782.0,107517453.0116,162934108.0,56071424.6775,149490674.0,51446028.3341,15480888638.0,932296714.92,17588658613.46
2022-12-21,0.3482,0.3505,0.3371,0.3449,0.3482,0.3505,0.3371,0.3449,122619.0,61397.0,61222.0,287425951.0,98626729.8573,140967199.0,48368489.4985,146458752.0,50258240.3588,15241614699.0,743732203.95,17419840850.58
2022-12-22,0.3449,0.3503,0.3414,0.3492,0.3448,0.3503,0.3414,0.3492,107083.0,53226.0,53857.0,255155313.0,88031727.671,133491182.0,46059211.7055,121664131.0,41972515.9655,15401638605.0,685101341.71,17600066502.82
2022-12-23,0.3492,0.355,0.3471,0.3543,0.3492,0.355,0.3471,0.3543,93441.0,47949.0,45492.0,221882542.0,77773302.9236,113543025.0,39802950.95,108339517.0,37970351.9736,15605316219.0,577979156.36,17835345727.12
2022-12-24,0.3543,0.3544,0.3509,0.3517,0.3542,0.3544,0.3509,0.3517,37337.0,17277.0,20060.0,62857912.0,22136772.3408,29635988.0,10437010.9881,33221924.0,11699761.3527,15528983792.0,225391031.76,17729913120.82
2022-12-25,0.3517,0.3519,0.3439,0.3457,0.3518,0.3519,0.3439,0.3457,50316.0,24242.0,26074.0,100344595.0,34843179.2643,45533757.0,15810418.4762,54810838.0,19032760.7881,13404579223.0,323700210.23,17438570226.37
2022-12-26,0.3457,0.37,0.3455,0.3658,0.3457,0.37,0.3455,0.3658,138424.0,67262.0,71162.0,337834881.0,121074083.1859,166845263.0,59703975.4251,170989618.0,61370107.7608,16128766527.0,797909103.06,18411763327.88
2022-12-27,0.3658,0.3731,0.3586,0.3675,0.3657,0.3731,0.3586,0.3675,181577.0,91001.0,90576.0,385194770.0,141396481.0425,185304598.0,68031985.5313,199890172.0,73364495.5112,16263115839.0,905248563.36,18532744797.34
2022-12-28,0.3675,0.3687,0.3546,0.3558,0.3675,0.3687,0.3546,0.3558,164923.0,89001.0,75922.0,337095747.0,121246074.983,165972570.0,59689948.0679,171123177.0,61556126.9151,15715373513.0,839617675.85,17949002163.47
2022-12-29,0.3558,0.3577,0.3361,0.3421,0.3559,0.3577,0.3361,0.3421,159297.0,85820.0,73477.0,347820025.0,120106923.5335,170655080.0,58924410.8343,177164945.0,61182512.6992,15132903612.0,898022518.4,17260084063.65
2022-12-30,0.3421,0.3461,0.3337,0.3451,0.3421,0.3461,0.3337,0.3451,123668.0,62357.0,61311.0,270037618.0,91624064.7707,137330213.0,46604252.0755,132707405.0,45019812.6952,15197666494.0,672119601.88,17369345853.33
2022-12-31,0.3451,0.3453,0.3384,0.3389,0.345,0.3453,0.3384,0.3389,60883.0,30783.0,30100.0,138156698.0,47233960.1927,65237169.0,22305909.8748,72919529.0,24928050.3179,14986180134.0,337167277.68,17113207466.28
2023-01-01,0.3389,0.34,0.3354,0.3387,0.339,0.34,0.3354,0.3387,48661.0,25445.0,23216.0,102026821.0,34471638.5714,53592277.0,18107900.6475,48434544.0,16363737.9239,14936310622.0,290828851.37,17054534692.06
2023-01-02,0.3387,0.3555,0.3,0.3482,0.3386,0.3555,0.3,0.3482,285660.0,139714.0,145946.0,647520487.0,217803999.7446,320823575.0,108056946.6236,326696912.0,109747053.121,15376317960.0,1325787125.82,17547510207.98
2023-01-03,0.3482,0.352,0.3395,0.3436,0.3482,0.352,0.3395,0.3436,154113.0,77723.0,76390.0,346410334.0,119511328.6711,172318472.0,59448460.9027,174091862.0,60062867.7684,15167911156.0,811872324.94,17385025779.38
2023-01-04,0.3436,0.3605,0.339,0.3472,0.3436,0.3605,0.339,0.3472,147677.0,77554.0,70123.0,372672796.0,129585304.7284,193027855.0,67139279.1042,179644941.0,62446025.6242,15322532640.0,803671745.47,17585797404.05
2023-01-05,0.3472,0.3487,0.3333,0.338,0.3471,0.3487,0.3333,0.338,106910.0,57603.0,49307.0,265529668.0,90735849.1365,129294274.0,44187813.6661,136235394.0,46548035.4704,14903103321.0,669029811.79,17092550653.28
2023-01-06,0.338,0.3462,0.3311,0.3443,0.338,0.3462,0.3311,0.3443,124811.0,66574.0,58237.0,278304929.0,93853937.033,141179233.0,47616379.1864,137125696.0,46237557.8466,15202484404.0,741263419.78,17426551243.13
2023-01-07,0.3443,0.3457,0.3413,0.3442,0.3442,0.3457,0.3413,0.3442,54864.0,29559.0,25305.0,103851424.0,35685499.4695,50831317.0,17471422.5729,53020107.0,18214076.8966,15153525635.0,334559534.06,17407484300.96
2023-01-08,0.3442,0.3469,0.3354,0.3452,0.3442,0.3469,0.3354,0.3452,87967.0,44955.0,43012.0,185516324.0,63235820.0018,92948507.0,31689407.3897,92567817.0,31546412.6121,15169016357.0,515669684.01,17462625810.97
2023-01-09,0.3452,0.3576,0.3437,0.349,0.3452,0.3576,0.3437,0.349,207757.0,104575.0,103182.0,527746615.0,185161444.2836,254824357.0,89419804.3749,272922258.0,95741639.9087,15382627105.0,1420062935.87,17684746759.32
2023-01-10,0.349,0.3541,0.3432,0.3507,0.3489,0.3541,0.3432,0.3507,126247.0,64017.0,62230.0,338577860.0,118256165.1944,173055172.0,60442037.7148,165522688.0,57814127.4796,15502995801.0,815342810.14,17780977375.25
2023-01-11,0.3507,0.3785,0.3477,0.3728,0.3506,0.3785,0.3477,0.3728,264481.0,138714.0,125767.0,626037461.0,228637315.3745,316060030.0,115363462.2207,309977431.0,113273853.1538,16460316539.0,1498360174.44,18941118475.11
2023-01-12,0.3728,0.382,0.3607,0.3748,0.3728,0.382,0.3607,0.3748,229155.0,120453.0,108702.0,505754231.0,188241999.7211,249878743.0,93006864.7471,255875488.0,95235134.974,16537136803.0,1226464922.49,18993713034.27
2023-01-13,0.3748,0.3868,0.368,0.3858,0.3748,0.3868,0.368,0.3858,180943.0,92480.0,88463.0,405120914.0,152479844.0566,201571197.0,75872846.4057,203549717.0,76606997.6509,16987656588.0,990539135.03,19565403264.97
2023-01-14,0.3858,0.4089,0.3766,0.3953,0.3857,0.4089,0.3766,0.3953,298604.0,154405.0,144199.0,582781070.0,230545836.1881,287515587.0,113750224.0849,295265483.0,116795612.1032,17435483234.0,1601102465.54,20054205584.96
2023-01-15,0.3953,0.3969,0.3795,0.3845,0.3953,0.3969,0.3795,0.3845,149500.0,75115.0,74385.0,294014260.0,113574492.6617,140444062.0,54247747.6838,153570198.0,59326744.9779,16974221218.0,829206058.27,19518617705.86
2023-01-16,0.3845,0.4064,0.3777,0.3855,0.3846,0.4064,0.3777,0.3855,244213.0,122684.0,121529.0,542041099.0,211557382.1895,259538816.0,101299609.1732,282502283.0,110257773.0163,17068524972.0,1454332113.49,19604528432.53
2023-01-17,0.3855,0.3987,0.379,0.3868,0.3855,0.3987,0.379,0.3868,175149.0,88143.0,87006.0,378212343.0,146669509.5433,183711027.0,71232383.4436,194501316.0,75437126.0997,17096840586.0,1025137174.11,19662095659.2
2023-01-18,0.3868,0.3964,0.3655,0.3782,0.3868,0.3964,0.3655,0.3782,297896.0,146061.0,151835.0,615064764.0,236217050.68,294249478.0,113039586.9665,320815286.0,123177463.7135,16780548394.0,1484076131.64,19243271452.09
2023-01-19,0.3782,0.3965,0.3762,0.3928,0.3781,0.3965,0.3762,0.3928,194843.0,93782.0,101061.0,416112670.0,161047075.7657,204941131.0,79300131.8557,211171539.0,81746943.91,17359610286.0,1108881766.01,19970150795.05
2023-01-20,0.3928,0.4141,0.3859,0.4129,0.3928,0.4141,0.3859,0.4129,191888.0,102170.0,89718.0,366316527.0,145683006.8193,188711387.0,74980784.293,177605140.0,70702222.5263,18144691788.0,1053958522.26,20996583989.16
2023-01-21,0.4129,0.4166,0.3967,0.4034,0.4129,0.4166,0.3967,0.4034,198254.0,104308.0,93946.0,346602583.0,141823531.5831,165478405.0,67719633.2972,181124178.0,74103898.2859,17815096572.0,1037235128.52,20498230600.26
2023-01-22,0.4034,0.4122,0.3962,0.4004,0.4034,0.4122,0.3962,0.4004,140303.0,70728.0,69575.0,250067543.0,101062837.4732,120634816.0,48755338.5511,129432727.0,52307498.9221,17668341703.0,780764703.98,20367877363.75
2023-01-23,0.4004,0.433,0.3995,0.4234,0.4004,0.433,0.3995,0.4234,337146.0,162508.0,174638.0,723894773.0,304618525.3061,336521405.0,141588487.1564,387373368.0,163030038.1497,18707698794.0,1980513811.59,21585790614.33
2023-01-24,0.4234,0.4312,0.4025,0.4078,0.4233,0.4312,0.4025,0.4078,223346.0,112700.0,110646.0,411297898.0,172683239.9344,192361934.0,80790644.3698,218935964.0,91892595.5646,17938177231.0,1265360172.08,20710242909.25
2023-01-25,0.4078,0.4245,0.3965,0.417,0.4079,0.4245,0.3965,0.417,188870.0,94547.0,94323.0,375065459.0,153118088.976,186827318.0,76244377.7797,188238141.0,76873711.1963,18411390209.0,1104907019.19,21217485483.14
2023-01-26,0.417,0.4178,0.4053,0.4092,0.417,0.4178,0.4053,0.4092,151650.0,78090.0,73560.0,290069659.0,119450988.2924,143837698.0,59220498.8163,146231961.0,60230489.4761,18094987992.0,892174686.66,20831970200.25
2023-01-27,0.4092,0.4135,0.3988,0.4128,0.4091,0.4135,0.3988,0.4128,133853.0,68195.0,65658.0,274281738.0,111625093.023,136378774.0,55507502.5641,137902964.0,56117590.4589,18195843896.0,813986937.61,20971290062.67
2023-01-28,0.4128,0.4168,0.4055,0.4078,0.4127,0.4168,0.4055,0.4078,83036.0,40689.0,42347.0,148949278.0,61120997.8106,70856591.0,29083649.2834,78092687.0,32037348.5272,17955083345.0,508978346.93,20734689638.68
2023-01-29,0.4078,0.4173,0.4066,0.4134,0.4078,0.4173,0.4066,0.4134,95305.0,47446.0,47859.0,166884667.0,68802706.7642,79235849.0,32669617.3421,87648818.0,36133089.4221,18232832589.0,566580330.7,21020729835.63
2023-01-30,0.4134,0.4222,0.386,0.3934,0.4135,0.4222,0.386,0.3934,205691.0,102778.0,102913.0,433795926.0,174875593.0656,213480378.0,86141832.6055,220315548.0,88733760.4601,17368297859.0,1240049824.08,20046644677.8
2023-01-31,0.3934,0.4113,0.388,0.4057,0.3934,0.4113,0.388,0.4057,166935.0,80798.0,86137.0,346580963.0,138238341.7796,174978218.0,69716355.9451,171602745.0,68521985.8345,17889070880.0,1026848070.93,20646015948.65
2023-02-01,0.4057,0.4157,0.3962,0.4131,0.4058,0.4157,0.3962,0.4131,186726.0,91834.0,94892.0,379103907.0,153259801.5671,184988147.0,74752103.681,194115760.0,78507697.8861,18261885321.0,1066789792.86,21027200594.65
2023-02-02,0.4131,0.4192,0.408,0.4098,0.4132,0.4192,0.408,0.4098,165464.0,86206.0,79258.0,322532370.0,133341656.2179,163472668.0,67587785.7721,159059702.0,65753870.4458,18075412378.0,996287377.42,20816618784.96
2023-02-03,0.4098,0.4137,0.4054,0.4117,0.4097,0.4137,0.4054,0.4117,133447.0,69825.0,63622.0,274689680.0,112603154.4869,141671977.0,58080968.9055,133017703.0,54522185.5814,18172080072.0,848078650.87,20939632901.58
2023-02-04,0.4117,0.4204,0.4075,0.4106,0.4116,0.4204,0.4075,0.4106,95986.0,48177.0,47809.0,178134111.0,73370958.019,83662124.0,34471548.4624,94471987.0,38899409.5566,18305270774.0,583121354.47,20893933584.26
2023-02-05,0.4106,0.412,0.3942,0.3984,0.4106,0.412,0.3942,0.3984,134236.0,67718.0,66518.0,237111362.0,95563098.0889,112747647.0,45453079.203,124363715.0,50110018.8859,17564568594.0,758068911.0,20265653496.7
2023-02-06,0.3984,0.4037,0.3909,0.392,0.3985,0.4037,0.3909,0.392,145740.0,75116.0,70624.0,315995053.0,125897156.2863,159859675.0,63699592.1238,156135378.0,62197564.1625,17294743826.0,950972501.72,19955080918.66
2023-02-07,0.392,0.4048,0.3901,0.4036,0.3921,0.4048,0.3901,0.4036,145406.0,73786.0,71620.0,356160688.0,141141108.6065,183248723.0,72607710.1102,172911965.0,68533398.4963,17814126677.0,1015414417.87,20517939406.97
2023-02-08,0.4036,0.406,0.3936,0.3975,0.4037,0.406,0.3936,0.3975,104320.0,51375.0,52945.0,263188839.0,105265066.8744,123235097.0,49287325.6565,139953742.0,55977741.2179,17576702934.0,853007395.82,20220699734.84
2023-02-09,0.3975,0.4092,0.3726,0.3819,0.3975,0.4092,0.3726,0.3819,255958.0,121570.0,134388.0,526681339.0,206981490.6035,250575924.0,98553873.5392,276105415.0,108427617.0643,16841091836.0,1488178634.34,19428934743.76
2023-02-10,0.3819,0.3878,0.3771,0.3817,0.3818,0.3878,0.3771,0.3817,129469.0,64651.0,64818.0,279931749.0,107300522.3004,139730701.0,53554602.2296,140201048.0,53745920.0708,16835764542.0,877457864.01,19438033624.58
2023-02-11,0.3817,0.3841,0.3798,0.3833,0.3818,0.3841,0.3798,0.3833,59338.0,25816.0,33522.0,123179600.0,47064308.7616,54359454.0,20769517.1762,68820146.0,26294791.5854,16929433941.0,436697704.63,19507269578.29
2023-02-12,0.3833,0.385,0.3716,0.3747,0.3834,0.385,0.3716,0.3747,70222.0,33987.0,36235.0,135976322.0,51727784.2532,62447787.0,23753707.6288,73528535.0,27974076.6244,16489602922.0,492457254.84,19064006848.44
2023-02-13,0.3747,0.3783,0.3612,0.3703,0.3747,0.3783,0.3612,0.3703,158099.0,81733.0,76366.0,382768169.0,141477064.7839,190350024.0,70362221.9661,192418145.0,71114842.8178,16440958318.0,1129015395.68,18880739386.39
2023-02-14,0.3703,0.3839,0.3644,0.3819,0.3703,0.3839,0.3644,0.3819,160722.0,85906.0,74816.0,372274074.0,138499878.2798,196180773.0,72994759.0715,176093301.0,65505119.2083,16894309381.0,1022310518.41,19425948221.17
2023-02-15,0.3819,0.4024,0.3765,0.4011,0.3819,0.4024,0.3765,0.4011,150550.0,79711.0,70839.0,370966882.0,143859246.6086,183280682.0,71037186.5248,187686200.0,72822060.0838,17695072656.0,1072284899.73,20388301259.97
2023-02-16,0.4011,0.4048,0.384,0.3841,0.401,0.4048,0.384,0.3841,193412.0,97544.0,95868.0,450636395.0,179200203.6661,225043586.0,89555461.717,225592809.0,89644741.9491,17039143301.0,1194494182.07,19565603697.0
2023-02-17,0.3841,0.4,0.3809,0.395,0.3841,0.4,0.3809,0.395,149639.0,75421.0,74218.0,358052399.0,139644124.6396,187919337.0,73283588.7734,170133062.0,66360535.8662,17460405511.0,969213569.2,20080955305.94
2023-02-18,0.395,0.3976,0.3911,0.3943,0.3949,0.3976,0.3911,0.3943,73236.0,36567.0,36669.0,145625421.0,57400872.4426,69380555.0,27349230.4521,76244866.0,30051641.9905,17400946633.0,499633441.66,20046859910.3
2023-02-19,0.3943,0.3981,0.3845,0.3863,0.3942,0.3981,0.3845,0.3863,120434.0,60424.0,60010.0,237992952.0,93146713.9362,116193819.0,45470936.4997,121799133.0,47675777.4365,17092960953.0,727659068.88,19624545305.66
2023-02-20,0.3863,0.409,0.3774,0.3984,0.3861,0.409,0.3774,0.3984,224246.0,106466.0,117780.0,557018367.0,220336014.7363,278894507.0,110244972.671,278123860.0,110091042.0653,17545538125.0,1354318620.27,20244683946.77
2023-02-21,0.3984,0.4025,0.3872,0.3919,0.3985,0.4025,0.3872,0.3919,170551.0,82852.0,87699.0,448284088.0,176374645.4901,225085280.0,88578978.1016,223198808.0,87795667.3885,17255379814.0,1103766686.54,19908418400.39
2023-02-22,0.3919,0.3977,0.3828,0.3953,0.3919,0.3977,0.3828,0.3953,161983.0,79533.0,82450.0,389277544.0,151813602.9011,199048660.0,77597400.0916,190228884.0,74216202.8095,17430035362.0,1114714970.6,20155453552.64
2023-02-23,0.3953,0.3979,0.3853,0.3882,0.3953,0.3979,0.3853,0.3882,151055.0,83715.0,67340.0,348351954.0,136524364.7895,185760178.0,72805734.0508,162591776.0,63718630.7387,17155084584.0,917426305.8,19826512168.56
2023-02-24,0.3882,0.3908,0.3723,0.3783,0.3883,0.3908,0.3723,0.3783,157595.0,78071.0,79524.0,356652233.0,136442442.7247,183601515.0,70283824.5592,173050718.0,66158618.1655,16690877834.0,953355531.17,19283730482.87
2023-02-25,0.3783,0.3795,0.3692,0.3778,0.3783,0.3795,0.3692,0.3778,84703.0,37964.0,46739.0,179723963.0,67647646.4228,84230523.0,31703256.8337,95493440.0,35944389.5891,16647141246.0,552223148.44,19263772901.08
2023-02-26,0.3778,0.3807,0.3745,0.3779,0.3778,0.3807,0.3745,0.3779,69576.0,33773.0,35803.0,130843027.0,49371646.179,62587386.0,23616970.2689,68255641.0,25754675.9101,16668632579.0,441815644.65,19261559273.94
2023-02-27,0.3779,0.3801,0.3708,0.3785,0.3779,0.3801,0.3708,0.3785,145975.0,74223.0,71752.0,421412885.0,158457633.8979,225350589.0,84706976.9665,196062296.0,73750656.9314,16726401534.0,1049508853.36,19316258143.62
2023-02-28,0.3785,0.3827,0.3719,0.3762,0.3785,0.3827,0.3719,0.3762,149317.0,77827.0,71490.0,371401256.0,140007695.9865,200818042.0,75668334.9249,170583214.0,64339361.0616,16640832247.0,1000693267.15,19216118795.59
2023-03-01,0.3762,0.3848,0.3726,0.3835,0.3762,0.3848,0.3726,0.3835,134548.0,72159.0,62389.0,317577485.0,120585971.9244,161512541.0,61296409.5252,156064944.0,59289562.3992,16932246046.0,912485438.17,19558985493.04
2023-03-02,0.3835,0.3846,0.3737,0.3772,0.3835,0.3846,0.3737,0.3772,107723.0,58594.0,49129.0,281873061.0,106574977.8196,148617496.0,56165347.5998,133255565.0,50409630.2198,16655488385.0,812536878.36,19238025097.88
2023-03-03,0.3772,0.3806,0.3539,0.3774,0.3772,0.3806,0.3539,0.3774,214243.0,100193.0,114050.0,490515388.0,179848857.5324,248898448.0,91277825.6124,241616940.0,88571031.92,16582862383.0,1204150690.9,19242687646.68
2023-03-04,0.3774,0.38,0.368,0.3735,0.3773,0.38,0.368,0.3735,85530.0,39753.0,45777.0,164275250.0,61584809.5591,75858816.0,28438133.4803,88416434.0,33146676.0788,16477392188.0,556621575.18,19046115907.97
2023-03-05,0.3735,0.3774,0.3653,0.3668,0.3735,0.3774,0.3653,0.3668,80980.0,36968.0,44012.0,163637644.0,60724189.1932,73390639.0,27236882.6187,90247005.0,33487306.5745,16197710820.0,505577640.08,18708866161.13
2023-03-06,0.3668,0.3743,0.3589,0.3695,0.3667,0.3743,0.3589,0.3695,158156.0,81211.0,76945.0,428373378.0,156725004.0317,233387734.0,85297016.328,194985644.0,71427987.7037,16361445057.0,1161608429.36,18875845024.64
2023-03-07,0.3695,0.3844,0.3669,0.3801,0.3696,0.3844,0.3669,0.3801,230481.0,120121.0,110360.0,562644274.0,210785141.3808,293439451.0,109833962.0385,269204823.0,100951179.3423,16792084816.0,1479466647.37,19389246273.88
2023-03-08,0.3801,0.4018,0.3723,0.3889,0.3801,0.4018,0.3723,0.3889,325672.0,170637.0,155035.0,682406723.0,265136639.3485,344589959.0,133859502.2158,337816764.0,131277137.1327,17209048667.0,1881889626.62,19829460172.09
2023-03-09,0.3889,0.3976,0.3639,0.3706,0.3889,0.3976,0.3639,0.3706,304944.0,148306.0,156638.0,655014119.0,252341948.9759,317289093.0,122389927.7878,337725026.0,129952021.1881,16409392399.0,1727254553.46,18960379511.33
2023-03-10,0.3706,0.3752,0.3571,0.37,0.3706,0.3752,0.3571,0.37,264359.0,131383.0,132976.0,541098785.0,198898835.5473,273214134.0,100420182.8522,267884651.0,98478652.6951,16351183378.0,1450894928.77,18883549994.47
2023-03-11,0.37,0.3741,0.3582,0.3638,0.3699,0.3741,0.3582,0.3638,196161.0,100281.0,95880.0,342981412.0,125158363.7402,170461652.0,62199052.2268,172519760.0,62959311.5134,16023636395.0,1051093584.24,18690407767.9
2023-03-12,0.3638,0.3715,0.3473,0.3714,0.3637,0.3715,0.3473,0.3714,206750.0,109591.0,97159.0,389760071.0,140064897.6627,188167005.0,67677461.3609,201593066.0,72387436.3018,16279605222.0,1102164948.07,19020903151.52
2023-03-13,0.3714,0.38,0.3553,0.3724,0.3713,0.38,0.3553,0.3724,295723.0,164239.0,131484.0,556402600.0,204984639.527,289315654.0,106611381.1547,267086946.0,98373258.3723,16391645807.0,1694593959.88,19044718112.67
2023-03-14,0.3724,0.387,0.3647,0.3724,0.3724,0.387,0.3647,0.3724,283108.0,146293.0,136815.0,544803822.0,203995643.0725,268646880.0,100592504.2516,276156942.0,103403138.8209,16484865305.0,1527899939.56,19069843645.36
2023-03-15,0.3724,0.3757,0.356,0.3589,0.3724,0.3757,0.356,0.3589,198592.0,101194.0,97398.0,385093409.0,140863011.9457,189758340.0,69424022.9186,195335069.0,71438989.0271,15881150022.0,1062482117.99,18370734850.54
2023-03-16,0.3589,0.367,0.3562,0.3647,0.3589,0.367,0.3562,0.3647,132174.0,67910.0,64264.0,259083315.0,93875787.5029,129201218.0,46815132.435,129882097.0,47060655.0679,16114848919.0,692737535.11,18649316295.01
2023-03-17,0.3647,0.3825,0.362,0.3798,0.3647,0.3825,0.362,0.3798,199685.0,107564.0,92121.0,405873760.0,151029086.0637,209014814.0,77793030.2445,196858946.0,73236055.8192,16759295191.0,1046497902.57,19380800907.96
2023-03-18,0.3798,0.3898,0.3691,0.3739,0.3797,0.3898,0.3691,0.3739,194468.0,98864.0,95604.0,360335327.0,136790748.2516,179787799.0,68267255.5398,180547528.0,68523492.7118,16499658163.0,867351027.09,19077717827.95
2023-03-19,0.3739,0.4,0.3736,0.3857,0.3739,0.4,0.3736,0.3857,275018.0,142793.0,132225.0,476291604.0,185211360.2455,234827804.0,91321188.4802,241463800.0,93890171.7653,17249498032.0,1189636322.62,19792636070.15
2023-03-20,0.3857,0.3913,0.3707,0.3734,0.3859,0.3913,0.3707,0.3734,217102.0,114532.0,102570.0,443129416.0,168478007.0693,232492550.0,88389967.5209,210636866.0,80088039.5484,16476005148.0,1074222480.27,19087613742.24
2023-03-21,0.3734,0.4929,0.3728,0.4696,0.3734,0.4929,0.3728,0.4696,1036761.0,531175.0,505586.0,1698380685.0,739147786.6806,861860638.0,374553019.7656,836520047.0,364594766.915,20555889021.0,4178958939.0,23932164231.95
2023-03-22,0.4696,0.475,0.4069,0.4213,0.4696,0.475,0.4069,0.4213,847208.0,441827.0,405381.0,1409641087.0,626614742.0198,671590386.0,299006131.4683,738050701.0,327608610.5515,18610862658.0,3312385991.06,21525747665.19
2023-03-23,0.4213,0.4557,0.4116,0.4438,0.4213,0.4557,0.4116,0.4438,493112.0,235380.0,257732.0,837629903.0,368094025.9115,410294301.0,180251821.2965,427335602.0,187842204.615,19634607155.0,2161421824.93,22665534570.94
2023-03-24,0.4438,0.444,0.4141,0.4259,0.4437,0.444,0.4141,0.4259,282648.0,139372.0,143276.0,507977567.0,217558570.5452,254857997.0,109141910.3346,253119570.0,108416660.2106,18718159898.0,1314887049.46,21700105315.18
2023-03-25,0.4259,0.465,0.4223,0.4429,0.4259,0.465,0.4223,0.4429,428283.0,220661.0,207622.0,635312958.0,284432424.3263,323282019.0,144700617.778,312030939.0,139731806.5483,19575995228.0,1832767575.88,22658711029.1
2023-03-26,0.4429,0.4632,0.4403,0.4479,0.4427,0.4632,0.4403,0.4479,251330.0,125743.0,125587.0,364479792.0,164516868.433,176384097.0,79642209.2275,188095695.0,84874659.2055,19850058003.0,1090501587.75,22867642500.53
2023-03-27,0.4479,0.4888,0.4425,0.479,0.4479,0.4888,0.4425,0.479,566635.0,282211.0,284424.0,1003256531.0,468907973.9647,490072282.0,228906420.8126,513184249.0,240001553.1521,21113423012.0,2730255978.82,24805077972.13
2023-03-28,0.479,0.534,0.4666,0.5144,0.4789,0.534,0.4666,0.5144,675666.0,341551.0,334115.0,1126346466.0,561768921.786,550271016.0,274493912.0902,576075450.0,287275009.6958,22858617032.0,3163217118.86,26617281708.04
2023-03-29,0.5144,0.585,0.5144,0.5425,0.5145,0.585,0.5145,0.5425,862122.0,472988.0,389134.0,1291815558.0,710720110.8781,650365697.0,357800046.7804,641449861.0,352920064.0977,24022770713.0,4092945976.88,28091096060.97
2023-03-30,0.5425,0.558,0.5214,0.5319,0.5425,0.558,0.5214,0.5319,535861.0,287414.0,248447.0,827691286.0,444533562.2479,420253408.0,225765698.8403,407437878.0,218767863.4076,23608692237.0,2694676897.96,27609013087.3
2023-03-31,0.5319,0.564,0.5257,0.5374,0.5318,0.564,0.5257,0.5374,362827.0,190932.0,171895.0,532875635.0,285494944.4927,272586852.0,146009892.11,260288783.0,139485052.3827,23808699186.0,1934253477.17,27828271564.62
2023-04-01,0.5374,0.5375,0.4972,0.5095,0.5375,0.5375,0.4972,0.5095,373082.0,179850.0,193232.0,516087832.0,265787844.0202,244916636.0,126161104.9148,271171196.0,139626739.1054,22504869206.0,1829835076.39,26600884289.84
2023-04-02,0.5095,0.529,0.5015,0.518,0.5094,0.529,0.5015,0.518,304023.0,146036.0,157987.0,391347744.0,202442762.8255,197069492.0,101937712.6133,194278252.0,100505050.2122,22938274828.0,1488648839.35,26803620002.77
2023-04-03,0.518,0.525,0.481,0.4959,0.5179,0.525,0.481,0.4959,375185.0,191334.0,183851.0,522070023.0,264930891.5245,263845216.0,134011798.4022,258224807.0,130919093.1223,21980077971.0,1655872706.26,25667659149.74
2023-04-04,0.4959,0.5078,0.4871,0.5026,0.4958,0.5078,0.4871,0.5026,233646.0,116098.0,117548.0,360227447.0,179555332.6901,187654340.0,93517974.7645,172573107.0,86037357.9256,22181826576.0,1230443034.86,26004383762.16
2023-04-05,0.5026,0.5271,0.4986,0.5055,0.5026,0.5271,0.4986,0.5055,265503.0,136673.0,128830.0,411989031.0,210165518.3216,207173028.0,105716749.8832,204816003.0,104448768.4384,22299942878.0,1402532299.14,26146735514.06
2023-04-06,0.5055,0.5097,0.4913,0.5028,0.5055,0.5097,0.4913,0.5028,226191.0,107017.0,119174.0,315900045.0,158484620.7896,159289413.0,79927656.2951,156610632.0,78556964.4945,22227568344.0,1077113139.52,26014728556.17
2023-04-07,0.5028,0.5156,0.4971,0.5126,0.5028,0.5156,0.4971,0.5126,236639.0,113511.0,123128.0,318185786.0,161500221.0903,164493145.0,83510779.5674,153692641.0,77989441.5229,22666806428.0,1060408545.84,26554250786.2
2023-04-08,0.5126,0.513,0.5022,0.5048,0.5127,0.513,0.5022,0.5048,131248.0,62493.0,68755.0,136614694.0,69517878.4432,61730572.0,31410989.6758,74884122.0,38106888.7674,22310894124.0,587641054.27,26139670730.26
2023-04-09,0.5048,0.5093,0.4983,0.5054,0.5049,0.5093,0.4983,0.5054,99848.0,48527.0,51321.0,116122379.0,58532234.578,56270959.0,28366468.5246,59851420.0,30165766.0534,22330414528.0,550582812.85,26145783968.96
2023-04-10,0.5054,0.5199,0.5,0.5176,0.5053,0.5199,0.5,0.5176,154033.0,70712.0,83321.0,264898196.0,134434521.2121,143896871.0,72982170.3245,121001325.0,61452350.8876,22907168363.0,914389504.81,26791069408.44
2023-04-11,0.5176,0.5283,0.511,0.5167,0.5176,0.5283,0.511,0.5167,200576.0,102558.0,98018.0,358821527.0,186152904.5242,196281969.0,101833414.5527,162539558.0,84319489.9715,22787770725.0,1206362803.63,26749708885.55
2023-04-12,0.5167,0.5179,0.4984,0.5049,0.5166,0.5179,0.4984,0.5049,186682.0,88383.0,98299.0,339100343.0,171358646.2642,165468803.0,83606262.0747,173631540.0,87752384.1895,22298734182.0,1063340694.82,26191853777.85
2023-04-13,0.5049,0.5156,0.5014,0.5125,0.5049,0.5156,0.5014,0.5125,142779.0,74250.0,68529.0,273342378.0,139036177.3945,150028631.0,76317868.3212,123313747.0,62718309.0733,22591185417.0,963105080.69,26563293568.04
2023-04-14,0.5125,0.5465,0.5111,0.5227,0.5124,0.5465,0.5111,0.5227,307971.0,157808.0,150163.0,462335443.0,243064939.2771,239258872.0,125771859.9855,223076571.0,117293079.2916,23097508630.0,1597156517.64,27117062181.19
2023-04-15,0.5227,0.5261,0.516,0.5192,0.5227,0.5261,0.516,0.5192,105834.0,50996.0,54838.0,152508925.0,79413896.0197,72672668.0,37848445.3481,79836257.0,41565450.6716,22997735928.0,670556485.5,26933378689.85
2023-04-16,0.5192,0.5244,0.5152,0.5209,0.5192,0.5244,0.5152,0.5209,100919.0,49589.0,51330.0,157240759.0,81721324.831,77120853.0,40083368.0914,80119906.0,41637956.7396,22983832473.0,631212312.68,26982441053.72
2023-04-17,0.5209,0.521,0.5066,0.5109,0.5208,0.521,0.5066,0.5109,151791.0,75218.0,76573.0,299749754.0,153553932.094,169784999.0,86969122.371,129964755.0,66584809.723,22535649369.0,1021376247.86,26451231195.28
2023-04-18,0.5109,0.5391,0.5092,0.5324,0.511,0.5391,0.5092,0.5324,179073.0,90063.0,89010.0,358112470.0,186085470.3304,203556287.0,105733036.7684,154556183.0,80352433.562,23497079860.0,1169237634.01,27545102529.29
2023-04-19,0.5324,0.5375,0.471,0.4911,0.5325,0.5375,0.471,0.4911,378676.0,177053.0,201623.0,620153279.0,311042377.4707,297689655.0,149352938.5593,322463624.0,161689438.9114,21602721836.0,2047949056.79,25440636297.98
2023-04-20,0.4911,0.4993,0.465,0.4752,0.4911,0.4993,0.465,0.4752,238238.0,117397.0,120841.0,454997513.0,219794190.8847,225466342.0,108946968.4754,229531171.0,110847222.4093,20869343878.0,1484251970.01,24574282982.66
2023-04-21,0.4752,0.4792,0.4403,0.4491,0.4752,0.4792,0.4403,0.4491,230036.0,111640.0,118396.0,425209825.0,196405832.4614,214479000.0,99149708.2681,210730825.0,97256124.1933,19758855342.0,1412575276.1,23256583202.32
2023-04-22,0.4491,0.4761,0.4455,0.4719,0.449,0.4761,0.4455,0.4719,150016.0,75819.0,74197.0,242021955.0,111879421.8415,122751042.0,56782117.4155,119270913.0,55097304.426,20835260920.0,948350838.77,24460574337.53
2023-04-23,0.4719,0.472,0.4526,0.4647,0.472,0.472,0.4526,0.4647,130715.0,64038.0,66677.0,222191297.0,103079830.5741,107544770.0,49910312.206,114646527.0,53169518.3681,20448123586.0,745785219.16,24064973700.95
2023-04-24,0.4647,0.4857,0.4469,0.4611,0.4648,0.4857,0.4469,0.4611,227559.0,115260.0,112299.0,408426760.0,189723462.6629,219380921.0,101918723.9094,189045839.0,87804738.7535,20402677627.0,1287683583.13,23871250035.62
2023-04-25,0.4611,0.4723,0.4506,0.4695,0.461,0.4723,0.4506,0.4695,167797.0,83148.0,84649.0,377056298.0,173172942.7944,214418124.0,98458381.2381,162638174.0,74714561.5563,20745074991.0,1120038773.29,24322621362.13
2023-04-26,0.4695,0.4831,0.4329,0.4618,0.4696,0.4831,0.4329,0.4618,280441.0,140305.0,140136.0,551155391.0,256463436.6499,277180801.0,129067214.3441,273974590.0,127396222.3058,20328643628.0,1585410691.51,23910811594.08
2023-04-27,0.4618,0.4699,0.4557,0.4667,0.4619,0.4699,0.4557,0.4667,166405.0,82044.0,84361.0,345756985.0,159816336.8441,170265417.0,78665218.1406,175491568.0,81151118.7035,20562658251.0,1631460643.07,24160789361.92
2023-04-28,0.4667,0.483,0.4637,0.4796,0.4667,0.483,0.4637,0.4796,203480.0,107303.0,96177.0,384917512.0,181922278.9124,218738540.0,103376510.6525,166178972.0,78545768.2599,21031867208.0,1145414602.54,24854392601.42
2023-04-29,0.4796,0.4869,0.4709,0.478,0.4795,0.4869,0.4709,0.478,122677.0,64956.0,57721.0,175533507.0,84163263.9234,86163575.0,41316920.4898,89369932.0,42846343.4336,21046146406.0,611537969.78,24758076467.23
2023-04-30,0.478,0.4819,0.4687,0.4705,0.4779,0.4819,0.4687,0.4705,91324.0,46807.0,44517.0,143199211.0,68124656.7054,71983476.0,34241146.285,71215735.0,33883510.4204,20898517492.0,556459700.16,24443538173.72
2023-05-01,0.4705,0.4724,0.4544,0.4649,0.4705,0.4724,0.4544,0.4649,167097.0,86669.0,80428.0,338231418.0,156703971.8915,193187591.0,89537279.0222,145043827.0,67166692.8693,20498085037.0,941003865.47,24062362196.35
2023-05-02,0.4649,0.4662,0.4574,0.4645,0.4648,0.4662,0.4574,0.4645,164966.0,90217.0,74749.0,330734355.0,152988821.87,193531826.0,89527161.8275,137202529.0,63461660.0425,20490205962.0,903846077.01,24069690926.32
2023-05-03,0.4645,0.4655,0.4497,0.4632,0.4644,0.4655,0.4497,0.4632,162057.0,77965.0,84092.0,341232638.0,156013152.9334,170024695.0,77748172.5966,171207943.0,78264980.3368,20451899225.0,1049175706.26,23994314429.7
2023-05-04,0.4632,0.465,0.4547,0.4608,0.4631,0.465,0.4547,0.4608,103839.0,54402.0,49437.0,218212542.0,100405157.9432,104800374.0,48211996.9158,113412168.0,52193161.0274,20330936093.0,752455290.82,23894825542.95
2023-05-05,0.4608,0.4706,0.4545,0.4671,0.4608,0.4706,0.4545,0.4671,160893.0,83471.0,77422.0,292855620.0,135599010.5934,169635559.0,78543890.0181,123220061.0,57055120.5753,18115902825.0,857113580.02,24249736807.5
2023-05-06,0.4671,0.4695,0.4512,0.4582,0.4671,0.4695,0.4512,0.4582,119808.0,61975.0,57833.0,168649976.0,77457021.9829,83169782.0,38187411.7377,85480194.0,39269610.2452,20162291305.0,592275763.88,23822036891.15
2023-05-07,0.4582,0.4601,0.4457,0.449,0.4582,0.4601,0.4457,0.449,93375.0,45860.0,47515.0,119401215.0,54412904.3018,58708515.0,26760564.0033,60692700.0,27652340.2985,20045752628.0,440082859.08,23345911524.89
2023-05-08,0.449,0.4512,0.41,0.4283,0.4491,0.4512,0.41,0.4283,248533.0,122495.0,126038.0,483055933.0,208516112.0143,260574568.0,112537710.4604,222481365.0,95978401.5539,18836975294.0,1307982057.28,22233996403.66
2023-05-09,0.4283,0.4308,0.4202,0.4289,0.4283,0.4308,0.4202,0.4289,145474.0,75926.0,69548.0,331497882.0,140698488.1352,197912958.0,84006182.7987,133584924.0,56692305.3365,18879700675.0,911350657.91,22284433210.5
2023-05-10,0.4289,0.434,0.4119,0.4303,0.4289,0.434,0.4119,0.4303,178622.0,87922.0,90700.0,334930240.0,142959031.4146,169496400.0,72345614.7689,165433840.0,70613416.6457,18989402829.0,1068763582.69,22335512674.16
2023-05-11,0.4303,0.4305,0.4114,0.4207,0.4303,0.4305,0.4114,0.4207,132230.0,63408.0,68822.0,288769811.0,121888401.6044,137805383.0,58158833.3961,150964428.0,63729568.2083,18565028590.0,906511893.88,21869283782.56
2023-05-12,0.4207,0.4446,0.4157,0.4305,0.4208,0.4446,0.4157,0.4305,243770.0,126480.0,117290.0,408757650.0,174665763.124,210588138.0,89981284.9551,198169512.0,84684478.1689,18971289385.0,1174284548.04,22327467995.26
2023-05-13,0.4305,0.4306,0.4227,0.424,0.4304,0.4306,0.4227,0.424,64588.0,30039.0,34549.0,102125283.0,43502508.7222,49640570.0,21146725.7968,52484713.0,22355782.9254,18737302092.0,389293055.2,22026044796.55
2023-05-14,0.424,0.4317,0.421,0.4253,0.424,0.4317,0.421,0.4253,60061.0,31291.0,28770.0,97517794.0,41556708.1618,52601438.0,22422149.419,44916356.0,19134558.7428,18773998214.0,369801280.44,22075646338.39
2023-05-15,0.4253,0.4304,0.4214,0.4273,0.4253,0.4304,0.4214,0.4273,124386.0,63501.0,60885.0,263543031.0,112456043.0808,158293157.0,67552534.8268,105249874.0,44903508.254,18877446846.0,749923784.81,22163904274.94
2023-05-16,0.4273,0.443,0.4174,0.4425,0.4273,0.443,0.4174,0.4425,160937.0,82890.0,78047.0,357854908.0,152521020.859,209342171.0,89175665.996,148512737.0,63345354.863,19434683878.0,963282009.38,22882373724.95
2023-05-17,0.4425,0.4616,0.4375,0.4484,0.4426,0.4616,0.4375,0.4484,303334.0,171707.0,131627.0,511331200.0,229071343.7915,266439406.0,119349365.1679,244891794.0,109721978.6236,19791457308.0,1518727788.37,23253852493.74
2023-05-18,0.4484,0.473,0.443,0.4596,0.4485,0.473,0.443,0.4596,286958.0,150068.0,136890.0,420292099.0,192595312.6275,208407888.0,95500114.6204,211884211.0,97095198.0071,20294121464.0,1356400752.1,23860882332.93
2023-05-19,0.4596,0.4755,0.4573,0.4675,0.4598,0.4755,0.4573,0.4675,222000.0,120959.0,101041.0,327924286.0,152613054.2521,184241465.0,85740879.8433,143682821.0,66872174.4088,20624065756.0,1083307614.36,24275682787.23
2023-05-20,0.4675,0.4719,0.4618,0.4685,0.4674,0.4719,0.4618,0.4685,103913.0,52876.0,51037.0,133085427.0,62057504.8193,66548456.0,31033845.7109,66536971.0,31023659.1084,20675478090.0,479336096.04,24332727397.44
2023-05-21,0.4685,0.4706,0.455,0.4575,0.4685,0.4706,0.455,0.4575,103117.0,52672.0,50445.0,152105849.0,70385641.0823,74842890.0,34626497.5074,77262959.0,35759143.5749,20180808413.0,537234088.61,23734559208.61
2023-05-22,0.4575,0.4674,0.4496,0.4618,0.4574,0.4674,0.4496,0.4618,155907.0,82488.0,73419.0,289989578.0,133114497.6357,168051252.0,77144550.0222,121938326.0,55969947.6135,20361996330.0,904918279.52,23944694326.28
2023-05-23,0.4618,0.4672,0.4583,0.4651,0.4618,0.4672,0.4583,0.4651,125211.0,65968.0,59243.0,270491006.0,125016933.0484,159997721.0,73941129.0987,110493285.0,51075803.9497,20514355818.0,829964869.95,24143344224.28
2023-05-24,0.4651,0.4651,0.4457,0.453,0.4651,0.4651,0.4457,0.453,156624.0,76619.0,80005.0,334128026.0,151915102.1176,164644911.0,74827055.066,169483115.0,77088047.0516,19986918647.0,1029450863.9,23530151449.08
2023-05-25,0.453,0.4551,0.4431,0.4538,0.453,0.4551,0.4431,0.4538,102425.0,50575.0,51850.0,190174437.0,85627895.2544,93900082.0,42279329.752,96274355.0,43348565.5024,20005879724.0,697466810.28,23536605398.05
2023-05-26,0.4538,0.4699,0.4524,0.4684,0.4538,0.4699,0.4524,0.4684,145800.0,77275.0,68525.0,284645154.0,132032922.1573,163785848.0,75969540.6585,120859306.0,56063381.4988,20654698965.0,947890355.09,24387491299.25
2023-05-27,0.4684,0.4792,0.4652,0.4714,0.4684,0.4792,0.4652,0.4714,123858.0,64615.0,59243.0,178798933.0,84283690.6692,85960639.0,40522471.8133,92838294.0,43761218.8559,20792099985.0,634937524.55,24548875918.88
2023-05-28,0.4714,0.4863,0.4699,0.482,0.4714,0.4863,0.4699,0.482,109213.0,49810.0,59403.0,166534206.0,79310781.4841,84625366.0,40300303.5719,81908840.0,39010477.9122,21268073042.0,570647794.62,25102181890.81
2023-05-29,0.482,0.4954,0.4761,0.4946,0.4821,0.4954,0.4761,0.4946,193651.0,95154.0,98497.0,328535756.0,158994730.9089,183345634.0,88706697.8833,145190122.0,70288033.0256,21768122168.0,1039953785.65,25687665112.64
2023-05-30,0.4946,0.5293,0.4893,0.5205,0.4946,0.5293,0.4893,0.5205,428094.0,224616.0,203478.0,662891231.0,337412103.77,361416168.0,183850739.145,301475063.0,153561364.625,23046259903.0,2119990185.14,27132112414.04
2023-05-31,0.5205,0.528,0.5009,0.5166,0.5205,0.528,0.5009,0.5166,297874.0,156769.0,141105.0,440917044.0,226321932.8499,222947424.0,114438129.6834,217969620.0,111883803.1665,22894658749.0,1585723566.42,26895488013.23
2023-06-01,0.5166,0.5167,0.5014,0.5065,0.5167,0.5167,0.5014,0.5065,197787.0,111538.0,86249.0,320782418.0,162638528.1577,170293802.0,86386467.458,150488616.0,76252060.6997,22355518443.0,1095700204.23,26372062614.19
2023-06-02,0.5065,0.5271,0.5033,0.5244,0.5065,0.5271,0.5033,0.5244,168266.0,89344.0,78922.0,293048961.0,151414189.6036,163782927.0,84630227.6575,129266034.0,66783961.9461,23108504812.0,1070731055.08,27311401350.17
2023-06-03,0.5244,0.534,0.5144,0.5188,0.5244,0.534,0.5144,0.5188,119886.0,59821.0,60065.0,172139129.0,89930000.8953,85366058.0,44602695.4438,86773071.0,45327305.4515,22888587875.0,684948363.26,26999494033.97
2023-06-04,0.5188,0.547,0.5151,0.5359,0.5188,0.547,0.5151,0.5359,159074.0,82972.0,76102.0,250235168.0,133246493.0951,131291892.0,69938934.9942,118943276.0,63307558.1009,23739212820.0,943439712.03,27860418486.44
2023-06-05,0.5359,0.5431,0.4867,0.509,0.5359,0.5431,0.4867,0.509,430141.0,199989.0,230152.0,616993814.0,319477652.4925,314269228.0,163020175.2141,302724586.0,156457477.2784,22431096174.0,2077075618.45,26533840027.56
2023-06-06,0.509,0.5328,0.4952,0.53,0.5089,0.5328,0.4952,0.53,307055.0,153163.0,153892.0,458413458.0,234690913.8299,242508753.0,124128459.9257,215904705.0,110562453.9042,23379932187.0,1595950808.32,27577226652.42
2023-06-07,0.53,0.5384,0.507,0.5183,0.53,0.5384,0.507,0.5183,326396.0,164813.0,161583.0,467474175.0,244889718.1241,235939314.0,123665271.5216,231534861.0,121224446.6025,22910782689.0,1649651365.72,27013904807.84
2023-06-08,0.5183,0.5278,0.5156,0.5236,0.5183,0.5278,0.5156,0.5236,177957.0,82759.0,95198.0,262982251.0,137027019.7161,131593138.0,68553433.2142,131389113.0,68473586.5019,23122931033.0,954016645.62,27269590015.48
2023-06-09,0.5236,0.5418,0.5205,0.538,0.5237,0.5418,0.5205,0.538,236747.0,107957.0,128790.0,352068623.0,187158472.4652,179338500.0,95329263.7307,172730123.0,91829208.7345,23606188140.0,1233816475.43,27964719425.63
2023-06-10,0.538,0.5388,0.472,0.5067,0.538,0.5388,0.472,0.5067,492361.0,228317.0,264044.0,609302319.0,304346642.2294,293296020.0,146470937.6137,316006299.0,157875704.6157,22457406443.0,2110109968.37,26419755525.27
2023-06-11,0.5067,0.5293,0.5027,0.5208,0.5067,0.5293,0.5027,0.5208,164718.0,85006.0,79712.0,221202480.0,113523633.2413,111715728.0,57337359.5485,109486752.0,56186273.6928,22882673823.0,828115958.33,27096702674.58
2023-06-12,0.5208,0.528,0.5086,0.5251,0.5209,0.528,0.5086,0.5251,234513.0,118779.0,115734.0,356547544.0,184693488.5544,193429811.0,100191887.0456,163117733.0,84501601.5088,23212591381.0,1199140307.2,27330675869.06
2023-06-13,0.5251,0.5658,0.5054,0.5192,0.5251,0.5658,0.5054,0.5192,559433.0,283175.0,276258.0,771631184.0,411364100.7733,397475690.0,211722384.5115,374155494.0,199641716.2618,22888403730.0,2617707335.99,27037736450.99
2023-06-14,0.5192,0.5205,0.461,0.4801,0.5193,0.5205,0.461,0.4801,340474.0,169681.0,170793.0,544396397.0,270686306.3722,271736762.0,135176345.5335,272659635.0,135509960.8387,21105333193.0,1757437648.91,24965212197.29
2023-06-15,0.4801,0.4858,0.4663,0.4801,0.4802,0.4858,0.4663,0.4801,202319.0,100111.0,102208.0,337742736.0,161264378.6239,170047109.0,81203505.2121,167695627.0,80060873.4118,21146469056.0,1180880586.5,24959878736.6
2023-06-16,0.4801,0.4833,0.4558,0.4759,0.4798,0.4833,0.4558,0.4759,223245.0,112301.0,110944.0,376661662.0,177084797.8848,202226513.0,95103017.3149,174435149.0,81981780.5699,20974247503.0,1166129294.49,24732446365.5
2023-06-17,0.4759,0.4869,0.4694,0.4794,0.4758,0.4869,0.4694,0.4794,114551.0,54250.0,60301.0,189579671.0,90724364.3014,93331001.0,44666208.3593,96248670.0,46058155.9421,21138313005.0,635717534.74,24942869531.19
2023-06-18,0.4794,0.4979,0.4741,0.4868,0.4795,0.4979,0.4741,0.4868,162331.0,80393.0,81938.0,225020544.0,109694269.2514,114826765.0,55992741.8685,110193779.0,53701527.3829,21498324445.0,743984055.61,25347462927.75
2023-06-19,0.4868,0.4991,0.4811,0.4936,0.4868,0.4991,0.4811,0.4936,171967.0,88318.0,83649.0,322187608.0,158029204.5714,185635687.0,91030496.422,136551921.0,66998708.1494,21774039531.0,870856053.67,25650119185.3
2023-06-20,0.4936,0.4967,0.4716,0.4929,0.4935,0.4967,0.4716,0.4929,194078.0,100557.0,93521.0,378325906.0,183652110.869,216177701.0,104945447.7617,162148205.0,78706663.1073,21702601380.0,1073485912.22,25632026206.05
2023-06-21,0.4929,0.5034,0.4892,0.4999,0.4928,0.5034,0.4892,0.4999,223743.0,112661.0,111082.0,408749828.0,202941709.1074,201253336.0,99901919.9825,207496492.0,103039789.1249,22115109455.0,1305891782.33,26085511672.63
2023-06-22,0.4999,0.5272,0.4821,0.4938,0.4999,0.5272,0.4821,0.4938,282412.0,142108.0,140304.0,442729597.0,223220058.1374,220460792.0,111186415.8432,222268805.0,112033642.2942,21880964372.0,1518125315.63,25787538234.55
2023-06-23,0.4938,0.5023,0.484,0.4961,0.4937,0.5023,0.484,0.4961,202216.0,98999.0,103217.0,345391930.0,170930777.4484,175959099.0,87070644.9746,169432831.0,83860132.4738,21864196155.0,1108503308.86,25870409852.13
2023-06-24,0.4961,0.4961,0.478,0.4865,0.496,0.4961,0.478,0.4865,119543.0,54847.0,64696.0,193097516.0,94403166.4608,87559930.0,42799028.2498,105537586.0,51604138.211,21495913001.0,693890996.65,25464187211.23
2023-06-25,0.4865,0.4977,0.4829,0.4903,0.4865,0.4977,0.4829,0.4903,110926.0,55889.0,55037.0,191583170.0,93843422.8092,91535455.0,44847196.9109,100047715.0,48996225.8983,21588260386.0,681228509.4,25619098545.51
2023-06-26,0.4903,0.4919,0.4701,0.479,0.4904,0.4919,0.4701,0.479,163717.0,81900.0,81817.0,305338027.0,147000463.6721,164313915.0,79125978.4615,141024112.0,67874485.2106,21099746801.0,953227779.88,25047170132.45
2023-06-27,0.479,0.4851,0.4759,0.4838,0.479,0.4851,0.4759,0.4838,132593.0,69613.0,62980.0,291583944.0,140122274.2891,170409437.0,81890011.9034,121174507.0,58232262.3857,21318138419.0,847044879.11,25282732967.42
2023-06-28,0.4838,0.4844,0.4493,0.4647,0.4838,0.4844,0.4493,0.4647,164563.0,75842.0,88721.0,325837765.0,153329584.7929,160054361.0,75360618.7725,165783404.0,77968966.0204,20511495548.0,989599375.75,24309836285.47
2023-06-29,0.4647,0.4773,0.4612,0.4747,0.4647,0.4773,0.4612,0.4747,102466.0,48382.0,54084.0,211214558.0,99147276.3141,99428284.0,46653603.3417,111786274.0,52493672.9724,20944198359.0,718808031.03,24806241135.0
2023-06-30,0.4747,0.4827,0.4498,0.4729,0.4747,0.4827,0.4498,0.4729,219961.0,107962.0,111999.0,393612239.0,185778507.6227,206804219.0,97637006.3597,186808020.0,88141501.263,21020291151.0,1261905827.25,24770487291.01
2023-07-01,0.4729,0.476,0.464,0.4732,0.473,0.476,0.464,0.4732,114813.0,58455.0,56358.0,232549409.0,109210900.2688,112551888.0,52843353.7315,119997521.0,56367546.5373,20860957292.0,737421634.45,24743578324.4
2023-07-02,0.4732,0.4961,0.4697,0.4845,0.4732,0.4961,0.4697,0.4845,204517.0,103051.0,101466.0,337155089.0,163094434.9659,169389025.0,81968064.0937,167766064.0,81126370.8722,21358901609.0,1154671474.36,25316849467.24
2023-07-03,0.4845,0.4914,0.4784,0.489,0.4844,0.4914,0.4784,0.489,177511.0,86471.0,91040.0,357020349.0,172807675.4956,195183785.0,94480944.9343,161836564.0,78326730.5613,21552747155.0,1059955640.83,25580925462.57
2023-07-04,0.489,0.4935,0.4816,0.4872,0.489,0.4935,0.4816,0.4872,139674.0,66608.0,73066.0,299439491.0,146031583.7395,165140768.0,80532724.3725,134298723.0,65498859.367,21561471151.0,841667226.28,25491811753.67
2023-07-05,0.4872,0.4919,0.4696,0.4777,0.4872,0.4919,0.4696,0.4777,148600.0,71945.0,76655.0,292620010.0,140622559.5325,142142736.0,68265941.1787,150477274.0,72356618.3538,21093285962.0,950150566.02,24991780175.78
2023-07-06,0.4777,0.4842,0.4612,0.4622,0.4777,0.4842,0.4612,0.4622,146023.0,70157.0,75866.0,304125111.0,143805418.8002,145499308.0,68749062.6673,158625803.0,75056356.1329,20534717175.0,950187882.63,24232337305.33
2023-07-07,0.4622,0.4708,0.4575,0.4687,0.4622,0.4708,0.4575,0.4687,98575.0,48923.0,49652.0,230688947.0,107533605.7697,128623111.0,59963241.0552,102065836.0,47570364.7145,20638752431.0,682747263.37,24495002784.22
2023-07-08,0.4687,0.4748,0.4649,0.4704,0.4686,0.4748,0.4649,0.4704,67003.0,28401.0,38602.0,116031881.0,54396568.3464,54698166.0,25647459.4666,61333715.0,28749108.8798,20742127188.0,409435364.83,24593166378.62
2023-07-09,0.4704,0.4717,0.4664,0.468,0.4705,0.4717,0.4664,0.468,49473.0,23605.0,25868.0,80147955.0,37629361.6338,37615860.0,17660411.6644,42532095.0,19968949.9694,20654266617.0,324938269.2,24483751871.29
2023-07-10,0.468,0.48,0.4622,0.478,0.4681,0.48,0.4622,0.478,128843.0,65871.0,62972.0,334545737.0,157526649.3444,196678652.0,92586651.0785,137867085.0,64939998.2659,21046882897.0,885726455.46,24960002265.99
2023-07-11,0.478,0.4784,0.4709,0.4753,0.4779,0.4784,0.4709,0.4753,91922.0,49845.0,42077.0,225681776.0,107129231.8382,142244626.0,67514288.8023,83437150.0,39614943.0359,20999690636.0,645625637.15,24996234073.79
2023-07-12,0.4753,0.4772,0.4648,0.471,0.4753,0.4772,0.4648,0.471,92981.0,46681.0,46300.0,220670755.0,104191095.7675,116953580.0,55207497.8442,103717175.0,48983597.9233,20759226136.0,715809444.45,24753774551.31
2023-07-13,0.471,0.938,0.4695,0.8153,0.471,0.938,0.4695,0.8153,2895839.0,1510015.0,1385824.0,2499971165.0,1758482749.7509,1283335461.0,902411938.54,1216635704.0,856070811.2109,35701934549.0,10397344596.15,42842606760.98
2023-07-14,0.8153,0.8253,0.6686,0.7179,0.8151,0.8253,0.6686,0.7179,1488766.0,753964.0,734802.0,1525175518.0,1152019101.9945,747023143.0,564392817.1485,778152375.0,587626284.846,31880212946.0,7060210981.95,37787427833.63
2023-07-15,0.7179,0.7362,0.6919,0.7145,0.7178,0.7362,0.6919,0.7145,570922.0,291103.0,279819.0,703355719.0,504452504.4832,352604001.0,252898894.666,350751718.0,251553609.8172,31424380322.0,3369947487.5,37478573010.09
2023-07-16,0.7145,0.79,0.702,0.7468,0.7144,0.79,0.702,0.7468,702277.0,359399.0,342878.0,946644269.0,709571949.0654,468579505.0,351170171.9395,478064764.0,358401777.1259,32918805853.0,3937651423.23,39243100873.9
2023-07-17,0.7468,0.7662,0.7122,0.7374,0.7468,0.7662,0.7122,0.7374,558954.0,257124.0,301830.0,608872143.0,450106863.4749,290377052.0,214801587.9633,318495091.0,235305275.5116,32567001029.0,2506419441.45,38840879746.17
2023-07-18,0.7374,0.785,0.7304,0.7779,0.7373,0.785,0.7304,0.7779,509457.0,255609.0,253848.0,598030609.0,450543299.0257,305055600.0,229840410.8998,292975009.0,220702888.1259,34087122780.0,2626009774.64,40960204447.15
2023-07-19,0.7779,0.8547,0.7685,0.8199,0.778,0.8547,0.7685,0.8199,802098.0,416507.0,385591.0,913495953.0,735553987.5944,458229227.0,368957610.6594,455266726.0,366596376.935,36193542711.0,3954595150.04,43122602931.37
2023-07-20,0.8199,0.8489,0.771,0.7942,0.8198,0.8489,0.771,0.7942,611114.0,288434.0,322680.0,643507521.0,521605123.0001,306579872.0,248526194.6527,336927649.0,273078928.3474,35095873711.0,2843382854.19,41723050383.41
2023-07-21,0.7942,0.7987,0.7601,0.7713,0.7943,0.7987,0.7601,0.7713,365226.0,170752.0,194474.0,411233974.0,320767845.9807,197345145.0,153928576.3818,213888829.0,166839269.5989,34102920677.0,1860721533.33,40590437585.35
2023-07-22,0.7713,0.7799,0.7215,0.7331,0.7713,0.7799,0.7215,0.7331,276750.0,135179.0,141571.0,324984749.0,246545025.6818,154064874.0,116947966.7013,170919875.0,129597058.9805,32343451301.0,1637792181.83,38529919591.21
2023-07-23,0.7331,0.7525,0.7149,0.7384,0.733,0.7525,0.7149,0.7384,238690.0,115937.0,122753.0,293811431.0,216785787.3217,144354221.0,106520034.9535,149457210.0,110265752.3682,32516752032.0,1541388765.67,38813403047.87
2023-07-24,0.7384,0.743,0.6808,0.7021,0.7384,0.743,0.6808,0.7021,396133.0,193496.0,202637.0,513611905.0,363034637.1972,253010067.0,178930368.8943,260601838.0,184104268.3029,31069491403.0,2266820365.99,37011092555.82
2023-07-25,0.7021,0.7163,0.6743,0.7089,0.702,0.7163,0.6743,0.7089,298525.0,150493.0,148032.0,393523223.0,274098541.9027,204658105.0,142547972.7419,188865118.0,131550569.1608,31356984163.0,1813094167.86,37371036625.61
2023-07-26,0.7089,0.7313,0.6927,0.7161,0.7091,0.7313,0.6927,0.7161,285830.0,137350.0,148480.0,369415295.0,261953542.4317,176482725.0,125112103.7453,192932570.0,136841438.6864,31606311141.0,1676809706.29,37697512542.11
2023-07-27,0.7161,0.7328,0.7061,0.7139,0.7161,0.7328,0.7061,0.7139,234866.0,117941.0,116925.0,312450860.0,223798115.8014,153414664.0,109885193.1948,159036196.0,113912922.6066,31454492760.0,1480051564.2,37604745959.6
2023-07-28,0.7139,0.7189,0.7021,0.712,0.7138,0.7189,0.7021,0.712,151837.0,76465.0,75372.0,200990844.0,143020949.8474,102076937.0,72626564.2117,98913907.0,70394385.6357,31454601665.0,1055913805.24,37547929716.33
2023-07-29,0.712,0.7158,0.7041,0.7121,0.7119,0.7158,0.7041,0.7121,89353.0,43194.0,46159.0,105603908.0,75047405.3508,51125021.0,36331593.436,54478887.0,38715811.9148,31428743299.0,725769153.16,37556972708.29
2023-07-30,0.7121,0.7358,0.6825,0.7046,0.7122,0.7358,0.6825,0.7046,210962.0,102712.0,108250.0,267572438.0,190600448.5184,131622770.0,93779858.533,135949668.0,96820589.9854,31062288019.0,1323282055.32,37156333802.54
2023-07-31,0.7046,0.7205,0.685,0.6976,0.7047,0.7205,0.685,0.6976,269243.0,127120.0,142123.0,378390957.0,266346676.5876,190713559.0,134212862.3768,187677398.0,132133814.2108,30836744919.0,1488758727.28,36807748713.07
2023-08-01,0.6976,0.7082,0.6732,0.7069,0.6976,0.7082,0.6732,0.7069,249515.0,125912.0,123603.0,366664318.0,253808721.4183,191698094.0,132712479.6928,174966224.0,121096241.7255,31116179616.0,1438067857.93,37265657851.3
2023-08-02,0.7069,0.7081,0.6762,0.685,0.7069,0.7081,0.6762,0.685,174266.0,82278.0,91988.0,257325957.0,177961279.0593,120665883.0,83461567.5479,136660074.0,94499711.5114,30262933848.0,1132335650.45,36105538864.24
2023-08-03,0.685,0.6875,0.6543,0.663,0.6849,0.6875,0.6543,0.663,226606.0,116156.0,110450.0,353547025.0,236749567.6446,174990342.0,117145810.9317,178556683.0,119603756.7129,29365764472.0,1414576524.77,35027336157.08
2023-08-04,0.663,0.6677,0.625,0.6356,0.6629,0.6677,0.625,0.6356,230924.0,114036.0,116888.0,350885648.0,228894407.1158,176746535.0,115380799.9996,174139113.0,113513607.1162,28059908131.0,1342066973.69,33519139691.52
2023-08-05,0.6356,0.6358,0.6106,0.6288,0.6356,0.6358,0.6106,0.6288,179581.0,87817.0,91764.0,290912373.0,181546677.3618,136965392.0,85461432.6699,153946981.0,96085244.6919,27735923060.0,1142144189.46,33143859767.45
2023-08-06,0.6288,0.6388,0.6214,0.624,0.6288,0.6388,0.6214,0.624,121397.0,60162.0,61235.0,201522971.0,127064254.1824,98804635.0,62288303.6444,102718336.0,64775950.538,27529346199.0,849060663.55,32862411390.47
2023-08-07,0.624,0.6299,0.5967,0.6236,0.624,0.6299,0.5967,0.6236,240945.0,122251.0,118694.0,446625792.0,275111720.6978,239747218.0,147715461.7734,206878574.0,127396258.9244,27365193369.0,1417493753.1,32801441322.14
2023-08-08,0.6236,0.6482,0.6141,0.6418,0.6235,0.6482,0.6141,0.6418,232904.0,112275.0,120629.0,377837388.0,237638533.3265,195793475.0,123088717.6557,182043913.0,114549815.6708,28286254201.0,1296031585.2,33881337454.93
2023-08-09,0.6418,0.6662,0.6314,0.6433,0.6418,0.6662,0.6314,0.6433,314311.0,153012.0,161299.0,440268396.0,285460658.8725,210533282.0,136582312.8694,229735114.0,148878346.0031,28429173041.0,1659437399.63,33931898919.23
2023-08-10,0.6433,0.6445,0.6241,0.6331,0.6434,0.6445,0.6241,0.6331,185661.0,100608.0,85053.0,294658012.0,186480960.7635,147223726.0,93170481.4982,147434286.0,93310479.2653,27951471680.0,1159039975.08,33413597919.22
2023-08-11,0.6331,0.6413,0.6257,0.6318,0.6331,0.6413,0.6257,0.6318,120251.0,60610.0,59641.0,225898829.0,142904471.5788,123365934.0,78048700.3386,102532895.0,64855771.2402,27906624417.0,885715585.76,33344405640.56
2023-08-12,0.6318,0.6335,0.6224,0.6276,0.6317,0.6335,0.6224,0.6276,65669.0,30805.0,34864.0,87289374.0,54910098.7887,40329277.0,25364808.3626,46960097.0,29545290.4261,27679040018.0,519563799.57,33108466327.0
2023-08-13,0.6276,0.6385,0.6235,0.6256,0.6276,0.6385,0.6235,0.6256,83412.0,39574.0,43838.0,137308778.0,86527939.4537,69143337.0,43591575.8959,68165441.0,42936363.5578,27667337565.0,635297148.45,33050204997.41
2023-08-14,0.6256,0.6369,0.6241,0.6343,0.6256,0.6369,0.6241,0.6343,127557.0,67259.0,60298.0,260175236.0,163740850.5512,144956012.0,91223903.574,115219224.0,72516946.9772,27971053354.0,939329128.56,33482036939.09
2023-08-15,0.6343,0.6348,0.58,0.6104,0.6343,0.6348,0.58,0.6104,218779.0,101214.0,117565.0,388356202.0,238684860.1785,199337884.0,122697326.0322,189018318.0,115987534.1463,26842901646.0,1230727429.45,32179058866.67
2023-08-16,0.6104,0.617,0.572,0.5889,0.6104,0.617,0.572,0.5889,279695.0,137004.0,142691.0,581618879.0,346941847.5022,269002603.0,160403480.1705,312616276.0,186538367.3317,25938744987.0,1688583741.05,31088361406.81
2023-08-17,0.5889,0.5948,0.4226,0.5064,0.589,0.5948,0.4226,0.5064,561395.0,265614.0,295781.0,847602528.0,457574867.9969,400999026.0,216345951.2019,446603502.0,241228916.795,22443049758.0,2425926882.19,26798331277.75
2023-08-18,0.5064,0.523,0.4829,0.5062,0.5064,0.523,0.4829,0.5062,408177.0,208476.0,199701.0,724839898.0,364518617.2381,366575412.0,184344265.6703,358264486.0,180174351.5678,22310145256.0,2169285315.77,26743279845.7
2023-08-19,0.5062,0.5249,0.5006,0.5199,0.5062,0.5249,0.5006,0.5199,150689.0,78989.0,71700.0,298930279.0,153282783.436,154895921.0,79449694.2733,144034358.0,73833089.1627,22923345183.0,1038954380.05,27458178051.73
2023-08-20,0.5199,0.5582,0.516,0.5384,0.52,0.5582,0.516,0.5384,239464.0,125958.0,113506.0,452910011.0,243112521.7842,232153394.0,124661740.4043,220756617.0,118450781.3799,23851002583.0,1471670949.22,28510647906.98
2023-08-21,0.5384,0.5398,0.503,0.5245,0.5385,0.5398,0.503,0.5245,252648.0,122183.0,130465.0,528716245.0,276083692.1019,272749275.0,142451659.1133,255966970.0,133632032.9886,23127944643.0,1445315789.15,27717568716.7
2023-08-22,0.5245,0.5256,0.5032,0.521,0.5245,0.5256,0.5032,0.521,188540.0,92926.0,95614.0,422200069.0,217743145.7154,218157198.0,112545160.5039,204042871.0,105197985.2115,22927072762.0,1227160128.7,27526890712.96
2023-08-23,0.521,0.5368,0.5157,0.5301,0.5211,0.5368,0.5157,0.5301,147779.0,73843.0,73936.0,286855957.0,150276948.65,141137280.0,73948786.8492,145718677.0,76328161.8008,23349981884.0,1007927235.81,28039311573.55
2023-08-24,0.5301,0.5319,0.5111,0.5187,0.5301,0.5319,0.5111,0.5187,119874.0,57454.0,62420.0,252154333.0,131630382.9377,123755650.0,64586965.5451,128398683.0,67043417.3926,22834839524.0,881617930.86,27431380938.45
2023-08-25,0.5187,0.5319,0.5078,0.5258,0.5187,0.5319,0.5078,0.5258,153423.0,76800.0,76623.0,326124248.0,168716071.9142,170560378.0,88256914.4742,155563870.0,80459157.44,23182393742.0,1067427241.27,27845876512.16
2023-08-26,0.5258,0.5283,0.5178,0.5231,0.5258,0.5283,0.5178,0.5231,63903.0,31182.0,32721.0,110436094.0,57772395.7492,54969599.0,28763660.3758,55466495.0,29008735.3734,23130011344.0,541153725.09,27698998898.56
2023-08-27,0.5231,0.5303,0.5163,0.5236,0.5231,0.5303,0.5163,0.5236,70834.0,35253.0,35581.0,132391247.0,69622811.3558,69357564.0,36474906.9884,63033683.0,33147904.3674,23070508800.0,584757090.26,27718801744.82
2023-08-28,0.5236,0.525,0.5102,0.5232,0.5236,0.525,0.5102,0.5232,113377.0,57893.0,55484.0,266211960.0,138002651.4955,147203511.0,76323852.629,119008449.0,61678798.8665,23122896186.0,842593343.94,27687243601.79
2023-08-29,0.5232,0.5496,0.5131,0.5398,0.5232,0.5496,0.5131,0.5398,217227.0,107024.0,110203.0,458921685.0,243625243.1025,239623870.0,127023861.2002,219297815.0,116601381.9023,23786941052.0,1468584827.88,28611349731.16
2023-08-30,0.5398,0.5404,0.5216,0.5284,0.5398,0.5404,0.5216,0.5284,117945.0,58501.0,59444.0,279526116.0,148049982.3458,140504186.0,74411065.8872,139021930.0,73638916.4586,23275612312.0,967541032.07,27982517233.05
2023-08-31,0.5284,0.5288,0.495,0.511,0.5285,0.5288,0.495,0.511,164905.0,81174.0,83731.0,359350681.0,185642613.429,181684019.0,93856000.845,177666662.0,91786612.584,22532741328.0,1074749312.38,27060935129.03
2023-09-01,0.511,0.512,0.4864,0.498,0.511,0.512,0.4864,0.498,155643.0,80133.0,75510.0,390869888.0,196180468.7422,204079025.0,102455148.5436,186790863.0,93725320.1986,21931807688.0,1097204086.92,26386864347.5
2023-09-02,0.498,0.5029,0.4943,0.4988,0.4981,0.5029,0.4943,0.4988,79123.0,38558.0,40565.0,173634913.0,86413967.259,91500733.0,45546277.0434,82134180.0,40867690.2156,22014867712.0,661651382.43,26440704278.57
2023-09-03,0.4988,0.5107,0.4971,0.5047,0.4988,0.5107,0.4971,0.5047,75137.0,37678.0,37459.0,148603214.0,74878959.3547,77527599.0,39068328.3745,71075615.0,35810630.9802,22255780753.0,622598422.31,26756322905.9
2023-09-04,0.5047,0.513,0.4966,0.5087,0.5047,0.513,0.4966,0.5087,120518.0,61436.0,59082.0,293271541.0,148200901.2522,158135856.0,79918791.8679,135135685.0,68282109.3843,22411517227.0,843268289.74,26932548975.41
2023-09-05,0.5087,0.5088,0.499,0.5056,0.5086,0.5088,0.499,0.5056,101751.0,51034.0,50717.0,260333041.0,131087885.2647,144411083.0,72731672.4906,115921958.0,58356212.7741,22298030045.0,750823613.05,26775501493.06
2023-09-06,0.5056,0.5058,0.4909,0.5033,0.5056,0.5058,0.4909,0.5033,102329.0,49674.0,52655.0,255134232.0,127756291.7953,123848270.0,62014296.1656,131285962.0,65741995.6297,22189457532.0,773743078.86,26660630765.47
2023-09-07,0.5033,0.5069,0.4965,0.505,0.5033,0.5069,0.4965,0.505,91757.0,45366.0,46391.0,209969723.0,105141976.2839,102975196.0,51566842.6172,106994527.0,53575133.6667,22256198065.0,699614462.54,26746177186.18
2023-09-08,0.505,0.5076,0.4941,0.505,0.5051,0.5076,0.4941,0.505,95729.0,49952.0,45777.0,223628172.0,112392001.6491,120272281.0,60463044.7665,103355891.0,51928956.8826,22269908754.0,709453301.22,26798991809.97
2023-09-09,0.505,0.505,0.5015,0.5038,0.5049,0.5049,0.5015,0.5038,38367.0,18036.0,20331.0,69132813.0,34798028.5372,35071176.0,17653495.2676,34061637.0,17144533.2696,22220966265.0,359744791.58,26746158182.25
2023-09-10,0.5038,0.5039,0.4923,0.4969,0.5038,0.5039,0.4923,0.4969,73444.0,34993.0,38451.0,144849888.0,72189553.5313,72227525.0,35998515.9959,72622363.0,36191037.5354,21976603891.0,506251984.61,26425477982.4
2023-09-11,0.4969,0.4982,0.459,0.4744,0.4969,0.4982,0.459,0.4744,199473.0,104392.0,95081.0,484437445.0,231551329.5379,264691203.0,126542736.9758,219746242.0,105008592.5621,20863174993.0,1280910601.74,25181196379.25
2023-09-12,0.4744,0.4867,0.47,0.4804,0.4744,0.4867,0.47,0.4804,157173.0,83500.0,73673.0,356403388.0,170451184.1332,199985277.0,95632256.0693,156418111.0,74818928.0639,21182744081.0,1026076356.63,25519022701.63
2023-09-13,0.4804,0.4897,0.4723,0.4832,0.4804,0.4897,0.4723,0.4832,120668.0,61294.0,59374.0,274586793.0,131944337.0568,134459146.0,64605482.2974,140127647.0,67338854.7594,21353471714.0,899389429.14,25680268494.79
2023-09-14,0.4832,0.4941,0.4799,0.4892,0.4833,0.4941,0.4799,0.4892,104856.0,53719.0,51137.0,232539752.0,112816288.3825,117719680.0,57098592.5983,114820072.0,55717695.7842,21615678010.0,783751989.05,26027063807.59
2023-09-15,0.4892,0.5086,0.4874,0.5005,0.4892,0.5086,0.4874,0.5005,148714.0,78807.0,69907.0,305608308.0,151756322.9436,161120758.0,80024791.8279,144487550.0,71731531.1157,22097064879.0,951792585.11,26634241540.11
2023-09-16,0.5005,0.5035,0.4968,0.4998,0.5004,0.5035,0.4968,0.4998,69955.0,35144.0,34811.0,132881408.0,66494200.1416,60242932.0,30147561.3777,72638476.0,36346638.7639,22025726562.0,517370943.11,26581338883.78
2023-09-17,0.4998,0.5004,0.4894,0.4925,0.4997,0.5004,0.4894,0.4925,77296.0,38666.0,38630.0,142846615.0,70781411.8491,67806967.0,33601870.1969,75039648.0,37179541.6522,21703313808.0,500486647.85,26217650533.4
2023-09-18,0.4925,0.5077,0.4864,0.503,0.4926,0.5077,0.4864,0.503,141284.0,73370.0,67914.0,298374742.0,148765121.6648,162051650.0,80796803.8359,136323092.0,67968317.8289,22184871308.0,955363037.68,26758030822.51
2023-09-19,0.503,0.5166,0.5005,0.514,0.503,0.5166,0.5005,0.514,133750.0,70231.0,63519.0,295258283.0,150372427.5183,156742817.0,79824699.9772,138515466.0,70547727.5411,22632958553.0,981191150.41,27340210898.74
2023-09-20,0.514,0.5254,0.5065,0.5212,0.514,0.5254,0.5065,0.5212,158253.0,83242.0,75011.0,288497937.0,149026404.1864,142322211.0,73525015.5807,146175726.0,75501388.6057,22959350222.0,1081193590.78,27723278522.85
2023-09-21,0.5212,0.5214,0.5001,0.5071,0.5213,0.5214,0.5001,0.5071,136496.0,73859.0,62637.0,277323578.0,141242377.4972,130468517.0,66439264.0782,146855061.0,74803113.419,22380257526.0,1120291946.52,27004875073.19
2023-09-22,0.5071,0.517,0.5036,0.5122,0.5072,0.517,0.5036,0.5122,110454.0,56813.0,53641.0,233893377.0,119497921.1554,123565418.0,63137263.936,110327959.0,56360657.2194,22608732970.0,712954688.07,27288735400.76
2023-09-23,0.5122,0.5138,0.5055,0.5076,0.5122,0.5138,0.5055,0.5076,58142.0,29744.0,28398.0,101716334.0,51932821.0136,49616069.0,25329747.7447,52100265.0,26603073.2689,22380216323.0,382427235.11,27050386043.23
2023-09-24,0.5076,0.5118,0.4984,0.5021,0.5076,0.5118,0.4984,0.5021,62706.0,30375.0,32331.0,112889323.0,57298613.7007,53403822.0,27105177.2735,59485501.0,30193436.4272,22180202774.0,404611925.23,26749770926.83
2023-09-25,0.5021,0.5072,0.4912,0.5056,0.5019,0.5072,0.4912,0.5056,136979.0,72852.0,64127.0,303674393.0,151571274.4503,166339963.0,83029751.1683,137334430.0,68541523.282,22271673974.0,852958013.27,26913418697.72
2023-09-26,0.5056,0.5075,0.496,0.5019,0.5056,0.5075,0.496,0.5019,114431.0,60929.0,53502.0,271054261.0,136072298.7207,149252617.0,74936633.0802,121801644.0,61135665.6405,22100460185.0,782380754.64,26713588630.33
2023-09-27,0.5019,0.5071,0.4968,0.4993,0.5019,0.5071,0.4968,0.4993,96466.0,48547.0,47919.0,237514582.0,119114611.0416,111402400.0,55867840.1038,126112182.0,63246770.9378,22066680531.0,748882158.78,26634685732.53
2023-09-28,0.4993,0.5102,0.4952,0.5098,0.4993,0.5102,0.4952,0.5098,112462.0,58334.0,54128.0,247906960.0,124424022.7492,112647783.0,56545530.0191,135259177.0,67878492.7301,22436506187.0,786510397.61,27163985528.11
2023-09-29,0.5098,0.5494,0.5061,0.5215,0.5097,0.5494,0.5061,0.5215,293360.0,152682.0,140678.0,604996777.0,318719390.9093,307468655.0,161922962.1947,297528122.0,156796428.7146,22913124022.0,1721538760.99,27814086233.48
2023-09-30,0.5215,0.5218,0.5134,0.5149,0.5214,0.5218,0.5134,0.5149,90666.0,43914.0,46752.0,144866051.0,74870559.5311,64164148.0,33169129.1898,80701903.0,41701430.3413,22765836683.0,544604664.19,27477478188.81
2023-10-01,0.5149,0.526,0.5137,0.5241,0.5148,0.526,0.5137,0.5241,93784.0,48707.0,45077.0,167673504.0,87152009.1862,80609393.0,41896257.2044,87064111.0,45255751.9818,23118429784.0,549430553.69,27946579472.93
2023-10-02,0.5241,0.5266,0.5075,0.5123,0.524,0.5266,0.5075,0.5123,154104.0,75480.0,78624.0,319018957.0,165774736.408,166196254.0,86401262.9213,152822703.0,79373473.4867,22557247902.0,946645871.95,27340260334.88
2023-10-03,0.5123,0.5479,0.5055,0.539,0.5122,0.5479,0.5055,0.539,201496.0,100782.0,100714.0,398167814.0,206974439.7289,203694962.0,105900255.6183,194472852.0,101074184.1106,23645058689.0,1206543605.91,28702680933.09
2023-10-04,0.539,0.5426,0.5194,0.5326,0.5389,0.5426,0.5194,0.5326,252846.0,127456.0,125390.0,422012491.0,224478611.1085,196513456.0,104534460.9462,225499035.0,119944150.1623,23479024844.0,1467518349.76,28411791676.19
2023-10-05,0.5326,0.5326,0.5155,0.5227,0.5326,0.5326,0.5155,0.5227,124894.0,60016.0,64878.0,234313709.0,122773047.4518,102534761.0,53727987.3092,131778948.0,69045060.1426,23100423422.0,823945281.64,27901879790.42
2023-10-06,0.5227,0.5298,0.5169,0.5255,0.5227,0.5298,0.5169,0.5255,108276.0,55971.0,52305.0,219784262.0,114860940.6825,108610178.0,56774850.4501,111174084.0,58086090.2324,23178789930.0,684500789.76,28092026878.14
2023-10-07,0.5255,0.5258,0.5197,0.5216,0.5255,0.5258,0.5197,0.5216,42699.0,21004.0,21695.0,63137112.0,32985340.1246,27457388.0,14345149.3598,35679724.0,18640190.7648,23033596346.0,321512118.09,27863129874.43
2023-10-08,0.5216,0.5234,0.5153,0.5174,0.5216,0.5234,0.5153,0.5174,47808.0,22702.0,25106.0,82864720.0,43049947.7345,36987080.0,19218933.5501,45877640.0,23831014.1844,22843477696.0,356449311.4,27652553186.05
2023-10-09,0.5174,0.5201,0.4875,0.5027,0.5174,0.5201,0.4875,0.5027,168707.0,79964.0,88743.0,322604658.0,162917539.6957,163273142.0,82489936.6541,159331516.0,80427603.0416,22171828521.0,989847649.01,26865914335.96
2023-10-10,0.5027,0.5027,0.4917,0.4965,0.5027,0.5027,0.4917,0.4965,105934.0,53349.0,52585.0,228001743.0,113450223.3424,120875971.0,60149312.9918,107125772.0,53300910.3506,21952651874.0,670612868.89,26556787933.74
2023-10-11,0.4965,0.4977,0.4788,0.4888,0.4964,0.4977,0.4788,0.4888,120496.0,60412.0,60084.0,241504648.0,117525638.5842,118211153.0,57514805.5661,123293495.0,60010833.0181,21534430959.0,794253916.89,26123985387.6
2023-10-12,0.4888,0.4889,0.4729,0.483,0.4889,0.4889,0.4729,0.483,119543.0,62177.0,57366.0,259545095.0,124638564.2861,126255506.0,60611492.3768,133289589.0,64027071.9093,21324342962.0,812745906.92,25814705110.92
2023-10-13,0.483,0.4907,0.4786,0.4851,0.4831,0.4907,0.4786,0.4851,111281.0,55764.0,55517.0,257150898.0,124170633.8704,138564974.0,66913667.2706,118585924.0,57256966.5998,21437628481.0,696915013.01,25956247339.99
2023-10-14,0.4851,0.4883,0.4835,0.4865,0.4852,0.4883,0.4835,0.4865,48460.0,24911.0,23549.0,93826664.0,45567697.421,43842373.0,21290202.9247,49984291.0,24277494.4963,21467270721.0,357321202.67,26013743141.32
2023-10-15,0.4865,0.4902,0.485,0.4874,0.4866,0.4902,0.485,0.4874,52730.0,26823.0,25907.0,101648635.0,49526308.3315,48542625.0,23654083.2841,53106010.0,25872225.0474,21494263450.0,385469444.44,26071011942.93
2023-10-16,0.4874,0.5109,0.485,0.4978,0.4874,0.5109,0.485,0.4978,175199.0,90533.0,84666.0,405705160.0,200854473.229,209838813.0,103850732.2169,195866347.0,97003741.0121,21946246183.0,1082594335.56,26612425104.3
2023-10-17,0.4978,0.498,0.4845,0.4912,0.4977,0.498,0.4845,0.4912,120034.0,59227.0,60807.0,268586946.0,131923465.6873,139102789.0,68346840.8099,129484157.0,63576624.8774,21678311448.0,773438395.05,26276609189.58
2023-10-18,0.4912,0.4924,0.4855,0.4878,0.4911,0.4924,0.4855,0.4878,93794.0,46804.0,46990.0,202731261.0,99190110.2404,95507745.0,46730314.3613,107223516.0,52459795.8791,21524970735.0,734621817.15,26096266666.51
2023-10-19,0.4878,0.5245,0.4769,0.5197,0.4878,0.5245,0.4769,0.5197,235163.0,125576.0,109587.0,445455672.0,221204640.8187,225107522.0,111914414.8453,220348150.0,109290225.9734,22980224453.0,1385006017.64,27796116528.65
2023-10-20,0.5197,0.5309,0.5084,0.5149,0.5198,0.5309,0.5084,0.5149,270506.0,137811.0,132695.0,412008957.0,213465377.0241,205217825.0,106354592.2909,206791132.0,107110784.7332,22801079177.0,1369774007.55,27575781245.37
2023-10-21,0.5149,0.5325,0.5109,0.5208,0.515,0.5325,0.5109,0.5208,124952.0,62535.0,62417.0,179110644.0,93228244.9386,80712196.0,42039537.8361,98398448.0,51188707.1025,22954618402.0,656496070.7,27855763978.36
2023-10-22,0.5208,0.5242,0.5118,0.5226,0.5208,0.5242,0.5118,0.5226,110334.0,57478.0,52856.0,165306102.0,85805435.8149,76453578.0,39686484.0768,88852524.0,46118951.7381,23057863532.0,556378449.9,27922258557.44
2023-10-23,0.5226,0.5536,0.5199,0.5475,0.5225,0.5536,0.5199,0.5475,316448.0,166936.0,149512.0,522483834.0,278286849.1031,266647117.0,141985590.3936,255836717.0,136301258.7095,24007103846.0,1699115599.14,29225269116.76
2023-10-24,0.5475,0.5866,0.5346,0.5588,0.5475,0.5866,0.5346,0.5588,522803.0,259508.0,263295.0,798801237.0,445409828.1721,379754729.0,211957219.7792,419046508.0,233452608.3929,24619578005.0,2705905445.33,29848511569.26
2023-10-25,0.5588,0.5639,0.5404,0.5552,0.5587,0.5639,0.5404,0.5552,231634.0,115478.0,116156.0,369106629.0,204340817.5026,172405035.0,95433855.9626,196701594.0,108906961.54,24442828505.0,1396455737.85,29676124590.37
2023-10-26,0.5552,0.5695,0.5426,0.5533,0.5552,0.5695,0.5426,0.5533,239506.0,119423.0,120083.0,397423009.0,220409474.949,184267960.0,102188634.8833,213155049.0,118220840.0657,24404715040.0,1401251369.72,29655522558.81
2023-10-27,0.5533,0.5588,0.5325,0.543,0.5533,0.5588,0.5325,0.543,179059.0,86857.0,92202.0,312543838.0,171491048.3712,155341688.0,85222513.6857,157202150.0,86268534.6855,24072597583.0,1048891334.9,29249745336.61
2023-10-28,0.543,0.5506,0.5405,0.5446,0.543,0.5506,0.5405,0.5446,75484.0,37169.0,38315.0,110912293.0,60491790.5594,53184502.0,29010312.4171,57727791.0,31481478.1423,24037500562.0,566792582.79,29211428525.74
2023-10-29,0.5446,0.5614,0.5405,0.5561,0.5446,0.5614,0.5405,0.5561,111204.0,54415.0,56789.0,160069611.0,88554355.8106,73781934.0,40807822.9485,86287677.0,47746532.8621,24553180596.0,655356619.92,29800751941.25
2023-10-30,0.5561,0.5843,0.5494,0.578,0.556,0.5843,0.5494,0.578,249097.0,127257.0,121840.0,436757242.0,248232480.4328,220367736.0,125182701.7888,216389506.0,123049778.644,25486120804.0,1527609944.48,31008525647.44
2023-10-31,0.578,0.6213,0.5627,0.5996,0.578,0.6213,0.5627,0.5996,405292.0,208233.0,197059.0,621793128.0,368660558.7841,310096261.0,183809081.5804,311696867.0,184851477.2037,26373608177.0,2218043566.96,32151414473.3
2023-11-01,0.5996,0.6164,0.5802,0.6085,0.5996,0.6164,0.5802,0.6085,300657.0,150342.0,150315.0,468312081.0,281452760.3842,226083979.0,135895146.6535,242228102.0,145557613.7307,26843837076.0,1779920316.77,32680882622.18
2023-11-02,0.6085,0.6262,0.5865,0.6054,0.6085,0.6262,0.5865,0.6054,306768.0,152793.0,153975.0,438254076.0,266920463.1922,212206244.0,129299367.6406,226047832.0,137621095.5516,26693613373.0,1826715429.86,32514748614.11
2023-11-03,0.6054,0.615,0.5914,0.6121,0.6054,0.615,0.5914,0.6121,241510.0,119884.0,121626.0,329096876.0,198763348.2491,165729619.0,100148620.3018,163367257.0,98614727.9473,26980901267.0,1403532405.54,32866589725.56
2023-11-04,0.6121,0.6181,0.6083,0.6149,0.612,0.6181,0.6083,0.6149,117676.0,60151.0,57525.0,142897570.0,87555326.7674,68066608.0,41708243.0958,74830962.0,45847083.6716,27183405210.0,811373229.4,33037214350.27
2023-11-05,0.6149,0.663,0.6137,0.6607,0.6149,0.663,0.6137,0.6607,360833.0,190542.0,170291.0,418017252.0,267196689.0691,209075361.0,133739257.3901,208941891.0,133457431.679,28875523635.0,1923304411.85,35447962462.24
2023-11-06,0.6607,0.7324,0.6584,0.7148,0.6607,0.7324,0.6584,0.7148,663490.0,344660.0,318830.0,703629362.0,492269742.4642,350754766.0,245377747.6349,352874596.0,246891994.8293,31538579824.0,3293503682.97,38363058963.34
2023-11-07,0.7148,0.7155,0.65,0.685,0.7147,0.7155,0.65,0.685,568111.0,279721.0,288390.0,618276758.0,422309909.7894,294568005.0,201273204.7333,323708753.0,221036705.0561,30189388943.0,2813667009.98,36802002434.11
2023-11-08,0.685,0.699,0.6725,0.6869,0.6851,0.699,0.6725,0.6869,280135.0,143836.0,136299.0,344396095.0,236500123.9913,170072430.0,116820103.5438,174323665.0,119680020.4475,30339316521.0,1770450556.5,36891775657.47
2023-11-09,0.6869,0.7069,0.63,0.6665,0.6868,0.7069,0.63,0.6665,651477.0,327493.0,323984.0,777778139.0,526217501.6202,374456359.0,253600383.6898,403321780.0,272617117.9304,29341855458.0,3292007279.42,35811897111.67
2023-11-10,0.6665,0.6711,0.6359,0.6595,0.6666,0.6711,0.6359,0.6595,364942.0,182439.0,182503.0,464857348.0,305377391.8214,220857551.0,145064342.8998,243999797.0,160313048.9216,29096997230.0,2009821437.08,35441665699.95
2023-11-11,0.6595,0.69,0.6401,0.6626,0.6595,0.69,0.6401,0.6626,341763.0,173050.0,168713.0,380232188.0,253172843.0691,185183300.0,123323826.97,195048888.0,129849016.0991,29077029165.0,1754960200.77,35557546204.01
2023-11-12,0.6626,0.6709,0.6458,0.6613,0.6626,0.6709,0.6458,0.6613,190874.0,95133.0,95741.0,216031217.0,143035347.164,104173060.0,68974565.6207,111858157.0,74060781.5433,29073226958.0,988542527.21,35493236526.78
2023-11-13,0.6613,0.75,0.6397,0.6702,0.6612,0.75,0.6397,0.6702,879561.0,451998.0,427563.0,749884441.0,508338082.6985,378308457.0,256754054.3409,371575984.0,251584028.3576,29722594587.0,3089036403.01,36029114141.52
2023-11-14,0.6702,0.6724,0.5967,0.6296,0.6701,0.6724,0.5967,0.6296,540206.0,280756.0,259450.0,597417769.0,385092136.0451,305166494.0,196789982.1862,292251275.0,188302153.8589,27845090307.0,2298949026.46,33783701034.05
2023-11-15,0.6296,0.6504,0.6251,0.6481,0.6296,0.6504,0.6251,0.6481,262801.0,140126.0,122675.0,339283800.0,215842881.7763,165869476.0,105572233.907,173414324.0,110270647.8693,28593719628.0,1441133011.45,34897976038.0
2023-11-16,0.6481,0.653,0.6033,0.6119,0.6481,0.653,0.6033,0.6119,322145.0,163079.0,159066.0,440591531.0,278273459.1294,220176815.0,139004160.1788,220414716.0,139269298.9506,26891381207.0,1756409884.05,32884608031.23
2023-11-17,0.6119,0.6244,0.5859,0.6133,0.6118,0.6244,0.5859,0.6133,260314.0,133684.0,126630.0,368525340.0,224298132.849,190964501.0,116198896.1141,177560839.0,108099236.7349,27053610919.0,1462505198.92,32967858088.27
2023-11-18,0.6133,0.6144,0.589,0.6106,0.6132,0.6144,0.589,0.6106,128582.0,61832.0,66750.0,192040293.0,116218315.9822,90551343.0,54790637.6839,101488950.0,61427678.2983,26900628548.0,836754903.96,32832055436.83
2023-11-19,0.6106,0.6286,0.6012,0.6258,0.6106,0.6286,0.6012,0.6258,151463.0,76491.0,74972.0,240044861.0,147981860.3146,116073515.0,71563829.5031,123971346.0,76418030.8115,27679524899.0,960738458.55,33708175329.97
2023-11-20,0.6258,0.6282,0.6061,0.6122,0.6259,0.6282,0.6061,0.6122,199459.0,100228.0,99231.0,298231745.0,184839298.7315,152091772.0,94260529.673,146139973.0,90578769.0585,27053330661.0,1151372005.91,32920808416.72
2023-11-21,0.6122,0.6178,0.5725,0.5788,0.6121,0.6178,0.5725,0.5788,330524.0,158769.0,171755.0,468850910.0,282178604.4259,231546977.0,139409026.1208,237303933.0,142769578.3051,25709056062.0,1664786742.72,31181429316.37
2023-11-22,0.5788,0.6162,0.5774,0.6109,0.5787,0.6162,0.5774,0.6109,211817.0,108257.0,103560.0,346216216.0,206849999.4104,179309071.0,107067135.6305,166907145.0,99782863.7799,26916017390.0,1332443782.34,32870190565.55
2023-11-23,0.6109,0.6238,0.6059,0.6209,0.6109,0.6238,0.6059,0.6209,215385.0,105687.0,109698.0,305693192.0,187962573.1608,146645280.0,90183567.3762,159047912.0,97779005.7846,27303711987.0,1233580691.33,33318350244.71
2023-11-24,0.6209,0.6258,0.6155,0.6212,0.6208,0.6258,0.6155,0.6212,191965.0,96714.0,95251.0,303149239.0,188217852.8961,155800661.0,96733653.9998,147348578.0,91484198.8963,27364194877.0,1220784875.06,33467760170.48
2023-11-25,0.6212,0.6238,0.6157,0.6228,0.6212,0.6238,0.6157,0.6228,87233.0,42908.0,44325.0,121921267.0,75608640.3507,58689967.0,36398351.4957,63231300.0,39210288.855,27390997860.0,604505841.11,33551855758.39
2023-11-26,0.6228,0.6375,0.6064,0.6157,0.6228,0.6375,0.6064,0.6157,197951.0,97622.0,100329.0,266307412.0,165803435.5441,129732251.0,80789647.7627,136575161.0,85013787.7814,27196602138.0,1126158901.67,33195346628.22
2023-11-27,0.6157,0.6168,0.5937,0.6039,0.6157,0.6168,0.5937,0.6039,209511.0,101225.0,108286.0,309411406.0,187249018.3748,153721976.0,93031648.4325,155689430.0,94217369.9423,26583358209.0,1209304147.1,32513705254.73
2023-11-28,0.6039,0.6139,0.5957,0.6107,0.6039,0.6139,0.5957,0.6107,168089.0,83132.0,84957.0,286127938.0,173255085.9256,148449420.0,89890904.0693,137678518.0,83364181.8563,23631368161.0,1079777511.24,32904900712.84
2023-11-29,0.6107,0.617,0.604,0.6091,0.6106,0.617,0.604,0.6091,135873.0,67750.0,68123.0,235341461.0,143645522.7884,116082900.0,70856440.6012,119258561.0,72789082.1872,30563477250.0,1007163956.88,32837485435.25
2023-11-30,0.6091,0.6099,0.5982,0.6063,0.609,0.6099,0.5982,0.6063,134889.0,69676.0,65213.0,232714430.0,140561709.3205,110261513.0,66597217.9864,122452917.0,73964491.3341,30396192723.0,980182656.59,32675761409.5
2023-12-01,0.6063,0.6143,0.6031,0.6125,0.6063,0.6143,0.6031,0.6125,146670.0,75633.0,71037.0,248446111.0,151500975.4603,130231660.0,79421038.3738,118214451.0,72079937.0865,30732830190.0,919121547.51,33029097728.22
2023-12-02,0.6125,0.6229,0.611,0.6208,0.6126,0.6229,0.611,0.6208,105687.0,56139.0,49548.0,144130252.0,88761091.0418,70904392.0,43670632.3914,73225860.0,45090458.6504,31037700786.0,667809511.32,33463522611.51
2023-12-03,0.6208,0.6342,0.6168,0.6229,0.6208,0.6342,0.6168,0.6229,172404.0,86722.0,85682.0,240660124.0,150119342.5523,115321622.0,71955868.4049,125338502.0,78163474.1474,31284955082.0,993447972.36,33611532482.1
2023-12-04,0.6229,0.6439,0.582,0.6245,0.6229,0.6439,0.582,0.6245,375265.0,187356.0,187909.0,492198799.0,306906152.554,246482897.0,153694280.3362,245715902.0,153211872.2178,31282449811.0,1947607221.54,33646607910.2
2023-12-05,0.6245,0.6307,0.6076,0.621,0.6245,0.6307,0.6076,0.621,251818.0,121839.0,129979.0,369372743.0,227916914.9618,180304863.0,111264955.1632,189067880.0,116651959.7986,31207233999.0,1452525777.32,33518530340.2
2023-12-06,0.621,0.6437,0.6104,0.64,0.6209,0.6437,0.6104,0.64,350624.0,176749.0,173875.0,498860756.0,312787290.2284,246544732.0,154587927.9942,252316024.0,158199362.2342,31905388834.0,2038373923.26,34506628834.62
2023-12-07,0.64,0.6544,0.6204,0.6432,0.64,0.6544,0.6204,0.6432,326240.0,167666.0,158574.0,454683854.0,290693308.7034,218893474.0,139949509.4097,235790380.0,150743799.2937,32181488235.0,1839789008.29,34600042848.46
2023-12-08,0.6432,0.6756,0.6373,0.6721,0.6431,0.6756,0.6373,0.6721,331483.0,172699.0,158784.0,497144485.0,325864380.6329,251816703.0,165064102.7898,245327782.0,160800277.8431,33638075313.0,1892803940.12,36320834554.11
2023-12-09,0.6721,0.7,0.651,0.6584,0.6721,0.7,0.651,0.6584,432033.0,217966.0,214067.0,522942153.0,355677766.9118,256796895.0,174771586.0936,266145258.0,180906180.8182,33448239432.0,2229504513.88,35547911236.26
2023-12-10,0.6584,0.6715,0.6468,0.6617,0.6584,0.6715,0.6468,0.6617,222709.0,109836.0,112873.0,251001949.0,165918653.9992,120588256.0,79730273.4813,130413693.0,86188380.5179,33203348080.0,1170952363.37,35697083328.73
2023-12-11,0.6617,0.6628,0.6,0.6187,0.6617,0.6628,0.6,0.6187,442580.0,207840.0,234740.0,601855237.0,374407040.2717,288291855.0,179285607.7879,313563382.0,195121432.4838,31101053705.0,2252797874.76,33465001380.94
2023-12-12,0.6187,0.6263,0.6067,0.6192,0.6188,0.6263,0.6067,0.6192,229429.0,112335.0,117094.0,372907112.0,231170040.1073,189382697.0,117411707.0083,183524415.0,113758333.099,31128458448.0,1458882180.1,33429314858.18
2023-12-13,0.6192,0.6348,0.5925,0.6275,0.6191,0.6348,0.5925,0.6275,246939.0,122058.0,124881.0,383566539.0,234465552.887,186462900.0,113984074.9318,197103639.0,120481477.9552,31657951761.0,1557123843.01,33911498908.27
2023-12-14,0.6275,0.6379,0.6053,0.6316,0.6276,0.6379,0.6053,0.6316,221555.0,105834.0,115721.0,340698850.0,213406134.1976,166459257.0,104269740.6936,174239593.0,109136393.504,31764782749.0,1428433766.92,34154893743.4
2023-12-15,0.6316,0.6441,0.6116,0.6156,0.6316,0.6441,0.6116,0.6156,214133.0,101630.0,112503.0,356613976.0,224036403.9219,186857676.0,117438414.8958,169756300.0,106597989.0261,30910775308.0,1392239589.69,33240038978.39
2023-12-16,0.6156,0.6258,0.61,0.6203,0.6156,0.6258,0.61,0.6203,104112.0,49243.0,54869.0,160755138.0,99749269.6558,75832513.0,47062810.2092,84922625.0,52686459.4466,31122450779.0,770529287.87,33474560471.58
2023-12-17,0.6203,0.6237,0.6084,0.6103,0.6202,0.6237,0.6084,0.6103,123202.0,58352.0,64850.0,176476817.0,108983642.7115,85115033.0,52562760.4952,91361784.0,56420882.2163,30632794317.0,832504145.33,32966004671.84
2023-12-18,0.6103,0.6145,0.5778,0.6125,0.6103,0.6145,0.5778,0.6125,273493.0,144809.0,128684.0,477105096.0,285526632.3142,239943181.0,143691458.6003,237161915.0,141835173.7139,30708992356.0,1674969771.39,33080058350.4
2023-12-19,0.6125,0.6167,0.5972,0.6047,0.6126,0.6167,0.5972,0.6047,166330.0,81375.0,84955.0,309456484.0,188305009.5832,160817337.0,97865550.952,148639147.0,90439458.6312,30312692881.0,1137147807.02,32698009058.98
2023-12-20,0.6047,0.6264,0.601,0.6171,0.6047,0.6264,0.601,0.6171,207789.0,102768.0,105021.0,380133323.0,233730636.44,189043767.0,116222891.5706,191089556.0,117507744.8694,30967866482.0,1344408212.7,33338679639.92
2023-12-21,0.6171,0.6249,0.6103,0.6241,0.6171,0.6249,0.6103,0.6241,163056.0,78470.0,84586.0,294263304.0,181486794.9879,141328553.0,87169952.689,152934751.0,94316842.2989,31297932504.0,1149787444.52,33694648321.07
2023-12-22,0.6241,0.6317,0.6154,0.6244,0.624,0.6317,0.6154,0.6244,220638.0,113077.0,107561.0,386616422.0,240110049.2457,199879950.0,124130408.3032,186736472.0,115979640.9425,31359101566.0,1374123623.89,33812375289.58
2023-12-23,0.6244,0.6249,0.6106,0.6195,0.6243,0.6249,0.6106,0.6195,109711.0,51947.0,57764.0,170948891.0,105499262.1589,79253936.0,48913186.1481,91694955.0,56586076.0108,31118457652.0,774484008.73,33531408996.99
2023-12-24,0.6195,0.6295,0.6035,0.6121,0.6195,0.6295,0.6035,0.6121,202416.0,102745.0,99671.0,305003397.0,188565171.4613,149363363.0,92371439.2585,155640034.0,96193732.2028,30814063814.0,1178583397.94,33169837560.97
2023-12-25,0.6121,0.6488,0.6082,0.6462,0.6122,0.6488,0.6082,0.6462,326833.0,170563.0,156270.0,501529244.0,317774651.6537,251135391.0,159041897.258,250393853.0,158732754.3957,32425169118.0,1781837085.01,34944225691.9
2023-12-26,0.6462,0.6469,0.6,0.6219,0.6462,0.6469,0.6,0.6219,302019.0,147991.0,154028.0,427204990.0,266404566.6774,205627688.0,128234347.6428,221577302.0,138170219.0346,31154019892.0,1622454756.59,33648380746.53
2023-12-27,0.6219,0.6421,0.6127,0.634,0.6219,0.6421,0.6127,0.634,239715.0,124922.0,114793.0,363959180.0,228589962.9332,181802469.0,114179094.401,182156711.0,114410868.5322,31887911105.0,1432931897.49,34361654928.63
2023-12-28,0.634,0.6584,0.6249,0.6346,0.634,0.6584,0.6249,0.6346,355284.0,183202.0,172082.0,468193003.0,299092512.0579,229912999.0,146885316.8242,238280004.0,152207195.2337,31892505987.0,1864381370.67,34369375979.81
2023-12-29,0.6346,0.6363,0.6121,0.623,0.6347,0.6363,0.6121,0.623,243393.0,117316.0,126077.0,347060742.0,217547687.8781,176357456.0,110554937.2367,170703286.0,106992750.6414,31198699125.0,1324305214.89,33741742043.2
2023-12-30,0.623,0.6297,0.6158,0.6207,0.623,0.6297,0.6158,0.6207,122347.0,55806.0,66541.0,168141907.0,104681939.6298,79419468.0,49439635.2379,88722439.0,55242304.3919,31256303470.0,718565032.68,33657389992.59
2023-12-31,0.6207,0.6285,0.6055,0.6156,0.6208,0.6285,0.6055,0.6156,119943.0,59251.0,60692.0,160978768.0,99819076.467,78711434.0,48816688.4484,82267334.0,51002388.0186,30814164037.0,710033547.48,33283785350.86
2024-01-01,0.6156,0.6309,0.6083,0.6294,0.6155,0.6309,0.6083,0.6294,117055.0,61994.0,55061.0,165869400.0,102732273.8982,81228446.0,50310559.7119,84640954.0,52421714.1863,31619696267.0,729315153.08,34103276615.25
2024-01-02,0.6294,0.6405,0.6213,0.6246,0.6294,0.6405,0.6213,0.6246,225913.0,117193.0,108720.0,371069494.0,233870765.0564,191003366.0,120381061.8792,180066128.0,113489703.1772,31485312064.0,1326197378.05,33847840411.96
2024-01-03,0.6246,0.6394,0.5,0.5823,0.6245,0.6394,0.5,0.5823,736079.0,374371.0,361708.0,1063513320.0,616476961.0012,519686940.0,301453187.9252,543826380.0,315023773.076,29137517472.0,3406740411.77,31532229589.65
2024-01-04,0.5823,0.5938,0.5692,0.5868,0.5823,0.5938,0.5692,0.5868,242875.0,127876.0,114999.0,384638363.0,223518040.6822,187358418.0,108879106.0691,197279945.0,114638934.6131,29516834753.0,1452005657.02,31837800582.18
2024-01-05,0.5868,0.5885,0.553,0.5757,0.5868,0.5885,0.553,0.5757,245647.0,120605.0,125042.0,383229345.0,218834036.5278,193772159.0,110681594.4215,189457186.0,108152442.1063,28900754486.0,1509144161.8,31251562527.66
2024-01-06,0.5757,0.5758,0.5568,0.5679,0.5757,0.5758,0.5568,0.5679,153251.0,59887.0,93364.0,166749051.0,94643295.6385,76942243.0,43657509.0023,89806808.0,50985786.6362,28431904189.0,820534691.26,30819279073.88
2024-01-07,0.5679,0.573,0.5454,0.5515,0.5679,0.573,0.5454,0.5515,214162.0,70939.0,143223.0,226717559.0,127831730.9433,102178127.0,57599116.8392,124539432.0,70232614.1041,27543938713.0,901525411.93,29910096169.14
2024-01-08,0.5515,0.5821,0.5442,0.5776,0.5515,0.5821,0.5442,0.5776,376161.0,186037.0,190124.0,520587965.0,294676989.3888,262218221.0,148391476.3572,258369744.0,146285513.0316,29093026097.0,2011066818.9,31329451310.68
2024-01-09,0.5776,0.5793,0.5531,0.5669,0.5775,0.5793,0.5531,0.5669,326240.0,155294.0,170946.0,454568370.0,258327968.5304,221420744.0,125817037.3108,233147626.0,132510931.2196,28485022708.0,1740178857.15,30717428429.98
2024-01-10,0.5669,0.615,0.5489,0.6008,0.567,0.615,0.5489,0.6008,429011.0,217289.0,211722.0,565711997.0,326124454.5335,276913429.0,159578385.7884,288798568.0,166546068.7451,30410358106.0,2223452643.03,32525669709.76
2024-01-11,0.6008,0.624,0.5856,0.6019,0.6008,0.624,0.5856,0.6019,400838.0,202244.0,198594.0,513518254.0,310159093.8961,245445437.0,148290842.8173,268072817.0,161868251.0788,30233674082.0,2112917471.93,32673767000.24
2024-01-12,0.6019,0.6035,0.5515,0.5699,0.6019,0.6035,0.5515,0.5699,336564.0,156560.0,180004.0,462016509.0,271305995.4437,218817654.0,128529158.2029,243198855.0,142776837.2408,28632294682.0,1716194371.98,30948299305.8
2024-01-13,0.5699,0.5775,0.563,0.5747,0.5699,0.5775,0.563,0.5747,118002.0,57411.0,60591.0,144723019.0,82918818.7551,68140286.0,39040986.4582,76582733.0,43877832.2969,28898368851.0,718059698.34,31207656875.35
2024-01-14,0.5747,0.5932,0.5717,0.5763,0.5746,0.5932,0.5717,0.5763,162384.0,79747.0,82637.0,188471401.0,109243103.8968,91582093.0,53111732.4565,96889308.0,56131371.4403,29080511449.0,841667731.26,31270312553.37
2024-01-15,0.5763,0.5895,0.5687,0.5757,0.5763,0.5895,0.5687,0.5757,177076.0,87340.0,89736.0,267118552.0,154706565.7047,133469863.0,77288474.4114,133648689.0,77418091.2933,28943265978.0,993534380.0,31253363302.57
2024-01-16,0.5757,0.5797,0.5659,0.5757,0.5757,0.5797,0.5659,0.5757,152058.0,75680.0,76378.0,250036650.0,143801731.4493,130314149.0,74952909.8507,119722501.0,68848821.5986,28951293467.0,924543394.48,31254813317.81
2024-01-17,0.5757,0.5763,0.5611,0.5685,0.5759,0.5763,0.5611,0.5685,131484.0,60658.0,70826.0,229435711.0,130910418.9994,107922536.0,61582202.6857,121513175.0,69328216.3137,28531893267.0,901923640.11,30863554024.34
2024-01-18,0.5685,0.569,0.543,0.552,0.5685,0.569,0.543,0.552,161110.0,71612.0,89498.0,286860737.0,160206212.1524,127448181.0,71206119.6963,159412556.0,89000092.4561,27733684617.0,1057710373.51,29990557672.13
2024-01-19,0.552,0.5537,0.5216,0.5443,0.5522,0.5537,0.5216,0.5443,216243.0,101207.0,115036.0,412467369.0,223694759.7986,208681231.0,113174933.2733,203786138.0,110519826.5253,27366610500.0,1330077736.48,29574767781.18
2024-01-20,0.5443,0.5551,0.539,0.5534,0.5443,0.5551,0.539,0.5534,102320.0,50040.0,52280.0,190027866.0,104041398.8109,91223599.0,49955432.4906,98804267.0,54085966.3203,27707014580.0,725888846.97,30056761623.09
2024-01-21,0.5534,0.5552,0.5451,0.5464,0.5534,0.5552,0.5451,0.5464,76745.0,38021.0,38724.0,115018674.0,63480245.1694,54976670.0,30345476.9238,60042004.0,33134768.2456,27531971584.0,494271879.13,29675585018.2
2024-01-22,0.5464,0.5497,0.5169,0.5275,0.5464,0.5497,0.5169,0.5275,201355.0,99096.0,102259.0,340622198.0,181521750.767,171847764.0,91596403.7611,168774434.0,89925347.0059,26466370502.0,1151736624.66,28621648560.22
2024-01-23,0.5275,0.5318,0.4962,0.5183,0.5275,0.5318,0.4962,0.5183,267650.0,136610.0,131040.0,468522571.0,239931999.7921,246329341.0,126129910.5555,222193230.0,113802089.2366,26030334426.0,1414753278.28,28133751731.49
2024-01-24,0.5183,0.5194,0.511,0.5181,0.5183,0.5194,0.511,0.5181,133816.0,66323.0,67493.0,256315507.0,131991869.4887,128730200.0,66298371.9924,127585307.0,65693497.4963,26016906047.0,880367820.24,28147391586.28
2024-01-25,0.5181,0.5182,0.5037,0.5138,0.5182,0.5182,0.5037,0.5138,140119.0,66417.0,73702.0,251423038.0,128611527.1358,117472885.0,60094844.9138,133950153.0,68516682.222,25812321991.0,825132968.47,27927086874.37
2024-01-26,0.5138,0.5368,0.5084,0.5323,0.5138,0.5368,0.5084,0.5323,159917.0,81188.0,78729.0,345499020.0,179941832.2146,187521233.0,97624967.4986,157977787.0,82316864.716,26697840144.0,1021918091.96,28937491481.61
2024-01-27,0.5323,0.5349,0.5262,0.5303,0.5323,0.5349,0.5262,0.5303,71686.0,33404.0,38282.0,109437595.0,58062234.2968,50193964.0,26632893.8835,59243631.0,31429340.4133,26656192075.0,471931643.73,28832614070.94
2024-01-28,0.5303,0.5355,0.5211,0.5241,0.5304,0.5355,0.5211,0.5241,84061.0,40707.0,43354.0,133344725.0,70557321.5239,63638889.0,33675802.1601,69705836.0,36881519.3638,26284810011.0,523517402.98,28497334190.2
2024-01-29,0.5241,0.54,0.5193,0.5352,0.5242,0.54,0.5193,0.5352,149835.0,76463.0,73372.0,315810144.0,166936283.3948,168552391.0,89089933.4425,147257753.0,77846349.9523,26890141614.0,901992025.71,29095282547.02
2024-01-30,0.5352,0.5393,0.5071,0.5107,0.5351,0.5393,0.5071,0.5107,286534.0,140946.0,145588.0,551143127.0,287974260.4678,261178958.0,136557873.9697,289964169.0,151416386.4981,25595321236.0,1673319214.11,27768959277.84
2024-01-31,0.5107,0.5144,0.4853,0.5033,0.5107,0.5144,0.4853,0.5033,259626.0,126201.0,133425.0,485421774.0,245358209.3109,235085219.0,118801910.0501,250336555.0,126556299.2608,25280004663.0,1339066820.21,27360857439.91
2024-02-01,0.5033,0.5107,0.49,0.5058,0.5032,0.5107,0.49,0.5058,168991.0,83937.0,85054.0,339711167.0,169136077.9874,160996149.0,80158781.9611,178715018.0,88977296.0263,25398497185.0,1004296108.65,27537063982.46
2024-02-02,0.5058,0.5142,0.4987,0.5105,0.5058,0.5142,0.4987,0.5105,152511.0,74502.0,78009.0,362229325.0,182866296.7909,190968129.0,96412843.4579,171261196.0,86453453.333,25579600460.0,927836204.84,27784909545.71
2024-02-03,0.5105,0.527,0.506,0.5186,0.5106,0.527,0.506,0.5186,154948.0,75088.0,79860.0,268503943.0,139267739.442,127270266.0,66021980.2077,141233677.0,73245759.2343,26193953019.0,861729960.28,28249064026.29
2024-02-04,0.5186,0.5192,0.5003,0.5032,0.5187,0.5192,0.5003,0.5032,95974.0,46717.0,49257.0,156461025.0,79994272.0065,73971373.0,37812835.4791,82489652.0,42181436.5274,25274346755.0,538479550.96,27397092102.13
2024-02-05,0.5032,0.5143,0.4969,0.5069,0.5032,0.5143,0.4969,0.5069,149666.0,78712.0,70954.0,316744221.0,160199486.0272,173819060.0,87899722.6367,142925161.0,72299763.3905,25420740016.0,831962506.38,27558010857.83
2024-02-06,0.5069,0.5112,0.4981,0.505,0.5068,0.5112,0.4981,0.505,144258.0,69063.0,75195.0,296361361.0,149476117.6586,152082047.0,76723855.745,144279314.0,72752261.9136,25391321155.0,767495085.75,27498622161.64
2024-02-07,0.505,0.5155,0.4993,0.5138,0.5051,0.5155,0.4993,0.5138,161884.0,85410.0,76474.0,337065844.0,170065835.6946,165550763.0,83558748.2024,171515081.0,86507087.4922,25782665887.0,895523746.85,27968728224.74
2024-02-08,0.5138,0.52,0.5101,0.5147,0.5138,0.52,0.5101,0.5147,164228.0,82675.0,81553.0,319558939.0,164331767.5466,158521878.0,81517935.9846,161037061.0,82813831.562,25798177624.0,902244430.98,28009011693.36
2024-02-09,0.5147,0.5282,0.514,0.5262,0.5146,0.5282,0.514,0.5262,186874.0,95348.0,91526.0,381663993.0,199001954.3944,205102073.0,106941819.7345,176561920.0,92060134.6599,26374288286.0,1032596975.31,28672367762.28
2024-02-10,0.5262,0.5282,0.5186,0.5239,0.5262,0.5282,0.5186,0.5239,86130.0,41354.0,44776.0,136051851.0,71203753.3982,66497370.0,34800810.8459,69554481.0,36402942.5523,26310561836.0,578419105.48,28567737643.32
2024-02-11,0.5239,0.536,0.5216,0.5261,0.524,0.536,0.5216,0.5261,125536.0,60585.0,64951.0,218992618.0,115829056.7134,109908035.0,58115133.513,109084583.0,57713923.2004,26396052185.0,715511550.34,28675260873.43
2024-02-12,0.5261,0.538,0.5143,0.5315,0.5262,0.538,0.5143,0.5315,199481.0,100454.0,99027.0,383946428.0,201577676.5218,197127630.0,103433830.5989,186818798.0,98143845.9229,26693268433.0,1028191903.04,28992092732.15
2024-02-13,0.5315,0.5338,0.514,0.5247,0.5315,0.5338,0.514,0.5247,194280.0,99110.0,95170.0,398803382.0,209569577.3208,206855121.0,108719704.8934,191948261.0,100849872.4274,26403616697.0,1023754838.57,28607187065.63
2024-02-14,0.5247,0.5418,0.5203,0.5378,0.5246,0.5418,0.5203,0.5378,188685.0,96569.0,92116.0,402071120.0,213698498.0764,206968267.0,109975894.665,195102853.0,103722603.4114,27040089433.0,1156449388.81,29346596793.55
2024-02-15,0.5378,0.5769,0.537,0.5622,0.5378,0.5769,0.537,0.5622,353387.0,179047.0,174340.0,640584098.0,354054978.0784,317334840.0,175413521.5437,323249258.0,178641456.5347,28305946081.0,1877470521.69,30703126151.99
2024-02-16,0.5622,0.5791,0.5523,0.5643,0.5622,0.5791,0.5523,0.5643,296142.0,148846.0,147296.0,522111567.0,295713042.1994,264118925.0,149603299.4659,257992642.0,146109742.7335,28337755155.0,1505352931.84,30823413930.69
2024-02-17,0.5643,0.5655,0.5392,0.5496,0.5643,0.5655,0.5392,0.5496,152381.0,72016.0,80365.0,254033578.0,140263782.4244,121852579.0,67270483.2215,132180999.0,72993299.2029,27489903568.0,911234746.19,30001024225.98
2024-02-18,0.5496,0.5625,0.5471,0.5571,0.5497,0.5625,0.5471,0.5571,135531.0,66851.0,68680.0,199644484.0,110984253.3261,98575047.0,54799523.1018,101069437.0,56184730.2243,28156639846.0,689299496.74,30383851331.45
2024-02-19,0.5571,0.5679,0.5538,0.5626,0.5571,0.5679,0.5538,0.5626,197222.0,96667.0,100555.0,361659945.0,202602289.0949,185729878.0,104043339.9007,175930067.0,98558949.1942,28428172967.0,1108245167.06,30694512829.55
2024-02-20,0.5626,0.5751,0.543,0.5622,0.5626,0.5751,0.543,0.5622,347428.0,172567.0,174861.0,577494529.0,324956172.6769,289569925.0,162925101.3844,287924604.0,162031071.2925,28328443843.0,1777533546.79,30712238626.21
2024-02-21,0.5622,0.5629,0.5326,0.5491,0.5622,0.5629,0.5326,0.5491,253472.0,124117.0,129355.0,443537294.0,241554955.7311,223731706.0,121835371.6237,219805588.0,119719584.1074,27358199063.0,1336498048.91,29952888788.0
2024-02-22,0.5491,0.5517,0.5366,0.541,0.549,0.5517,0.5366,0.541,196071.0,91207.0,104864.0,363824441.0,198108906.342,175257505.0,95422300.2641,188566936.0,102686606.0779,27325491108.0,1169167858.59,29511530686.83
2024-02-23,0.541,0.5437,0.5251,0.5342,0.541,0.5437,0.5251,0.5342,221534.0,105347.0,116187.0,435074448.0,232931615.3245,223369807.0,119608230.2142,211704641.0,113323385.1103,27008331281.0,1098846026.66,29182486551.24
2024-02-24,0.5342,0.5481,0.5313,0.545,0.5342,0.5481,0.5313,0.545,120313.0,61169.0,59144.0,201672485.0,109408023.8935,100364228.0,54463286.394,101308257.0,54944737.4995,27385750190.0,706533507.4,29760314823.91
2024-02-25,0.545,0.5489,0.542,0.5425,0.5449,0.5489,0.542,0.5425,114078.0,57967.0,56111.0,200338025.0,109195370.4684,106415186.0,58004665.3214,93922839.0,51190705.147,27263937727.0,702442509.45,29613270171.04
2024-02-26,0.5425,0.5528,0.5288,0.5506,0.5424,0.5528,0.5288,0.5506,223551.0,116391.0,107160.0,442051388.0,239159787.0654,230815296.0,124909184.8652,211236092.0,114250602.2002,27609103858.0,1154518101.22,30103524035.43
2024-02-27,0.5506,0.5976,0.5476,0.5861,0.5506,0.5976,0.5476,0.5861,483468.0,245501.0,237967.0,852720045.0,484204806.3153,430326843.0,244384752.1288,422393202.0,239820054.1865,29551386572.0,2360919082.38,32006322373.81
2024-02-28,0.5861,0.6059,0.53,0.575,0.5862,0.6059,0.53,0.575,674605.0,329877.0,344728.0,1038133713.0,600527436.5215,512812609.0,296742517.9416,525321104.0,303784918.5799,28913436119.0,3080912384.39,31435953067.75
2024-02-29,0.575,0.626,0.5669,0.5867,0.5749,0.626,0.5669,0.5867,795539.0,408224.0,387315.0,1323123117.0,789799237.6854,658100683.0,392934252.8611,665022434.0,396864984.8243,29535314270.0,3647028817.01,32009956698.44
2024-03-01,0.5867,0.6034,0.5829,0.6013,0.5868,0.6034,0.5829,0.6013,346164.0,170105.0,176059.0,545783016.0,323258854.7415,265771951.0,157413352.1096,280011065.0,165845502.6319,30267550641.0,1739419651.07,32901725094.48
2024-03-02,0.6013,0.6501,0.5993,0.6442,0.6012,0.6501,0.5993,0.6442,628347.0,324656.0,303691.0,891150692.0,561098506.1994,436923827.0,275269534.15,454226865.0,285828972.0494,32180333111.0,2956033333.74,35250165206.11
2024-03-03,0.6442,0.6446,0.59,0.6271,0.644,0.6446,0.59,0.6271,459635.0,223259.0,236376.0,626556050.0,390250378.2574,301497757.0,187798619.8749,325058293.0,202451758.3825,31520376847.0,2060336711.3,34278278017.26
2024-03-04,0.6271,0.666,0.615,0.6477,0.6271,0.666,0.615,0.6477,745606.0,369750.0,375856.0,1053563753.0,680037933.8019,518667854.0,334659993.1945,534895899.0,345377940.6074,32629273269.0,3629204334.36,35538892483.59
2024-03-05,0.6477,0.6685,0.5386,0.5912,0.6476,0.6685,0.5386,0.5912,1151483.0,553299.0,598184.0,1554937673.0,971210812.6012,745722854.0,466623879.8296,809214819.0,504586932.7716,29743048530.0,5014326043.1,32409234192.12
2024-03-06,0.5912,0.624,0.5754,0.6121,0.5913,0.624,0.5754,0.6121,589115.0,293445.0,295670.0,832599729.0,501543922.8642,416245016.0,250773559.5552,416354713.0,250770363.309,30778427580.0,2755184859.55,33468901812.16
2024-03-07,0.6121,0.6394,0.6064,0.627,0.6121,0.6394,0.6064,0.627,508718.0,255394.0,253324.0,789389082.0,491723629.8708,383645472.0,238998829.0817,405743610.0,252724800.7891,31663681947.0,2529220366.44,34362264618.86
2024-03-08,0.627,0.6338,0.6,0.62,0.6271,0.6338,0.6,0.62,446228.0,222466.0,223762.0,648298999.0,403359268.7297,328285099.0,204286814.5405,320013900.0,199072454.1892,31157789497.0,2164877115.42,34043810479.01
2024-03-09,0.62,0.6323,0.6158,0.6197,0.62,0.6323,0.6158,0.6197,268485.0,137186.0,131299.0,399105613.0,248795359.0,195175068.0,121642577.8827,203930545.0,127152781.1173,31172276715.0,1571098761.54,34035656352.86
2024-03-10,0.6197,0.6278,0.5965,0.608,0.6198,0.6278,0.5965,0.608,287088.0,138891.0,148197.0,431213931.0,265437261.5992,207140038.0,127487939.5465,224073893.0,137949322.0527,30392935550.0,1510773122.75,33302773671.38
2024-03-11,0.608,0.744,0.583,0.723,0.608,0.744,0.583,0.723,1463819.0,747985.0,715834.0,2035920643.0,1397085361.7244,1031600139.0,706794694.4981,1004320504.0,690290667.2263,36273921771.0,6790039282.79,39302994839.04
2024-03-12,0.723,0.7332,0.6585,0.688,0.723,0.7332,0.6585,0.688,924010.0,460152.0,463858.0,1164823272.0,809486248.4053,570914503.0,396867270.577,593908769.0,412618977.8283,34577135723.0,4163275980.15,37670513815.92
2024-03-13,0.688,0.7026,0.6684,0.6891,0.688,0.7026,0.6684,0.6891,451985.0,227449.0,224536.0,629718012.0,433287999.4329,319099699.0,219548097.4691,310618313.0,213739901.9638,34490831649.0,2398788495.1,37820664946.63
2024-03-14,0.6891,0.7077,0.6378,0.669,0.6891,0.7077,0.6378,0.669,668294.0,332391.0,335903.0,866913230.0,586214978.9612,428415640.0,289875206.754,438497590.0,296339772.2072,33666562544.0,3428582152.46,36713997873.02
2024-03-15,0.669,0.6759,0.596,0.6342,0.669,0.6759,0.596,0.6342,787687.0,370975.0,416712.0,1046569627.0,659887905.8484,500558874.0,315726640.2865,546010753.0,344161265.5619,31891751844.0,3656774482.71,34728625301.22
2024-03-16,0.6342,0.6479,0.5915,0.6031,0.6341,0.6479,0.5915,0.6031,454113.0,214348.0,239765.0,637944105.0,396629023.8596,303271484.0,188599919.597,334672621.0,208029104.2626,30242878730.0,2237388469.68,33047819976.25
2024-03-17,0.6031,0.6249,0.5869,0.6191,0.603,0.6249,0.5869,0.6191,344847.0,168993.0,175854.0,520417354.0,317996138.2103,249891823.0,152698355.0815,270525531.0,165297783.1288,31020989973.0,1826991062.31,33934018894.2
2024-03-18,0.6191,0.6686,0.5946,0.6453,0.6191,0.6686,0.5946,0.6453,586138.0,289889.0,296249.0,868146942.0,539213807.37,433122082.0,269421059.9747,435024860.0,269792747.3953,32600288831.0,2767146303.17,35486745523.58
2024-03-19,0.6453,0.6489,0.5712,0.5845,0.6453,0.6489,0.5712,0.5845,785812.0,371543.0,414269.0,1036258366.0,622800830.9744,497471432.0,298873446.4846,538786934.0,323927384.4898,29040441410.0,3571952543.13,32027461422.6
2024-03-20,0.5845,0.6187,0.5681,0.6107,0.5845,0.6187,0.5681,0.6107,533683.0,260987.0,272696.0,802805428.0,474979753.1727,392028360.0,231839225.7807,410777068.0,243140527.392,30748256656.0,2741181693.41,33598401857.45
2024-03-21,0.6107,0.6546,0.5972,0.6404,0.6108,0.6546,0.5972,0.6404,548573.0,276372.0,272201.0,799317843.0,499670072.3817,394571146.0,246730104.9416,404746697.0,252939967.4401,32140123505.0,2809003716.88,35164062437.38
2024-03-22,0.6404,0.6454,0.5985,0.6115,0.6403,0.6454,0.5985,0.6115,414977.0,200757.0,214220.0,580029104.0,359961089.1895,276614192.0,171671519.4896,303414912.0,188289569.6999,30616610378.0,2053036282.09,33531418924.42
2024-03-23,0.6115,0.6329,0.6032,0.6167,0.6115,0.6329,0.6032,0.6167,207459.0,102101.0,105358.0,278695151.0,173110244.5216,135568628.0,84214964.624,143126523.0,88895279.8976,31191960111.0,1160450696.08,33896958205.48
2024-03-24,0.6167,0.6358,0.6133,0.6325,0.6168,0.6358,0.6133,0.6325,225821.0,113780.0,112041.0,304667124.0,191365610.3891,148236150.0,93104037.717,156430974.0,98261572.6721,31893362373.0,1230486577.52,34739163804.9
2024-03-25,0.6325,0.6629,0.6263,0.6406,0.6326,0.6629,0.6263,0.6406,379954.0,194582.0,185372.0,598260361.0,383334099.9351,296007857.0,189673542.1216,302252504.0,193660557.8135,32206213744.0,2044948880.29,35182647987.19
2024-03-26,0.6406,0.653,0.625,0.6317,0.6405,0.653,0.625,0.6317,302204.0,159710.0,142494.0,483920076.0,309446906.7586,243003758.0,155354197.4236,240916318.0,154092709.335,31807442494.0,1799059517.39,34700718160.72
2024-03-27,0.6317,0.6349,0.6055,0.6118,0.6317,0.6349,0.6055,0.6118,333499.0,177063.0,156436.0,576105586.0,357401973.3555,286164656.0,177568130.1534,289940930.0,179833843.2021,30731476056.0,1989187554.75,33586360332.68
2024-03-28,0.6118,0.6378,0.6033,0.6244,0.6119,0.6378,0.6033,0.6244,290960.0,145334.0,145626.0,500717330.0,311430816.4376,248611945.0,154624434.5263,252105385.0,156806381.9113,31424521545.0,1783253508.34,34279071179.35
2024-03-29,0.6244,0.6455,0.6087,0.6301,0.6243,0.6455,0.6087,0.6301,329285.0,158410.0,170875.0,536802072.0,336042616.7256,261441012.0,163691594.4016,275361060.0,172351022.324,31616275731.0,1874392965.95,34655083858.33
2024-03-30,0.6301,0.6372,0.6178,0.6212,0.63,0.6372,0.6178,0.6212,187299.0,86172.0,101127.0,275028227.0,172448766.2015,132147196.0,82873447.7764,142881031.0,89575318.4251,31092030277.0,1042947263.3,34165159478.85
2024-03-31,0.6212,0.6301,0.6204,0.6292,0.6211,0.6301,0.6204,0.6292,124119.0,62963.0,61156.0,181972969.0,113924710.714,88215852.0,55238378.1959,93757117.0,58686332.5181,31576201087.0,756039150.67,34571158666.17
2024-04-01,0.6292,0.6336,0.5947,0.611,0.6292,0.6336,0.5947,0.611,313516.0,150025.0,163491.0,546287523.0,333965195.5589,269122892.0,164541739.0984,277164631.0,169423456.4605,30777188049.0,1772433656.37,33583982916.94
2024-04-02,0.611,0.6185,0.579,0.5854,0.611,0.6185,0.579,0.5854,368400.0,172120.0,196280.0,648286441.0,384513388.8092,315905998.0,187395992.8656,332380443.0,197117395.9436,29471683914.0,2172750437.27,32166626108.88
2024-04-03,0.5854,0.593,0.5663,0.5742,0.5854,0.593,0.5663,0.5742,267241.0,121351.0,145890.0,493903933.0,287020380.9741,240948634.0,140013500.5055,252955299.0,147006880.4686,28924192554.0,1649286698.75,31585963980.4
2024-04-04,0.5742,0.6176,0.5623,0.5935,0.5741,0.6176,0.5623,0.5935,392369.0,203449.0,188920.0,701629386.0,413917599.608,354569321.0,209300372.22,347060065.0,204617227.388,29683971886.0,2190487089.87,32681688461.98
2024-04-05,0.5935,0.5939,0.5687,0.5871,0.5934,0.5939,0.5687,0.5871,231929.0,112053.0,119876.0,421470900.0,245182996.9432,212439315.0,123629495.7458,209031585.0,121553501.1974,29510048337.0,1534570774.72,32344047477.29
2024-04-06,0.5871,0.5988,0.5852,0.593,0.587,0.5988,0.5852,0.593,104477.0,52687.0,51790.0,165404890.0,97716359.6098,76618349.0,45275681.5173,88786541.0,52440678.0925,29903242041.0,871610028.88,32664351210.18
2024-04-07,0.593,0.6028,0.5894,0.5944,0.593,0.6028,0.5894,0.5944,128342.0,71168.0,57174.0,210766117.0,125604904.4772,99719573.0,59417074.8551,111046544.0,66187829.6221,29831812689.0,924956308.5,32746598127.04
2024-04-08,0.5944,0.6265,0.5881,0.6147,0.5945,0.6265,0.5881,0.6147,300832.0,157216.0,143616.0,512812491.0,312299000.7698,255847545.0,155714612.652,256964946.0,156584388.1178,31018491487.0,2016910257.75,33883696854.84
2024-04-09,0.6147,0.6431,0.6012,0.6141,0.6146,0.6431,0.6012,0.6141,410065.0,199885.0,210180.0,648585747.0,402883593.0298,310027016.0,192597089.5617,338558731.0,210286503.4681,31114016115.0,2423935495.74,33792048849.68
2024-04-10,0.6141,0.6204,0.5928,0.6172,0.614,0.6204,0.5928,0.6172,312059.0,162888.0,149171.0,449695736.0,273874315.888,213013643.0,129745976.7939,236682093.0,144128339.0941,31017730958.0,2345474173.12,33997592690.69
2024-04-11,0.6172,0.6214,0.6029,0.6086,0.6171,0.6214,0.6029,0.6086,215714.0,113637.0,102077.0,316314812.0,194033425.0445,154438228.0,94767548.1142,161876584.0,99265876.9303,30528371490.0,1218887359.83,33519796796.49
2024-04-12,0.6086,0.6159,0.5068,0.5468,0.6085,0.6159,0.5068,0.5468,595563.0,265653.0,329910.0,903224330.0,509327542.683,425758293.0,240534492.8629,477466037.0,268793049.8201,27412946615.0,2872824835.21,30228432510.71
2024-04-13,0.5468,0.5491,0.4188,0.4788,0.5468,0.5491,0.4188,0.4788,793061.0,394374.0,398687.0,1199425184.0,589051261.486,577697182.0,284242702.2632,621728002.0,304808559.2228,23990388532.0,3957442554.75,26502684973.33
2024-04-14,0.4788,0.5073,0.4637,0.5033,0.4788,0.5073,0.4637,0.5033,513428.0,281547.0,231881.0,820741178.0,397952095.5441,416199749.0,201741443.5392,404541429.0,196210652.0049,25451433733.0,2824792032.92,27794218119.42
2024-04-15,0.5033,0.5189,0.4811,0.4977,0.5034,0.5189,0.4811,0.4977,417628.0,208951.0,208677.0,680790708.0,341529467.5271,335169641.0,168080750.5282,345621067.0,173448716.9989,24910946014.0,2356318423.24,27434770194.95
2024-04-16,0.4977,0.5021,0.4754,0.4965,0.4977,0.5021,0.4754,0.4965,347421.0,176580.0,170841.0,535103938.0,262546490.6849,255264427.0,125244039.4094,279839511.0,137302451.2755,24987216120.0,1913160798.05,27378001119.57
2024-04-17,0.4965,0.5081,0.4715,0.4951,0.4965,0.5081,0.4715,0.4951,330326.0,178973.0,151353.0,496078590.0,243899788.0604,243164468.0,119590561.5122,252914122.0,124309226.5482,24840895591.0,1791966493.42,27275540174.83
2024-04-18,0.4951,0.5057,0.4856,0.5025,0.4951,0.5057,0.4856,0.5025,249459.0,141092.0,108367.0,408855589.0,202498358.6896,196543625.0,97329255.5611,212311964.0,105169103.1285,25214180350.0,1420648262.96,27729001885.51
2024-04-19,0.5025,0.5108,0.4665,0.503,0.5026,0.5108,0.4665,0.503,363319.0,175433.0,187886.0,649243049.0,320230549.4456,313789568.0,154795553.3103,335453481.0,165434996.1353,25180653266.0,2145715370.55,27773312845.05
2024-04-20,0.503,0.53,0.4981,0.5288,0.503,0.53,0.4981,0.5288,204386.0,113297.0,91089.0,323152269.0,167172289.5678,162512943.0,84112690.2024,160639326.0,83059599.3654,26551718340.0,1237297113.95,29179394496.63
2024-04-21,0.5288,0.5367,0.5183,0.5246,0.5288,0.5367,0.5183,0.5246,155833.0,88250.0,67583.0,209381366.0,110387883.5848,100547094.0,53016724.4569,108834272.0,57371159.1279,26330813589.0,896875432.55,28924955275.71
2024-04-22,0.5246,0.5715,0.5221,0.556,0.5246,0.5715,0.5221,0.556,273001.0,143351.0,129650.0,481213218.0,261174906.7999,244694948.0,132789856.8433,236518270.0,128385049.9566,28016156345.0,1671344072.0,30697511364.2
2024-04-23,0.556,0.5576,0.5415,0.5445,0.556,0.5576,0.5415,0.5445,219355.0,115058.0,104297.0,395536969.0,216977134.9904,186980232.0,102574056.5257,208556737.0,114403078.4647,27359682552.0,1351313210.4,30053908921.28
2024-04-24,0.5445,0.5519,0.5212,0.5275,0.5445,0.5519,0.5212,0.5275,233320.0,115487.0,117833.0,437750382.0,235729630.8625,207609850.0,111788495.0721,230140532.0,123941135.7904,26396226819.0,1534036869.78,29075334395.1
2024-04-25,0.5275,0.5327,0.5137,0.5254,0.5276,0.5327,0.5137,0.5254,197973.0,97535.0,100438.0,358100461.0,187496339.632,155817786.0,81604904.3786,202282675.0,105891435.2534,26351250703.0,1286617506.64,28971123639.09
2024-04-26,0.5254,0.5361,0.5143,0.5261,0.5254,0.5361,0.5143,0.5261,186864.0,86741.0,100123.0,354085810.0,185956511.4784,168257507.0,88351476.6398,185828303.0,97605034.8386,26391029007.0,1158982887.34,29060241304.21
2024-04-27,0.5261,0.5265,0.508,0.5179,0.5261,0.5265,0.508,0.5179,115655.0,55168.0,60487.0,195569696.0,101032224.5098,92353959.0,47709844.5379,103215737.0,53322379.9719,26042962100.0,753955067.38,28599777155.06
2024-04-28,0.5179,0.5253,0.5085,0.5103,0.5178,0.5253,0.5085,0.5103,94278.0,41759.0,52519.0,135893039.0,70458610.2089,62851100.0,32599225.3347,73041939.0,37859384.8742,25655167948.0,580872465.54,28191052606.13
2024-04-29,0.5103,0.5175,0.4986,0.5151,0.5104,0.5175,0.4986,0.5151,163488.0,75877.0,87611.0,347828455.0,176581449.9024,160336913.0,81458927.7065,187491542.0,95122522.1959,25935458785.0,1143210747.75,28470353298.22
2024-04-30,0.5151,0.5198,0.4875,0.5006,0.515,0.5198,0.4875,0.5006,207128.0,97824.0,109304.0,395591280.0,198721791.9993,179569350.0,90167634.8838,216021930.0,108554157.1155,25106172516.0,1347490378.75,27621396540.7
2024-05-01,0.5006,0.5214,0.4782,0.5175,0.5006,0.5214,0.4782,0.5175,245638.0,120301.0,125337.0,478521177.0,238496942.2037,217756130.0,108596358.4185,260765047.0,129900583.7852,25864894009.0,1720060134.03,28620531114.48
2024-05-02,0.5175,0.5245,0.5067,0.518,0.5175,0.5245,0.5067,0.518,163360.0,83874.0,79486.0,344602656.0,177688990.7001,165472280.0,85351630.432,179130376.0,92337360.2681,26111143765.0,1118497653.7,28630396466.77
2024-05-03,0.518,0.5367,0.5145,0.5317,0.518,0.5367,0.5145,0.5317,172451.0,87753.0,84698.0,363626848.0,190081086.4027,184485459.0,96451806.2478,179141389.0,93629280.1549,26728208640.0,1138445189.73,29379612126.2
2024-05-04,0.5317,0.541,0.5272,0.5302,0.5317,0.541,0.5272,0.5302,104262.0,50950.0,53312.0,158694221.0,84581329.5159,73660828.0,39258811.1804,85033393.0,45322518.3355,26649326534.0,686389981.55,29297390417.6
2024-05-05,0.5302,0.5334,0.524,0.5296,0.5302,0.5334,0.524,0.5296,84937.0,36144.0,48793.0,112344720.0,59417628.2842,52446737.0,27738383.1379,59897983.0,31679245.1463,26621380409.0,535784827.02,29263355596.12
2024-05-06,0.5296,0.5703,0.5247,0.5402,0.5295,0.5703,0.5247,0.5402,329404.0,160953.0,168451.0,567274807.0,308959227.2858,284940447.0,155207393.1164,282334360.0,153751834.1694,27171317629.0,1774389099.85,29857659476.79
2024-05-07,0.5402,0.5443,0.5217,0.5245,0.5401,0.5443,0.5217,0.5245,182921.0,87961.0,94960.0,346192205.0,185972116.8921,167078213.0,89774525.8372,179113992.0,96197591.0549,26347437265.0,1132990207.36,28984740150.75
2024-05-08,0.5245,0.53,0.5153,0.5171,0.5244,0.53,0.5153,0.5171,172317.0,83016.0,89301.0,346832658.0,181169260.551,169043801.0,88313860.5648,177788857.0,92855399.9862,25920525435.0,1122168970.74,28633084636.58
2024-05-09,0.5171,0.5238,0.5087,0.5209,0.517,0.5238,0.5087,0.5209,142986.0,75225.0,67761.0,299812797.0,154978198.3729,147922544.0,76478554.7437,151890253.0,78499643.6292,26140611622.0,978009517.63,28843852659.93
2024-05-10,0.5209,0.5209,0.497,0.5022,0.5209,0.5209,0.497,0.5022,183584.0,96217.0,87367.0,356081362.0,181324120.6451,177820078.0,90579688.8241,178261284.0,90744431.821,25231313026.0,1100350622.98,27809026380.84
2024-05-11,0.5022,0.5079,0.5005,0.5059,0.5022,0.5079,0.5005,0.5059,67159.0,31620.0,35539.0,99554446.0,50215891.6399,46491227.0,23454502.0652,53063219.0,26761389.5747,25420900989.0,447992708.07,28010408187.75
2024-05-12,0.5059,0.5088,0.4957,0.4993,0.5059,0.5088,0.4957,0.4993,61866.0,29164.0,32702.0,96995150.0,48846226.618,45550782.0,22934443.1754,51444368.0,25911783.4426,25126060111.0,397026846.27,27650548006.25
2024-05-13,0.4993,0.5121,0.4866,0.5053,0.4993,0.5121,0.4866,0.5053,169093.0,75626.0,93467.0,307847853.0,154227486.4018,146338551.0,73326785.7123,161509302.0,80900700.6895,25372180102.0,991525777.63,27950944187.04
2024-05-14,0.5053,0.5132,0.4972,0.5002,0.5052,0.5132,0.4972,0.5002,144779.0,65711.0,79068.0,306746811.0,154803622.0644,141367808.0,71352277.7736,165379003.0,83451344.2908,25115506657.0,1077455413.01,27673422669.18
2024-05-15,0.5002,0.5196,0.4967,0.5188,0.5002,0.5196,0.4967,0.5188,136661.0,67632.0,69029.0,323956909.0,163996243.7466,164762450.0,83393934.9846,159194459.0,80602308.762,25993212507.0,1118098628.07,28732049377.13
2024-05-16,0.5188,0.5228,0.5123,0.5157,0.5188,0.5228,0.5123,0.5157,136787.0,63208.0,73579.0,327561119.0,169549941.3106,153800264.0,79605862.5905,173760855.0,89944078.7201,25882528772.0,1152212983.27,28512456432.57
2024-05-17,0.5157,0.5292,0.5135,0.5234,0.5158,0.5292,0.5135,0.5234,123562.0,63541.0,60021.0,286496760.0,149222311.8864,143678644.0,74823239.0129,142818116.0,74399072.8735,26315221121.0,1015239691.67,28960582435.08
2024-05-18,0.5234,0.5256,0.5186,0.5213,0.5235,0.5256,0.5186,0.5213,58571.0,26057.0,32514.0,90176826.0,47112655.4979,40163730.0,20984352.0482,50013096.0,26128303.4497,26155054602.0,496850724.7,28827158333.55
2024-05-19,0.5213,0.5236,0.5063,0.5096,0.5213,0.5236,0.5063,0.5096,72307.0,33492.0,38815.0,112974578.0,58212030.835,49085000.0,25292281.2832,63889578.0,32919749.5518,25579661727.0,562911149.34,28178645674.56
2024-05-20,0.5096,0.538,0.5064,0.5377,0.5096,0.538,0.5064,0.5377,190770.0,97447.0,93323.0,404880454.0,211108604.7321,205499118.0,107174265.245,199381336.0,103934339.4871,26927719146.0,1401702874.14,29708249294.9
2024-05-21,0.5377,0.5571,0.5319,0.537,0.5377,0.5571,0.5319,0.537,247339.0,122947.0,124392.0,491396281.0,265966456.3389,234285022.0,126844602.6999,257111259.0,139121853.639,26929499085.0,1977024521.3,29689213365.76
2024-05-22,0.537,0.5383,0.5224,0.5268,0.537,0.5383,0.5224,0.5268,162091.0,71703.0,90388.0,303183587.0,161365019.6231,137112842.0,72994276.3438,166070745.0,88370743.2793,26459953231.0,1205640256.84,29110207193.94
2024-05-23,0.5268,0.5488,0.5027,0.5289,0.5268,0.5488,0.5027,0.5289,338090.0,169161.0,168929.0,585134596.0,307894786.7569,293614312.0,154503164.2371,291520284.0,153391622.5198,26456463469.0,2188558788.12,29283140599.42
2024-05-24,0.5289,0.5375,0.5168,0.536,0.5288,0.5375,0.5168,0.536,170176.0,86022.0,84154.0,322992520.0,170784784.7435,150272429.0,79447311.3353,172720091.0,91337473.4082,26878779616.0,1232280844.79,29696802161.91
2024-05-25,0.536,0.5426,0.5318,0.5416,0.5359,0.5426,0.5318,0.5416,101486.0,57519.0,43967.0,132376204.0,71152613.0006,62786261.0,33754052.8785,69589943.0,37398560.1221,27206095986.0,652679509.34,30032688497.7
2024-05-26,0.5416,0.542,0.5255,0.5283,0.5416,0.542,0.5255,0.5283,79119.0,35980.0,43139.0,108799266.0,58125721.5082,49332126.0,26354199.7255,59467140.0,31771521.7827,26566418741.0,579619778.84,29279012242.08
2024-05-27,0.5283,0.5409,0.5236,0.534,0.5283,0.5409,0.5236,0.534,143561.0,68206.0,75355.0,244982717.0,130266495.3384,120033567.0,63819125.5009,124949150.0,66447369.8375,26839815126.0,1013292525.89,29587231202.6
2024-05-28,0.534,0.5355,0.5211,0.5287,0.5339,0.5355,0.5211,0.5287,150940.0,70713.0,80227.0,282469800.0,149284045.0986,136960399.0,72388293.6419,145509401.0,76895751.4567,26563721740.0,1141481356.9,29280269684.66
2024-05-29,0.5287,0.5334,0.52,0.5238,0.5286,0.5334,0.52,0.5238,162150.0,77010.0,85140.0,316791079.0,167216243.8768,150166967.0,79254713.1144,166624112.0,87961530.7624,26336196861.0,1184420624.19,29003909344.87
2024-05-30,0.5238,0.5283,0.5127,0.5186,0.5238,0.5283,0.5127,0.5186,155622.0,75936.0,79686.0,361762802.0,188381860.4883,161403256.0,84067753.2613,200359546.0,104314107.227,26121290153.0,1329469468.98,28771039049.16
2024-05-31,0.5186,0.5259,0.5119,0.5176,0.5185,0.5259,0.5119,0.5176,133418.0,66936.0,66482.0,304398744.0,158091721.3251,141633590.0,73562747.9591,162765154.0,84528973.366,26009343892.0,1220311835.61,28712196970.97
2024-06-01,0.5176,0.5219,0.5174,0.5187,0.5176,0.5219,0.5174,0.5187,52691.0,24511.0,28180.0,88294554.0,45883952.1242,38919654.0,20223664.8297,49374900.0,25660287.2945,26087439223.0,559721132.07,28740644836.99
2024-06-02,0.5187,0.5209,0.508,0.5135,0.5187,0.5209,0.508,0.5135,76015.0,37472.0,38543.0,130902096.0,67445068.4335,61760284.0,31819953.5367,69141812.0,35625114.8968,25802972541.0,738754247.39,28472741617.34
2024-06-03,0.5135,0.5232,0.5118,0.5199,0.5135,0.5232,0.5118,0.5199,109799.0,56591.0,53208.0,237659106.0,123452735.8403,113837709.0,59138426.2795,123821397.0,64314309.5608,26160453566.0,1098641925.69,28839718483.38
2024-06-04,0.5199,0.5303,0.5182,0.5257,0.5199,0.5303,0.5182,0.5257,116750.0,60231.0,56519.0,252531633.0,132153219.6112,117808140.0,61657906.3102,134723493.0,70495313.301,26378636687.0,1165207605.35,29153833055.88
2024-06-05,0.5257,0.5326,0.524,0.5258,0.5257,0.5326,0.524,0.5258,118458.0,66237.0,52221.0,248045273.0,130755905.6584,120663308.0,63608517.3606,127381965.0,67147388.2978,26382734421.0,1154026310.31,29150602970.72
2024-06-06,0.5258,0.5281,0.5164,0.5215,0.5259,0.5281,0.5164,0.5215,128914.0,68018.0,60896.0,289657499.0,151937470.6363,136814281.0,71761917.4752,152843218.0,80175553.1611,26218992651.0,1194300808.01,28950669900.11
2024-06-07,0.5215,0.528,0.4508,0.4991,0.5214,0.528,0.4508,0.4991,303223.0,143209.0,160014.0,549543388.0,276798279.7619,271019853.0,136632205.1353,278523535.0,140166074.6266,25100918017.0,2462659926.32,27694859363.73
2024-06-08,0.4991,0.5008,0.4897,0.4926,0.4991,0.5008,0.4897,0.4926,77501.0,37370.0,40131.0,152121412.0,75330471.4663,73105986.0,36205380.1137,79015426.0,39125091.3526,24776608988.0,825177679.18,27372602016.79
2024-06-09,0.4926,0.4992,0.4909,0.4986,0.4927,0.4992,0.4909,0.4986,50688.0,27422.0,23266.0,90936082.0,45014537.6229,45126343.0,22340444.5695,45809739.0,22674093.0534,25045852848.0,635952947.96,27674416129.73
2024-06-10,0.4986,0.506,0.4933,0.4969,0.4987,0.506,0.4933,0.4969,110268.0,54770.0,55498.0,249759346.0,124411172.2496,126765743.0,63142094.8357,122993603.0,61269077.4139,24923010465.0,1117710952.3,27565904378.99
2024-06-11,0.4969,0.497,0.4707,0.4802,0.4969,0.497,0.4707,0.4802,210041.0,105943.0,104098.0,429410619.0,207619435.3427,204484460.0,98851393.276,224926159.0,108768042.0667,24121766872.0,1517249423.56,26660696140.69
2024-06-12,0.4802,0.4982,0.4742,0.4916,0.4803,0.4982,0.4742,0.4916,181418.0,90384.0,91034.0,341106347.0,166014961.9476,167895961.0,81719376.1664,173210386.0,84295585.7812,24664427265.0,1255729793.63,27283498127.94
2024-06-13,0.4916,0.4917,0.4756,0.4769,0.4917,0.4917,0.4756,0.4769,139476.0,66175.0,73301.0,290198216.0,140783932.6943,141442522.0,68633208.4904,148755694.0,72150724.2039,23968566119.0,1048059803.53,26507364562.88
2024-06-14,0.4769,0.4814,0.4601,0.4746,0.4768,0.4814,0.4601,0.4746,169231.0,83409.0,85822.0,389318737.0,184650858.7677,183341221.0,86963066.1042,205977516.0,97687792.6635,23800016535.0,1220484175.73,26355682619.7
2024-06-15,0.4746,0.5053,0.474,0.4908,0.4746,0.5053,0.474,0.4908,118080.0,61236.0,56844.0,176444562.0,85997201.5014,88506820.0,43164348.7051,87937742.0,42832852.7963,24755344065.0,770448136.79,27267909137.29
2024-06-16,0.4908,0.4997,0.4878,0.4891,0.4908,0.4997,0.4878,0.4891,97290.0,52232.0,45058.0,161562815.0,79404153.9125,78013788.0,38346030.221,83549027.0,41058123.6915,24581889031.0,692035447.03,27164625233.5
2024-06-17,0.4891,0.5213,0.4838,0.5047,0.4891,0.5213,0.4838,0.5047,376091.0,182111.0,193980.0,584945066.0,293745986.7618,275863319.0,138610957.4294,309081747.0,155135029.3324,25412893092.0,2028523218.45,28071964918.47
2024-06-18,0.5047,0.5096,0.469,0.491,0.5048,0.5096,0.469,0.491,409042.0,201709.0,207333.0,582727016.0,286321955.7681,280314015.0,137717525.8351,302413001.0,148604429.933,24663126327.0,2024283446.61,27282233200.19
2024-06-19,0.491,0.4996,0.4868,0.4933,0.4909,0.4996,0.4868,0.4933,153010.0,74285.0,78725.0,260612342.0,128534687.302,121494461.0,59920514.2336,139117881.0,68614173.0684,24778505535.0,1001252677.69,27409654566.89
2024-06-20,0.4933,0.5023,0.4883,0.4888,0.4933,0.5023,0.4883,0.4888,163315.0,76586.0,86729.0,324974220.0,161043259.5381,158154298.0,78371869.8967,166819922.0,82671389.6414,24562698588.0,1106889108.38,27181503154.2
2024-06-21,0.4888,0.4959,0.4797,0.4889,0.4888,0.4959,0.4797,0.4889,180052.0,83000.0,97052.0,336098409.0,164176087.5095,168206604.0,82167439.5675,167891805.0,82008647.942,24596743085.0,1131886817.93,27194821929.33
2024-06-22,0.4889,0.4897,0.4841,0.4866,0.489,0.4897,0.4841,0.4866,63226.0,29652.0,33574.0,79168277.0,38545568.0662,34925304.0,17001287.1462,44242973.0,21544280.92,24476005190.0,455648980.05,27064949989.21
2024-06-23,0.4866,0.4892,0.4742,0.4797,0.4867,0.4892,0.4742,0.4797,72716.0,34095.0,38621.0,95099780.0,45970390.4546,43054565.0,20810243.6024,52045215.0,25160146.8522,24119794659.0,500633865.78,26668285443.74
2024-06-24,0.4797,0.4825,0.462,0.474,0.4798,0.4825,0.462,0.474,219340.0,100224.0,119116.0,385123013.0,182515167.4053,176964389.0,83856893.2218,208158624.0,98658274.1835,23772078047.0,1322556294.02,26370953283.25
2024-06-25,0.474,0.4802,0.4731,0.4757,0.4741,0.4802,0.4731,0.4757,126044.0,60775.0,65269.0,226045665.0,107619378.893,104492694.0,49750169.8096,121552971.0,57869209.0834,23852921787.0,856021182.68,26456762760.88
2024-06-26,0.4757,0.4783,0.4652,0.4698,0.4758,0.4783,0.4652,0.4698,121215.0,57261.0,63954.0,243409484.0,115124115.2514,116042731.0,54884169.5402,127366753.0,60239945.7112,23630419227.0,886063357.43,26151262432.22
2024-06-27,0.4698,0.4771,0.4657,0.4753,0.4697,0.4771,0.4657,0.4753,130763.0,58458.0,72305.0,243549420.0,114661621.303,116685561.0,54932548.9825,126863859.0,59729072.3205,23880072852.0,840598295.29,26432738618.84
2024-06-28,0.4753,0.4811,0.4692,0.4716,0.4753,0.4811,0.4692,0.4716,158014.0,67461.0,90553.0,264186218.0,125897862.9521,122465251.0,58364550.1941,141720967.0,67533312.758,23682830301.0,937124567.35,26222815248.96
2024-06-29,0.4716,0.4768,0.4716,0.4727,0.4716,0.4768,0.4716,0.4727,49856.0,24830.0,25026.0,57959490.0,27507212.222,26580528.0,12614336.4034,31378962.0,14892875.8186,23723599888.0,402714114.02,26284555633.62
2024-06-30,0.4727,0.4784,0.4701,0.4761,0.4727,0.4784,0.4701,0.4761,65622.0,32695.0,32927.0,82862100.0,39267204.7587,38687831.0,18330274.3569,44174269.0,20936930.4018,23941307046.0,465426275.55,26478833691.99
2024-07-01,0.4761,0.4849,0.4754,0.477,0.4761,0.4849,0.4754,0.477,136698.0,63056.0,73642.0,211844474.0,101568143.7008,99136071.0,47525344.2339,112708403.0,54042799.4669,23942604831.0,813551774.31,26543363880.42
2024-07-02,0.477,0.4889,0.476,0.4853,0.4771,0.4889,0.476,0.4853,122349.0,57812.0,64537.0,226194005.0,109165036.6018,108635576.0,52422278.7411,117558429.0,56742757.8607,24357241342.0,844534842.64,26982108089.54
2024-07-03,0.4853,0.4875,0.4611,0.4672,0.4853,0.4875,0.4611,0.4672,196205.0,89813.0,106392.0,317610313.0,151782465.6494,146701728.0,70118267.8157,170908585.0,81664197.8337,23462650438.0,1275422799.29,25993102579.4
2024-07-04,0.4672,0.4697,0.4313,0.4329,0.4672,0.4697,0.4313,0.4329,256474.0,128486.0,127988.0,436420394.0,196369448.1519,206801817.0,93031492.7282,229618577.0,103337955.4237,22053359882.0,1521233429.0,24160043855.53
2024-07-05,0.4329,0.4335,0.3823,0.4251,0.433,0.4335,0.3823,0.4251,457000.0,227163.0,229837.0,728055932.0,298566810.2663,348582033.0,142908882.6576,379473899.0,155657927.6087,21390610557.0,2152542240.89,23709720139.02
2024-07-06,0.4251,0.4497,0.4235,0.4488,0.4252,0.4497,0.4235,0.4488,130521.0,63857.0,66664.0,168945863.0,73695728.8482,81710248.0,35663591.3685,87235615.0,38032137.4797,22565413797.0,723560144.53,25022621164.45
2024-07-07,0.4488,0.4495,0.4182,0.4195,0.4489,0.4495,0.4182,0.4195,151223.0,78140.0,73083.0,175785229.0,76237441.9827,82159953.0,35594529.4899,93625276.0,40642912.4928,21220372913.0,758268409.35,23393827164.85
2024-07-08,0.4195,0.4438,0.4032,0.4316,0.4196,0.4438,0.4032,0.4316,335742.0,169342.0,166400.0,528743623.0,225009965.0145,248686783.0,105857654.1077,280056840.0,119152310.9068,21686519156.0,1537507457.5,24043390478.59
2024-07-09,0.4316,0.4398,0.427,0.4356,0.4316,0.4398,0.427,0.4356,147051.0,70409.0,76642.0,289512370.0,125534601.6712,135637623.0,58813493.281,153874747.0,66721108.3902,21879000544.0,986003310.48,24290586539.76
2024-07-10,0.4356,0.4426,0.431,0.4388,0.4357,0.4426,0.431,0.4388,151264.0,75715.0,75549.0,294639692.0,128814977.5047,140086444.0,61246779.3258,154553248.0,67568198.1789,22026032556.0,967522144.02,24464532455.13
2024-07-11,0.4388,0.4573,0.4363,0.4491,0.4388,0.4573,0.4363,0.4491,204921.0,103214.0,101707.0,347547669.0,154866122.1217,177661335.0,79162997.3293,169886334.0,75703124.7924,22512955785.0,1102016669.99,25058887331.19
2024-07-12,0.4491,0.478,0.4445,0.4745,0.4491,0.478,0.4445,0.4745,345708.0,181885.0,163823.0,472984849.0,219137211.8911,242302147.0,112195534.3957,230682702.0,106941677.4954,23886064415.0,1596389224.22,26492453151.49
2024-07-13,0.4745,0.5661,0.4737,0.5257,0.4745,0.5661,0.4737,0.5257,746285.0,409799.0,336486.0,744327354.0,387770132.7423,386589048.0,201324334.4874,357738306.0,186445798.2549,26451249955.0,2857057879.57,29371947720.16
2024-07-14,0.5257,0.54,0.5136,0.5205,0.5257,0.54,0.5136,0.5205,379986.0,192399.0,187587.0,350964405.0,184831243.3429,173415063.0,91329858.0003,177549342.0,93501385.3426,26318876877.0,1570275471.85,29178535176.36
2024-07-15,0.5205,0.5404,0.5203,0.5372,0.5205,0.5404,0.5203,0.5372,356488.0,176081.0,180407.0,437376565.0,232124637.6693,211298168.0,112119406.3412,226078397.0,120005231.3281,26861253455.0,1760362203.89,30016492084.19
2024-07-16,0.5372,0.5945,0.5309,0.5793,0.5372,0.5945,0.5309,0.5793,900990.0,465859.0,435131.0,824632586.0,463817237.4793,405012066.0,227869638.3856,419620520.0,235947599.0937,28996541832.0,3380662320.27,32332260021.65
2024-07-17,0.5793,0.6378,0.5783,0.626,0.5792,0.6378,0.5783,0.626,963332.0,501420.0,461912.0,806805412.0,493351543.9464,400098321.0,244659490.8108,406707091.0,248692053.1356,31647378739.0,3708255185.76,35026490364.62
2024-07-18,0.626,0.6369,0.5575,0.5697,0.626,0.6369,0.5575,0.5697,807466.0,396643.0,410823.0,660623865.0,387629372.5607,307015719.0,180300422.7688,353608146.0,207328949.7919,28667281394.0,2986711546.65,31844588597.33
2024-07-19,0.5697,0.5867,0.54,0.5733,0.5697,0.5867,0.54,0.5733,648402.0,322757.0,325645.0,539155049.0,301703590.5542,254952075.0,142740345.3258,284202974.0,158963245.2284,28621996481.0,2340175055.41,32076908610.53
2024-07-20,0.5733,0.6047,0.5707,0.5937,0.5733,0.6047,0.5707,0.5937,413159.0,212935.0,200224.0,300097994.0,177039681.4122,147239092.0,86859020.327,152858902.0,90180661.0852,29893358444.0,1538358690.9,33246723441.72
2024-07-21,0.5937,0.608,0.5721,0.5984,0.5938,0.608,0.5721,0.5984,426022.0,214115.0,211907.0,291988877.0,172384197.7049,143085545.0,84476988.2669,148903332.0,87907209.438,29924332234.0,1489477304.65,33404772021.67
2024-07-22,0.5984,0.6229,0.5855,0.608,0.5985,0.6229,0.5855,0.608,556906.0,279531.0,277375.0,412923068.0,249627595.1045,201010103.0,121603495.5148,211912965.0,128024099.5897,30320248505.0,2052124201.46,33972674010.99
2024-07-23,0.608,0.617,0.5797,0.5975,0.608,0.617,0.5797,0.5975,511032.0,250150.0,260882.0,353756166.0,211868663.0719,162507252.0,97365369.2053,191248914.0,114503293.8666,29946567420.0,1657693154.96,33403652748.61
2024-07-24,0.5975,0.6327,0.5915,0.6179,0.5976,0.6327,0.5915,0.6179,562664.0,276905.0,285759.0,420617643.0,259346378.5534,202562957.0,124928038.9226,218054686.0,134418339.6308,30783766740.0,1933084899.09,34599686682.17
2024-07-25,0.6179,0.629,0.5844,0.5996,0.6179,0.629,0.5844,0.5996,772378.0,370556.0,401822.0,485187006.0,294688423.4857,227810586.0,138397235.0417,257376420.0,156291188.444,30076627895.0,2306853708.77,33566119190.54
2024-07-26,0.5996,0.6093,0.586,0.6034,0.5996,0.6093,0.586,0.6034,384185.0,188291.0,195894.0,268729317.0,161078432.4606,134434288.0,80580599.6832,134295029.0,80497832.7774,30267996902.0,1385845115.73,33804224174.9
2024-07-27,0.6034,0.6091,0.5833,0.5956,0.6033,0.6091,0.5833,0.5956,297345.0,137032.0,160313.0,172975781.0,103444913.3214,82219028.0,49168241.1827,90756753.0,54276672.1387,30054953752.0,1007994247.02,33397172497.31
2024-07-28,0.5956,0.6161,0.591,0.6012,0.5956,0.6161,0.591,0.6012,261276.0,129707.0,131569.0,182173334.0,109970482.6308,90343484.0,54528517.9549,91829850.0,55441964.6759,30093365591.0,916029261.72,33685321446.06
2024-07-29,0.6012,0.6124,0.5921,0.6019,0.6012,0.6124,0.5921,0.6019,290706.0,137737.0,152969.0,235245176.0,142366926.8737,108286264.0,65521747.1319,126958912.0,76845179.7418,30189761576.0,1178431460.99,33693130276.33
2024-07-30,0.6019,0.6379,0.5953,0.6277,0.6019,0.6379,0.5953,0.6277,654852.0,335669.0,319183.0,431409390.0,267991960.5994,211594683.0,131477129.3334,219814707.0,136514831.266,31446751808.0,2197505658.89,35135673613.62
2024-07-31,0.6277,0.6586,0.6217,0.623,0.6278,0.6586,0.6217,0.623,756642.0,387303.0,369339.0,473184106.0,304622609.483,222477308.0,143219828.1914,250706798.0,161402781.2916,31658015714.0,2419022402.95,34915910711.96
2024-08-01,0.623,0.6303,0.568,0.5964,0.623,0.6303,0.568,0.5964,711144.0,338451.0,372693.0,423266147.0,254368949.141,191594450.0,115012745.9934,231671697.0,139356203.1476,30021421004.0,1990603912.77,33401510419.16
2024-08-02,0.5964,0.597,0.5464,0.5607,0.5965,0.597,0.5464,0.5607,793252.0,372538.0,420714.0,410967898.0,234033498.8203,185740066.0,105730864.0607,225227832.0,128302634.7596,28244684721.0,1884164485.05,31402794355.85
2024-08-03,0.5607,0.5777,0.5406,0.5558,0.5606,0.5777,0.5406,0.5558,617511.0,295386.0,322125.0,265483095.0,148824061.0932,128342185.0,71989166.1583,137140910.0,76834894.9349,27880631050.0,1325726392.55,31157434104.42
2024-08-04,0.5558,0.559,0.5136,0.5228,0.5558,0.559,0.5136,0.5228,537001.0,256855.0,280146.0,240108087.0,128308095.8837,111553445.0,59574074.8453,128554642.0,68734021.0384,26389439093.0,1209933394.24,29309788932.99
2024-08-05,0.5228,0.5257,0.4319,0.4889,0.5229,0.5257,0.4319,0.4889,2219931.0,1082601.0,1137330.0,1250454532.0,585195701.4247,601984967.0,281778820.2179,648469565.0,303416881.2068,24922873311.0,4193893852.69,27409295015.54
2024-08-06,0.4889,0.5188,0.4877,0.5062,0.4889,0.5188,0.4877,0.5062,757849.0,375946.0,381903.0,410337831.0,208637971.4739,191877977.0,97561518.6926,218459854.0,111076452.7813,25446610046.0,1747524591.64,28318660942.28
2024-08-07,0.5062,0.6434,0.4922,0.6002,0.5062,0.6434,0.4922,0.6002,2160438.0,1054723.0,1105715.0,1000802326.0,570270974.5879,492669463.0,281835512.3152,508132863.0,288435462.2727,30680112878.0,4286385926.07,33647087894.91
2024-08-08,0.6002,0.6424,0.5785,0.6166,0.6003,0.6424,0.5785,0.6166,1482263.0,757172.0,725091.0,730482227.0,445857076.4381,356811536.0,217874668.0542,373670691.0,227982408.3839,30933165177.0,3502679662.34,34648939841.35
2024-08-09,0.6166,0.6245,0.5656,0.5805,0.6166,0.6245,0.5656,0.5805,835608.0,393552.0,442056.0,456932445.0,270130308.9509,204418551.0,120793309.4786,252513894.0,149336999.4723,29090240308.0,2024450472.78,32605102297.68
2024-08-10,0.5805,0.6022,0.5779,0.5841,0.5805,0.6022,0.5779,0.5841,450132.0,216408.0,233724.0,213745629.0,126348509.7499,105717940.0,62500622.1777,108027689.0,63847887.5722,29406924401.0,1134054567.14,32853905689.63
2024-08-11,0.5841,0.5935,0.5452,0.5528,0.5841,0.5935,0.5452,0.5528,496110.0,231171.0,264939.0,251097812.0,143140570.7283,117312074.0,66862934.0741,133785738.0,76277636.6542,27599669058.0,1202704290.7,31021863580.63
2024-08-12,0.5528,0.5795,0.5501,0.5684,0.5528,0.5795,0.5501,0.5684,555915.0,261800.0,294115.0,355253164.0,201610450.8513,169196751.0,96054583.9804,186056413.0,105555866.8709,28540355835.0,1479740403.04,31915352066.79
2024-08-13,0.5684,0.5834,0.5626,0.577,0.5683,0.5834,0.5626,0.577,476018.0,224010.0,252008.0,252380249.0,144615862.2374,119120591.0,68282332.0312,133259658.0,76333530.2062,28980949464.0,1245896254.74,32344035695.96
2024-08-14,0.577,0.5828,0.5641,0.5687,0.577,0.5828,0.5641,0.5687,418407.0,192587.0,225820.0,253532158.0,145748123.0603,117964014.0,67812015.5763,135568144.0,77936107.484,28574569371.0,1138569808.22,31939108829.97
2024-08-15,0.5687,0.5742,0.5504,0.5607,0.5687,0.5742,0.5504,0.5607,403994.0,185558.0,218436.0,267098570.0,150783279.1196,118692931.0,67006231.9243,148405639.0,83777047.1953,28183043718.0,1163264081.3,31477001959.24
2024-08-16,0.5607,0.5723,0.5535,0.5638,0.5608,0.5723,0.5535,0.5638,345760.0,157802.0,187958.0,234628410.0,132185236.4595,102836121.0,57910553.4124,131792289.0,74274683.0471,28331487800.0,1021214645.86,31676608962.01
2024-08-17,0.5638,0.571,0.5611,0.5665,0.5637,0.571,0.5611,0.5665,120744.0,56897.0,63847.0,68057519.0,38492076.6976,31965045.0,18081342.2174,36092474.0,20410734.4802,28411233577.0,481701398.75,31778172945.18
2024-08-18,0.5665,0.5845,0.5625,0.5631,0.5664,0.5845,0.5625,0.5631,177640.0,88750.0,88890.0,119904362.0,68467510.822,57869263.0,33054610.7356,62035099.0,35412900.0864,28647420364.0,633645481.02,31640690553.26
2024-08-19,0.5631,0.6091,0.5608,0.5985,0.5631,0.6091,0.5608,0.5985,540652.0,274843.0,265809.0,387069502.0,226032960.1027,191859831.0,112117078.1968,195209671.0,113915881.9059,29973063910.0,1592288723.51,33589838098.0
2024-08-20,0.5985,0.615,0.5875,0.5937,0.5984,0.615,0.5875,0.5937,459627.0,226977.0,232650.0,276882583.0,166939440.7429,126707401.0,76368900.3433,150175182.0,90570540.3996,29867614448.0,1275196278.52,33355129880.23
2024-08-21,0.5937,0.6056,0.584,0.5999,0.5937,0.6056,0.584,0.5999,468604.0,219590.0,249014.0,274275573.0,163578491.6854,126949544.0,75713248.8385,147326029.0,87865242.8469,30149170368.0,1185128570.66,33723594856.16
2024-08-22,0.5999,0.6049,0.5923,0.5976,0.6,0.6049,0.5923,0.5976,317510.0,151375.0,166135.0,207559419.0,124354601.0201,95104805.0,56974735.2326,112454614.0,67379865.7875,30021465942.0,943673178.78,33573234743.61
2024-08-23,0.5976,0.616,0.5909,0.6109,0.5977,0.616,0.5909,0.6109,410205.0,199057.0,211148.0,297079009.0,178744582.077,138438044.0,83316248.2362,158640965.0,95428333.8408,30743065052.0,1254262512.28,34339399344.02
2024-08-24,0.6109,0.631,0.6043,0.6127,0.6109,0.631,0.6043,0.6127,479354.0,241203.0,238151.0,242435317.0,149700821.9888,118229232.0,73011679.1521,124206085.0,76689142.8367,30715233687.0,1116629036.59,34444557367.12
2024-08-25,0.6127,0.614,0.595,0.6,0.6126,0.614,0.595,0.6,379249.0,185805.0,193444.0,163663049.0,98701742.4595,78764434.0,47504285.1724,84898615.0,51197457.2871,30309850800.0,871698521.49,33718501284.19
2024-08-26,0.6,0.6021,0.5782,0.5874,0.6,0.6021,0.5782,0.5874,461681.0,212130.0,249551.0,236874640.0,140151881.0769,106108518.0,62773167.8455,130766122.0,77378713.2314,29611365840.0,1118813355.95,33003209316.83
2024-08-27,0.5874,0.6003,0.5528,0.5666,0.5873,0.6003,0.5528,0.5666,604341.0,289578.0,314763.0,331644513.0,193466113.1768,154078287.0,89904042.6798,177566226.0,103562070.497,28416817413.0,1420370240.38,31884873232.58
2024-08-28,0.5666,0.5845,0.5558,0.5693,0.5667,0.5845,0.5558,0.5693,701647.0,328445.0,373202.0,312994647.0,178712747.2288,146587165.0,83684859.6625,166407482.0,95027887.5663,28636342617.0,1341866722.12,32014174448.73
2024-08-29,0.5693,0.577,0.5573,0.5619,0.5692,0.577,0.5573,0.5619,376068.0,178958.0,197110.0,209040650.0,119318759.902,95731865.0,54634318.2044,113308785.0,64684441.6976,28199876878.0,986899080.91,31616617752.05
2024-08-30,0.5619,0.5678,0.5462,0.5667,0.5618,0.5678,0.5462,0.5667,508207.0,244602.0,263605.0,258840588.0,144880198.221,124226572.0,69526140.3966,134614016.0,75354057.8244,28431978365.0,1103086707.7,31896112119.67
2024-08-31,0.5667,0.5721,0.5624,0.5662,0.5667,0.5721,0.5624,0.5662,204786.0,96670.0,108116.0,67155202.0,38071491.6847,29819202.0,16907314.3892,37336000.0,21164177.2955,28436604142.0,463303088.66,31855926577.42
2024-09-01,0.5662,0.5667,0.5434,0.5472,0.5662,0.5667,0.5434,0.5472,427935.0,209313.0,218622.0,121191438.0,67240139.7845,58115129.0,32251037.2036,63076309.0,34989102.5809,27370358910.0,681339684.17,30825091015.08
2024-09-02,0.5472,0.5688,0.5443,0.5677,0.5471,0.5688,0.5443,0.5677,403033.0,195000.0,208033.0,174750033.0,96910244.9205,84172353.0,46700482.1492,90577680.0,50209762.7713,28524085539.0,833537275.01,31927694215.38
2024-09-03,0.5677,0.5724,0.5565,0.5572,0.5677,0.5724,0.5565,0.5572,396581.0,187377.0,209204.0,179781483.0,101678841.1744,85952619.0,48614690.3727,93828864.0,53064150.8017,28216209321.0,814841749.17,31354533686.86
2024-09-04,0.5572,0.5648,0.5326,0.5579,0.5572,0.5648,0.5326,0.5579,553707.0,268084.0,285623.0,272577067.0,150462306.7639,127526991.0,70382676.3396,145050076.0,80079630.4243,28125803464.0,1106776732.5,31398315469.02
2024-09-05,0.5579,0.5598,0.5399,0.5444,0.5579,0.5598,0.5399,0.5444,412058.0,191689.0,220369.0,213816210.0,117601582.2975,98900776.0,54413383.3593,114915434.0,63188198.9382,27345604601.0,894618426.59,30611820077.97
2024-09-06,0.5444,0.5473,0.5026,0.5211,0.5445,0.5473,0.5026,0.5211,892364.0,418778.0,473586.0,382035412.0,202224802.5433,178694313.0,94600246.1544,203341099.0,107624556.3889,26162430013.0,1511246617.99,29367224020.05
2024-09-07,0.5211,0.5329,0.5197,0.5248,0.5211,0.5329,0.5197,0.5248,225912.0,105789.0,120123.0,82924642.0,43681401.2204,37763312.0,19895621.9553,45161330.0,23785779.2651,26331977004.0,560729553.24,29578147559.76
2024-09-08,0.5248,0.5316,0.5208,0.5295,0.5249,0.5316,0.5208,0.5295,217568.0,109371.0,108197.0,67909459.0,35793549.1403,33266083.0,17533877.5509,34643376.0,18259671.5894,26550717539.0,509773155.08,29815703245.62
2024-09-09,0.5295,0.5431,0.5269,0.5395,0.5295,0.5431,0.5269,0.5395,350686.0,174757.0,175929.0,168358952.0,89651583.9404,82974899.0,44196129.8263,85384053.0,45455454.1141,27122250624.0,829101046.07,30397211044.15
2024-09-10,0.5395,0.5428,0.5337,0.5408,0.5395,0.5428,0.5337,0.5408,266220.0,126757.0,139463.0,135693250.0,72985900.3095,64993292.0,34966754.0842,70699958.0,38019146.2253,27178284419.0,704956462.77,30478520682.08
2024-09-11,0.5408,0.5413,0.5231,0.5348,0.5407,0.5413,0.5231,0.5348,398094.0,182586.0,215508.0,187554599.0,99961274.4973,88309071.0,47070491.4524,99245528.0,52890783.0449,26869103965.0,894903275.66,30153468947.78
2024-09-12,0.5348,0.5884,0.5334,0.5626,0.5347,0.5884,0.5334,0.5626,756914.0,374783.0,382131.0,380827353.0,212290449.4507,190768237.0,106309424.341,190059116.0,105981025.1097,28076449788.0,1649796649.86,31721423747.59
2024-09-13,0.5626,0.5745,0.5556,0.5728,0.5625,0.5745,0.5556,0.5728,458343.0,240501.0,217842.0,270151559.0,153147135.2078,139311951.0,78970880.6096,130839608.0,74176254.5982,28606707973.0,1172399875.66,32317600960.79
2024-09-14,0.5728,0.5992,0.5704,0.5956,0.5727,0.5992,0.5704,0.5956,548100.0,282540.0,265560.0,231500545.0,135676017.5805,114850935.0,67305810.4574,116649610.0,68370207.1231,29909283794.0,1163728418.43,33617304692.37
2024-09-15,0.5956,0.5958,0.5686,0.5706,0.5956,0.5958,0.5686,0.5706,426644.0,195780.0,230864.0,126437096.0,73909574.975,57170641.0,33428141.9495,69266455.0,40481433.0255,28953753675.0,804536338.93,32194984842.15
2024-09-16,0.5706,0.5916,0.5598,0.5866,0.5706,0.5916,0.5598,0.5866,541179.0,264926.0,276253.0,247830927.0,142162473.1295,127826679.0,73344214.0357,120004248.0,68818259.0938,29281679154.0,1261024892.52,33009329085.08
2024-09-17,0.5866,0.5934,0.5789,0.5839,0.5865,0.5934,0.5789,0.5839,457917.0,229282.0,228635.0,173044465.0,101465255.3219,85819497.0,50324372.0231,87224968.0,51140883.2988,29366746403.0,1006340429.84,32957690736.5
2024-09-18,0.5839,0.5858,0.562,0.5852,0.5838,0.5858,0.562,0.5852,587717.0,287723.0,299994.0,204818640.0,117710333.4437,98432833.0,56577089.0303,106385807.0,61133244.4134,29259339993.0,1185142248.93,32999794865.12
2024-09-19,0.5852,0.5945,0.581,0.5868,0.5852,0.5945,0.581,0.5868,527562.0,270202.0,257360.0,222336927.0,130488341.6623,110751223.0,64978482.255,111585704.0,65509859.4073,29531323038.0,1232042100.52,33148367951.95
2024-09-20,0.5868,0.593,0.5763,0.5851,0.5868,0.593,0.5763,0.5851,520633.0,260946.0,259687.0,217408757.0,127110507.0887,108328342.0,63318367.0272,109080415.0,63792140.0615,29423856915.0,1225009128.4,33023808308.79
2024-09-21,0.5851,0.6128,0.58,0.5976,0.5851,0.6128,0.58,0.5976,423922.0,206776.0,217146.0,144964801.0,86324780.7721,69058299.0,41145292.1539,75906502.0,45179488.6182,30021771981.0,952605937.88,33756059309.87
2024-09-22,0.5976,0.6053,0.5778,0.5871,0.5977,0.6053,0.5778,0.5871,494352.0,233740.0,260612.0,120373196.0,71336242.2732,57363867.0,34002157.0901,63009329.0,37334085.1831,29471561320.0,886494818.51,33162100421.1
2024-09-23,0.5871,0.596,0.5787,0.5847,0.5871,0.596,0.5787,0.5847,477852.0,222475.0,255377.0,161038706.0,94683080.2949,76570280.0,45015193.7384,84468426.0,49667886.5565,29421232838.0,998093827.65,33017844745.36
2024-09-24,0.5847,0.5927,0.5814,0.5911,0.5848,0.5927,0.5814,0.5911,388897.0,189563.0,199334.0,169233403.0,99334500.6533,82524234.0,48427603.8116,86709169.0,50906896.8417,29713207205.0,988961519.67,33383567607.59
2024-09-25,0.5911,0.5957,0.5824,0.5831,0.5912,0.5957,0.5824,0.5831,340116.0,162314.0,177802.0,179932001.0,105934017.5679,84000591.0,49456767.821,95931410.0,56477249.7469,29340157259.0,995515963.56,32973536099.91
2024-09-26,0.5831,0.5964,0.5739,0.5905,0.5831,0.5964,0.5739,0.5905,413399.0,207214.0,206185.0,226481301.0,133016574.0989,107828931.0,63336429.5983,118652370.0,69680144.5006,29569143041.0,1212544780.89,33362317930.98
2024-09-27,0.5905,0.5972,0.5824,0.5888,0.5905,0.5972,0.5824,0.5888,375010.0,189860.0,185150.0,222819497.0,131204198.1735,105371832.0,62048425.1104,117447665.0,69155773.0631,29544385359.0,1236838133.61,33312546097.94
2024-09-28,0.5888,0.6259,0.5856,0.6138,0.5889,0.6259,0.5856,0.6138,779248.0,383118.0,396130.0,442520365.0,270625181.981,211480869.0,129277027.6486,231039496.0,141348154.3324,30833334292.0,2222346895.97,34775569753.76
2024-09-29,0.6138,0.6649,0.6076,0.6412,0.6139,0.6649,0.6076,0.6412,893596.0,442336.0,451260.0,442349596.0,282395798.5195,211705369.0,135125752.5603,230644227.0,147270045.9592,32144835541.0,2225645563.02,36311025791.43
2024-09-30,0.6412,0.6548,0.6088,0.6114,0.6412,0.6548,0.6088,0.6114,841620.0,411134.0,430486.0,396654376.0,251892928.3997,178439470.0,113281893.2621,218214906.0,138611035.1376,31123907008.0,2051368591.92,34588460773.21
2024-10-01,0.6114,0.6342,0.5778,0.5967,0.6114,0.6342,0.5778,0.5967,1362100.0,670463.0,691637.0,579510147.0,354187629.9135,276477758.0,168911044.8711,303032389.0,185276585.0424,30061247347.0,2724318278.42,33798115412.73
2024-10-02,0.5967,0.6069,0.5267,0.5383,0.5968,0.6069,0.5267,0.5383,1107110.0,560148.0,546962.0,634074670.0,363439241.3882,310069584.0,178052229.6196,324005086.0,185387011.7686,27356570380.0,2624852687.58,30534334736.02
2024-10-03,0.5383,0.5445,0.5068,0.5217,0.5383,0.5445,0.5068,0.5217,1086503.0,558423.0,528080.0,562879573.0,295535389.462,287179421.0,150746204.8686,275700152.0,144789184.5934,26236368762.0,2329769451.21,29523775031.77
2024-10-04,0.5217,0.539,0.51,0.534,0.5218,0.539,0.51,0.534,508323.0,266042.0,242281.0,341840613.0,179594487.2864,179500781.0,94367831.1557,162339832.0,85226656.1307,26785347945.0,1408313542.52,30223140013.73
2024-10-05,0.534,0.5352,0.526,0.5294,0.534,0.5352,0.526,0.5294,241773.0,116472.0,125301.0,107009165.0,56840743.5621,50357486.0,26747605.6616,56651679.0,30093137.9005,26618327406.0,685609429.78,29950484013.95
2024-10-06,0.5294,0.5372,0.5279,0.5336,0.5294,0.5372,0.5279,0.5336,197789.0,102329.0,95460.0,90314821.0,48080871.5717,44762521.0,23831584.4786,45552300.0,24249287.0931,26820251660.0,595405723.66,30182145760.97
2024-10-07,0.5336,0.5459,0.5286,0.5286,0.5336,0.5459,0.5286,0.5286,431933.0,208271.0,223662.0,246483895.0,132839229.9698,123425270.0,66540801.9175,123058625.0,66298428.0523,26735184366.0,1192453386.84,29975153255.19
2024-10-08,0.5286,0.5358,0.5209,0.531,0.5287,0.5358,0.5209,0.531,307960.0,151595.0,156365.0,164201090.0,86941550.2843,78684989.0,41663479.5926,85516101.0,45278070.6917,26578553919.0,906939732.94,30070339292.94
2024-10-09,0.531,0.5346,0.521,0.5245,0.531,0.5346,0.521,0.5245,257640.0,123784.0,133856.0,169687079.0,89966411.8673,81853030.0,43397628.1896,87834049.0,46568783.6777,26328865104.0,858437664.85,29700264506.01
2024-10-10,0.5245,0.545,0.5228,0.5305,0.5245,0.545,0.5228,0.5305,428818.0,210840.0,217978.0,267008101.0,141944030.2263,132414717.0,70430956.7315,134593384.0,71513073.4948,26606638010.0,1260651129.07,30020764435.31
2024-10-11,0.5305,0.5419,0.5296,0.5388,0.5305,0.5419,0.5296,0.5388,241480.0,128684.0,112796.0,196729073.0,105654597.4571,94725884.0,50867412.2191,102003189.0,54787185.238,27059403874.0,924108714.24,30491766434.65
2024-10-12,0.5388,0.5432,0.5353,0.5393,0.5387,0.5432,0.5353,0.5393,147315.0,73959.0,73356.0,83887179.0,45255241.1267,41225198.0,22242609.2485,42661981.0,23012631.8782,27107917951.0,569251511.21,30563345809.18
2024-10-13,0.5393,0.5395,0.5252,0.5321,0.5393,0.5395,0.5252,0.5321,171230.0,85055.0,86175.0,94059459.0,50039757.4125,44490791.0,23662237.1362,49568668.0,26377520.2763,26674083673.0,615540883.62,30109176112.99
2024-10-14,0.5321,0.5524,0.5282,0.5483,0.5321,0.5524,0.5282,0.5483,298059.0,149484.0,148575.0,219397937.0,118828175.9496,110049892.0,59588594.2737,109348045.0,59239581.6759,27524910200.0,1075594127.19,31042696664.34
2024-10-15,0.5483,0.5556,0.5315,0.5417,0.5484,0.5556,0.5315,0.5417,486305.0,238054.0,248251.0,283568637.0,154044066.4528,131485215.0,71435719.7262,152083422.0,82608346.7266,27119283052.0,1286412940.94,30670650257.88
2024-10-16,0.5417,0.5538,0.5375,0.5482,0.5417,0.5538,0.5375,0.5482,319898.0,159061.0,160837.0,222285502.0,121260012.753,107505222.0,58648630.7303,114780280.0,62611382.0227,27559282553.0,1085371530.05,31044218871.88
2024-10-17,0.5482,0.5666,0.5419,0.5441,0.5481,0.5666,0.5419,0.5441,490897.0,244286.0,246611.0,312103613.0,172709637.0481,149659901.0,82829618.0597,162443712.0,89880018.9884,27348940033.0,1406187768.28,30829026058.83
2024-10-18,0.5441,0.5532,0.5397,0.5465,0.5441,0.5532,0.5397,0.5465,287989.0,145526.0,142463.0,219767509.0,120070174.4039,105810445.0,57800254.56,113957064.0,62269919.8439,27430211827.0,1042238394.95,30992412669.37
2024-10-19,0.5465,0.55,0.5406,0.544,0.5465,0.55,0.5406,0.544,147718.0,72450.0,75268.0,90144479.0,49148150.6861,39832507.0,21719904.8829,50311972.0,27428245.8032,27334046108.0,603883719.47,30862032964.35
2024-10-20,0.544,0.549,0.5366,0.5482,0.544,0.549,0.5366,0.5482,195652.0,100258.0,95394.0,117461950.0,63742631.6173,55123931.0,29920468.8305,62338019.0,33822162.7868,27501074592.0,692297810.62,31054674822.1
2024-10-21,0.5482,0.5608,0.5409,0.5449,0.5482,0.5608,0.5409,0.5449,422914.0,207340.0,215574.0,283328526.0,155854758.1834,131419495.0,72303829.7852,151909031.0,83550928.3982,27378269648.0,1319986737.94,30897217683.4
2024-10-22,0.5449,0.5498,0.5291,0.5339,0.5449,0.5498,0.5291,0.5339,341139.0,180042.0,161097.0,250206589.0,134413329.191,124903041.0,67043904.6851,125303548.0,67369424.5059,26826714507.0,1120439497.42,30245983564.87
2024-10-23,0.5339,0.5341,0.5117,0.5258,0.5338,0.5341,0.5117,0.5258,310636.0,154777.0,155859.0,211146628.0,110819607.6545,104357931.0,54770320.7615,106788697.0,56049286.893,26421737659.0,982705774.96,29782746021.43
2024-10-24,0.5258,0.5338,0.5241,0.532,0.5259,0.5338,0.5241,0.532,229487.0,113683.0,115804.0,195840193.0,103669635.7471,92829818.0,49139027.1073,103010375.0,54530608.6398,26688511192.0,895039741.34,30180825026.22
2024-10-25,0.532,0.5322,0.486,0.5022,0.532,0.5322,0.486,0.5022,454046.0,224583.0,229463.0,350905027.0,180198092.5499,166910129.0,85634737.8224,183994898.0,94563354.7275,24923828944.0,1357198782.64,28514843977.92
2024-10-26,0.5022,0.5154,0.4989,0.5134,0.5022,0.5154,0.4989,0.5134,209741.0,102761.0,106980.0,121828009.0,62068050.7443,57215428.0,29130688.1516,64612581.0,32937362.5927,25766759047.0,703691733.73,29130865848.35
2024-10-27,0.5134,0.518,0.5108,0.5168,0.5135,0.518,0.5108,0.5168,112112.0,55403.0,56709.0,65734998.0,33824741.5139,31392866.0,16157119.5991,34342132.0,17667621.9148,25991726189.0,509849011.69,29336590597.98
2024-10-28,0.5168,0.5217,0.5113,0.5195,0.5168,0.5217,0.5113,0.5195,244481.0,116618.0,127863.0,159504690.0,82504218.5324,73829514.0,38181101.945,85675176.0,44323116.5874,26060649759.0,837346671.34,29498208339.48
2024-10-29,0.5195,0.5305,0.5185,0.5284,0.5195,0.5305,0.5185,0.5284,255258.0,129552.0,125706.0,220863830.0,116080622.9275,109372309.0,57486685.1612,111491521.0,58593937.7663,26499847823.0,1076280680.5,29992034572.31
2024-10-30,0.5284,0.5285,0.5194,0.5229,0.5285,0.5285,0.5194,0.5229,229039.0,122972.0,106067.0,177555669.0,92996879.94,84798825.0,44416523.3765,92756844.0,48580356.5635,26329503139.0,900858937.31,29711103306.2
2024-10-31,0.5229,0.5238,0.5031,0.5095,0.5229,0.5238,0.5031,0.5095,259527.0,125662.0,133865.0,195063825.0,100337235.6703,91164880.0,46868633.195,103898945.0,53468602.4753,25653621489.0,1015745412.04,28959606415.53
2024-11-01,0.5095,0.5244,0.5025,0.5131,0.5096,0.5244,0.5025,0.5131,422687.0,203376.0,219311.0,277144347.0,143027276.6229,134735676.0,69522066.7997,142408671.0,73505209.8232,25772861666.0,1284409585.59,29166134793.71
2024-11-02,0.5131,0.516,0.5063,0.5103,0.513,0.516,0.5063,0.5103,155367.0,75509.0,79858.0,68679320.0,35113233.8082,31124107.0,15912053.1349,37555213.0,19201180.6733,25548245876.0,527041358.8,28994628530.33
2024-11-03,0.5103,0.5111,0.4917,0.503,0.5103,0.5111,0.4917,0.503,356420.0,180267.0,176153.0,176012483.0,87962652.7113,83389298.0,41651107.2569,92623185.0,46311545.4544,25272177299.0,940842891.38,28601030708.22
2024-11-04,0.503,0.5147,0.4957,0.5035,0.503,0.5147,0.4957,0.5035,326314.0,161459.0,164855.0,211259474.0,107079103.2573,91376474.0,46306752.3147,119883000.0,60772350.9426,25214188347.0,1025432948.28,28617812810.98
2024-11-05,0.5035,0.5191,0.5019,0.514,0.5035,0.5191,0.5019,0.514,279180.0,144499.0,134681.0,190711816.0,97415686.7577,92787223.0,47384097.7526,97924593.0,50031589.0051,25865078991.0,1027346173.7,29232168029.38
2024-11-06,0.514,0.5469,0.514,0.5418,0.514,0.5469,0.514,0.5418,706591.0,368539.0,338052.0,452294069.0,241408146.257,221767523.0,118338834.8027,230526546.0,123069311.4543,27334986889.0,2211008426.11,30847084574.5
2024-11-07,0.5418,0.5785,0.5377,0.5556,0.5418,0.5785,0.5377,0.5556,626850.0,318823.0,308027.0,348528218.0,193108808.9942,170131292.0,94378168.6309,178396926.0,98730640.3633,27774354773.0,1889112042.67,31546871797.31
2024-11-08,0.5556,0.56,0.5413,0.5537,0.5556,0.56,0.5413,0.5537,444985.0,213427.0,231558.0,261155203.0,143790365.5543,118877978.0,65447358.3893,142277225.0,78343007.165,27746239368.0,1498480369.65,31509715098.18
2024-11-09,0.5537,0.562,0.5436,0.5593,0.5537,0.562,0.5436,0.5593,369722.0,182242.0,187480.0,230978970.0,127417352.0794,106085389.0,58524287.691,124893581.0,68893064.3884,28173236898.0,1238578019.05,31816864569.44
2024-11-10,0.5593,0.6187,0.5555,0.5884,0.5592,0.6187,0.5555,0.5884,1475074.0,775487.0,699587.0,712821995.0,420968960.3954,361027232.0,213138951.9453,351794763.0,207830008.4501,29528021209.0,4198897125.24,33517383371.1
2024-11-11,0.5884,0.633,0.5703,0.6207,0.5885,0.633,0.5703,0.6207,1395645.0,648786.0,746859.0,661084405.0,395399037.3729,316275618.0,189309660.6061,344808787.0,206089376.7668,30996399862.0,4066959667.0,35285114663.12
2024-11-12,0.6207,0.7398,0.5968,0.704,0.6208,0.7398,0.5968,0.704,4449252.0,2296887.0,2152365.0,1776854012.0,1176494232.7575,894780085.0,593458478.9521,882073927.0,583035753.8054,35694573765.0,11156505328.94,40242318217.59
2024-11-13,0.704,0.748,0.64,0.6898,0.7042,0.748,0.64,0.6898,3274642.0,1692979.0,1581663.0,1208545721.0,832627297.3654,598924717.0,412809414.6328,609621004.0,419817882.7326,34692805358.0,7773620798.62,39255753600.4
2024-11-14,0.6898,0.8473,0.6822,0.7736,0.6897,0.8473,0.6822,0.7736,3651388.0,1966498.0,1684890.0,1349353792.0,1007947938.2256,671358196.0,502500336.7916,677995596.0,505447601.434,38977645268.0,9458526339.42,44008304173.73
2024-11-15,0.7736,0.9279,0.7704,0.8922,0.7736,0.9279,0.7704,0.8922,4020631.0,2090737.0,1929894.0,1413430891.0,1204261039.4699,718324615.0,612148620.5869,695106276.0,592112418.883,44811791827.0,11738281622.73,50787886167.99
2024-11-16,0.8922,1.2698,0.8778,1.1209,0.8921,1.2698,0.8778,1.1209,8052630.0,4462903.0,3589727.0,2373030780.0,2568822464.7048,1213480929.0,1312273056.0263,1159549851.0,1256549408.6785,57225435000.0,22568823580.35,63711060613.92
2024-11-17,1.1209,1.1603,1.0026,1.0543,1.1208,1.1603,1.0026,1.0543,3643640.0,1957411.0,1686229.0,1245814358.0,1332901319.8997,614123237.0,657681935.7748,631691121.0,675219384.1249,53591425873.0,12066098150.74,60025087547.81
2024-11-18,1.0543,1.1865,1.0543,1.1137,1.0545,1.1865,1.0543,1.1137,3537780.0,1670957.0,1866823.0,941344489.0,1064978324.571,466867122.0,528481458.2474,474477367.0,536496866.3236,56259685779.0,9978319004.88,63643084553.26
2024-11-19,1.1137,1.148,1.0688,1.1003,1.1138,1.148,1.0688,1.1003,1750208.0,866566.0,883642.0,562678894.0,619965971.0097,269596425.0,297080347.9989,293082469.0,322885623.0108,55302395221.0,5884163705.11,62734956393.38
2024-11-20,1.1003,1.151,1.0556,1.1041,1.1004,1.151,1.0556,1.1041,1806245.0,951982.0,854263.0,609804658.0,673862209.4399,303654108.0,335807405.3517,306150550.0,338054804.0882,55685578970.0,6409028713.65,62755593014.88
2024-11-21,1.1041,1.2643,1.0774,1.247,1.1042,1.2643,1.0774,1.247,2873812.0,1465540.0,1408272.0,1050788977.0,1211740794.9622,520711623.0,600614779.2029,530077354.0,611126015.7593,60796647108.0,10451562187.86,71177670946.92
2024-11-22,1.247,1.5,1.247,1.4726,1.2471,1.5,1.247,1.4726,4892084.0,2618661.0,2273423.0,1597772473.98,2243532362.04822,795189505.57,1116533176.08338,802582968.41,1126999185.96486,73253036871.0,19984456168.5,83733145933.25
2024-11-23,1.4726,1.63,1.4033,1.4685,1.4726,1.63,1.4033,1.4685,4062387.0,2290156.0,1772231.0,1243933645.71,1907103196.37452,618615378.43,949419553.646239,625318267.28,957683642.728284,74403366260.0,15468388183.18,83731293273.83
2024-11-24,1.4685,1.513,1.2775,1.4331,1.4686,1.513,1.2775,1.4331,2943646.0,1357239.0,1586407.0,960628070.0,1339319912.6698,455599969.0,634771758.2064,505028101.0,704548154.4634,72728510901.0,11863424377.05,81624797886.49
2024-11-25,1.4331,1.5393,1.355,1.4142,1.4334,1.5393,1.355,1.4142,2715327.0,1233291.0,1482036.0,912385354.0,1323332053.1164,440693454.0,639476136.423,471691900.0,683855916.6934,71699702946.0,11517571350.21,80677514038.03
2024-11-26,1.4142,1.4588,1.2833,1.3984,1.4142,1.4588,1.2833,1.3984,2955609.0,1520591.0,1435018.0,777417208.0,1068658916.8656,384420696.0,528447447.9399,392996512.0,540211468.9257,70365387767.0,9378581137.72,79873183625.28
2024-11-27,1.3984,1.5217,1.3524,1.4696,1.3984,1.5217,1.3524,1.4696,2119326.0,745663.0,1373663.0,594887636.0,858258348.0475,287788682.0,415132146.267,307098954.0,443126201.7805,73894567708.0,7766481601.85,83950603431.04
2024-11-28,1.4696,1.5465,1.4292,1.5421,1.4696,1.5465,1.4292,1.5421,1989520.0,849800.0,1139720.0,440541778.0,649688261.1702,217154910.0,320594236.599,223386868.0,329094024.5712,76935119493.0,5820667101.24,87935391291.01
2024-11-29,1.5421,1.8149,1.5233,1.8006,1.542,1.8149,1.5233,1.8006,3970605.0,2040817.0,1929788.0,1055874162.77,1761609239.79369,532046118.53,887711547.773234,523828044.24,873897692.020411,89583913594.0,14734827153.69,102505288526.38
2024-11-30,1.8006,1.9575,1.7635,1.9513,1.8005,1.9575,1.7635,1.9513,4673220.0,2477983.0,2195237.0,1118556534.97,2096903381.53393,561348829.81,1052960596.51975,557207705.16,1043942785.01418,97134430756.0,16537204318.84,110914167221.27
2024-12-01,1.9513,2.35,1.8475,2.2937,1.9514,2.35,1.8475,2.2937,5114663.0,2576364.0,2538299.0,1171510986.43,2385698260.92978,605888681.99,1236259569.43613,565622304.44,1149438691.49367,108332492782.0,18321198112.71,132401816051.76
2024-12-02,2.2937,2.8723,2.2011,2.7245,2.2937,2.8723,2.2011,2.7245,8939668.0,4685296.0,4254372.0,2543716698.49,6398460707.91403,1284591718.12,3232097873.66087,1259124980.37,3166362834.25318,139596174126.0,51723383809.08,154833155059.53
2024-12-03,2.7245,2.9092,2.25,2.5102,2.7244,2.9092,2.25,2.5102,7807844.0,3960333.0,3847511.0,1955605237.21,5069619948.33681,973129073.21,2526194431.84582,982476164.0,2543425516.491,130808825902.0,43498034453.03,144087179578.45
2024-12-04,2.5102,2.68,2.28,2.3574,2.5103,2.68,2.28,2.3574,4989874.0,2306167.0,2683707.0,1127878148.0,2806170530.8602,546731661.0,1362070839.7629,581146487.0,1444099691.0973,119038819152.0,22033216003.08,134324762498.12
2024-12-05,2.3574,2.4942,2.1743,2.2446,2.3574,2.4942,2.1743,2.2446,4313201.0,1952832.0,2360369.0,1095218093.0,2553726598.6946,539644848.0,1259397824.8715,555573245.0,1294328773.8231,114137859306.0,21253973296.08,131109469087.81
2024-12-06,2.2446,2.4637,2.2252,2.4257,2.2445,2.4637,2.2252,2.4257,2889656.0,1491468.0,1398188.0,671195786.0,1570287414.952,333422833.0,780595326.9484,337772953.0,789692088.0036,121763089292.0,13380810341.34,138494675251.19
2024-12-07,2.4257,2.6196,2.384,2.6099,2.4257,2.6196,2.384,2.6099,3407654.0,1681511.0,1726143.0,541326545.0,1345487946.9721,268635887.0,667975874.0639,272690658.0,677512072.9082,128077413619.0,12359080774.41,149449831182.87
2024-12-08,2.6099,2.6469,2.4843,2.6013,2.6099,2.6469,2.4843,2.6013,3445425.0,1765689.0,1679736.0,456273582.0,1172409461.2909,226816028.0,582826814.7006,229457554.0,589582646.5903,129793202750.0,10558694953.33,148979151280.3
2024-12-09,2.6013,2.6076,2.0012,2.2124,2.6013,2.6076,2.0012,2.2124,5011024.0,2333223.0,2677801.0,991793616.0,2321117255.8532,485732593.0,1138321498.0457,506061023.0,1182795757.8075,111779692329.0,19372805326.9,126756639868.54
2024-12-10,2.2124,2.42,1.9,2.3709,2.2124,2.42,1.9,2.3709,6632184.0,2919246.0,3712938.0,1376683984.0,2974339782.9316,680998766.0,1472913790.7376,695685218.0,1501425992.194,117464429766.0,26630797340.94,135328392118.93
2024-12-11,2.3709,2.4703,2.2303,2.3941,2.3708,2.4703,2.2303,2.3941,3510035.0,1409383.0,2100652.0,696138801.0,1644764788.996,340393465.0,804653332.4011,355745336.0,840111456.5949,122242957157.0,14234882608.37,137084477674.63
2024-12-12,2.3941,2.484,2.308,2.3384,2.3942,2.484,2.308,2.3384,2632745.0,1088040.0,1544705.0,528351934.0,1271981639.9824,257569812.0,620507544.2488,270782122.0,651474095.7336,117106427131.0,10907030447.12,133975578865.59
2024-12-13,2.3384,2.4788,2.284,2.4217,2.3385,2.4788,2.284,2.4217,2297713.0,976567.0,1321146.0,468083967.0,1118328085.7842,230433137.0,550329815.1275,237650830.0,567998270.6567,121876177560.0,9425468611.5,138470090851.11
2024-12-14,2.4217,2.5319,2.3548,2.4005,2.4218,2.5319,2.3548,2.4005,1949933.0,864723.0,1085210.0,347447120.0,846025555.0811,171865256.0,418962119.4576,175581864.0,427063435.6235,120378980578.0,7815885533.68,137176691643.88
2024-12-15,2.4005,2.473,2.3677,2.4469,2.4006,2.473,2.3677,2.4469,1570186.0,691270.0,878916.0,275970977.0,666829508.9957,134246754.0,324380135.7603,141724223.0,342449373.2354,121078123868.0,6045150093.91,139938660156.77
2024-12-16,2.4469,2.5872,2.3333,2.4841,2.447,2.5872,2.3333,2.4841,3250580.0,1529290.0,1721290.0,603893921.0,1484486729.0995,298252127.0,733300540.1987,305641794.0,751186188.9008,125733612406.0,12061755484.82,142317600201.06
2024-12-17,2.4841,2.7281,2.4401,2.5673,2.4842,2.7281,2.4401,2.5673,4605205.0,2366480.0,2238725.0,745688394.0,1939849488.1879,381086047.0,991961609.6925,364602347.0,947887878.4954,128215158576.0,17019845093.14,146700115733.62
2024-12-18,2.5673,2.5921,2.2478,2.3103,2.5672,2.5921,2.2478,2.3103,3541428.0,1716842.0,1824586.0,759860891.0,1865326386.8297,372046031.0,914168422.3019,387814860.0,951157964.5278,117034881498.0,19855585018.12,131721067955.85
2024-12-19,2.3103,2.4317,2.1595,2.239,2.3102,2.4317,2.1595,2.239,3366704.0,1639215.0,1727489.0,811210695.0,1861735899.8107,393681488.0,904116557.155,417529207.0,957619342.6557,113805540964.0,23020304510.59,128753851209.32
2024-12-20,2.239,2.355,1.9601,2.2793,2.2391,2.355,1.9601,2.2793,4550864.0,2297096.0,2253768.0,1110347016.0,2413652844.3876,546277132.0,1187930319.6384,564069884.0,1225722524.7492,114707354730.0,26858734292.3,130357944215.39
2024-12-21,2.2793,2.3858,2.1915,2.238,2.2793,2.3858,2.1915,2.238,1913665.0,957107.0,956558.0,451599864.0,1028141511.9217,217812253.0,496033866.995,233787611.0,532107644.9267,111539981953.0,14987697761.72,128119020133.34
2024-12-22,2.238,2.2938,2.1604,2.2031,2.2379,2.2938,2.1604,2.2031,1268046.0,621174.0,646872.0,310318499.0,691300978.408,152709222.0,340111247.4974,157609277.0,351189730.9106,110882400900.0,11275662704.83,125923128093.43
2024-12-23,2.2031,2.2789,2.1308,2.2617,2.2032,2.2789,2.1308,2.2617,1350894.0,662715.0,688179.0,388820902.0,853238655.7111,188879907.0,414571729.6873,199940995.0,438666926.0238,113305139394.0,10144129668.05,129234842661.84
2024-12-24,2.2617,2.3507,2.2138,2.3238,2.2616,2.3507,2.2138,2.3238,784459.0,389819.0,394640.0,249021066.0,569493372.0705,117955772.0,269742976.753,131065294.0,299750395.3175,116981247813.0,5976090472.17,133090815327.25
2024-12-25,2.3238,2.3325,2.2615,2.2973,2.3238,2.3325,2.2615,2.2973,620228.0,275421.0,344807.0,162014998.0,371772271.3074,75098648.0,172326908.8555,86916350.0,199445362.4519,115541840827.0,3967858676.65,131445476912.91
2024-12-26,2.2973,2.3164,2.1277,2.1559,2.2973,2.3164,2.1277,2.1559,1162580.0,540808.0,621772.0,266397920.0,584690463.4899,124397646.0,273228177.4267,142000274.0,311462286.0632,107919440428.0,5466927247.28,123680579861.7
2024-12-27,2.1559,2.2379,2.1149,2.1466,2.1559,2.2379,2.1149,2.1466,989067.0,484039.0,505028.0,254236575.0,552171658.2544,119528642.0,259770392.123,134707933.0,292401266.1314,107767180453.0,5426840158.93,122953566138.72
2024-12-28,2.1466,2.2076,2.1343,2.1843,2.1467,2.2076,2.1343,2.1843,490662.0,238162.0,252500.0,106144470.0,230698893.1437,49557554.0,107753451.4456,56586916.0,122945441.6981,109924999304.0,2759395789.43,125202117997.73
2024-12-29,2.1843,2.1976,2.0711,2.0942,2.1843,2.1976,2.0711,2.0942,551740.0,264621.0,287119.0,129587392.0,277622074.0076,57333309.0,122967669.9854,72254083.0,154654404.0222,104995590093.0,3053146361.92,120170454381.05
2024-12-30,2.0942,2.1526,1.9954,2.0587,2.0941,2.1526,1.9954,2.0587,1395822.0,689714.0,706108.0,326304793.0,674750374.331,153711217.0,318021822.6276,172593576.0,356728551.7034,103251767379.0,6671570513.41,118124149020.16
2024-12-31,2.0587,2.1491,2.0126,2.0836,2.0587,2.1491,2.0126,2.0836,979432.0,462689.0,516743.0,202867597.0,421967928.6518,95256012.0,198358445.4894,107611585.0,223609483.1624,104568704434.0,4725443243.95,119420209569.32
2025-01-01,2.0836,2.3545,2.0811,2.3328,2.0836,2.3545,2.0811,2.3328,1403523.0,710753.0,692770.0,340770274.0,760832060.3151,172730136.0,385505187.5409,168040138.0,375326872.7742,117987996790.0,7677226237.08,133329996332.97
2025-01-02,2.3328,2.4522,2.3297,2.4024,2.3329,2.4522,2.3297,2.4024,1580048.0,787886.0,792162.0,361196381.0,865949775.7157,176197020.0,422542683.7391,184999361.0,443407091.9766,120683553628.0,8345904441.73,137978311890.63
2025-01-03,2.4024,2.4798,2.3966,2.4547,2.4024,2.4798,2.3966,2.4547,1277666.0,660665.0,617001.0,233672728.0,569422075.2811,115684473.0,281915201.2595,117988255.0,287506874.0216,123191420778.0,5804528036.25,140821382266.77
2025-01-04,2.4547,2.509,2.3999,2.4201,2.4546,2.509,2.3999,2.4201,1037882.0,514860.0,523022.0,179793926.0,440309558.1877,92266324.0,226298612.3335,87527602.0,214010945.8542,121616122938.0,4395986073.34,138908619468.84
2025-01-05,2.4201,2.4285,2.3273,2.3994,2.4201,2.4285,2.3273,2.3994,1004398.0,505633.0,498765.0,155537860.0,370016358.6036,75238874.0,178995628.6171,80298986.0,191020729.9865,120807148432.0,4125625773.45,137768791538.76
2025-01-06,2.3994,2.4584,2.3674,2.42,2.3993,2.4584,2.3674,2.42,1362403.0,696208.0,666195.0,194293277.0,468861826.3566,96782056.0,233565957.3351,97511221.0,235295869.0215,121088972726.0,4383804465.99,138957427925.63
2025-01-07,2.42,2.4683,2.2572,2.2712,2.42,2.4683,2.2572,2.2712,2103134.0,1047228.0,1055906.0,342477338.0,806352782.1044,163078786.0,384286875.4551,179398552.0,422065906.6493,114931507140.0,7375576965.86,130544949031.21
2025-01-08,2.2712,2.3986,2.2001,2.3731,2.2712,2.3986,2.2001,2.3731,2658449.0,1332904.0,1325545.0,401036029.0,926470982.8333,198096518.0,457806836.4431,202939511.0,468664146.3902,119585701334.0,8537147722.99,136459167667.25
2025-01-09,2.3731,2.3956,2.2351,2.2722,2.373,2.3956,2.2351,2.2722,2023830.0,999009.0,1024821.0,294585086.0,679791974.642,143349174.0,330873563.9827,151235912.0,348918410.6593,114822202123.0,6033281189.05,130706166819.3
2025-01-10,2.2722,2.3699,2.2465,2.3414,2.2722,2.3699,2.2465,2.3414,1750697.0,864058.0,886639.0,248018278.0,570867396.723,123470779.0,284190360.4484,124547499.0,286677036.2746,117640942687.0,5315424124.83,134720520185.87
2025-01-11,2.3414,2.6036,2.3249,2.5764,2.3414,2.6036,2.3249,2.5764,2062973.0,1041595.0,1021378.0,349172496.0,860275796.7852,174913645.0,431462023.8134,174258851.0,428813772.9718,128430380482.0,7962865928.38,148147640818.67
2025-01-12,2.5764,2.5835,2.47,2.5046,2.5764,2.5835,2.47,2.5046,1690594.0,867465.0,823129.0,222912333.0,561787996.9803,108970788.0,274693060.8611,113941545.0,287094936.1192,124927525565.0,5572029190.22,144099223181.94
2025-01-13,2.5046,2.5634,2.3297,2.5232,2.5045,2.5634,2.3297,2.5232,3173708.0,1590326.0,1583382.0,515356746.0,1264512280.7045,258555447.0,634762394.3991,256801299.0,629749886.3054,127165590231.0,10540895915.47,145048883932.18
2025-01-14,2.5232,2.7,2.5126,2.6673,2.5232,2.7,2.5126,2.6673,2369127.0,1215668.0,1153459.0,397227342.0,1032281639.4498,200394637.0,520816749.8642,196832705.0,511464889.5856,134228965513.0,8454377084.92,153458727146.6
2025-01-15,2.6673,3.2,2.6492,3.1429,2.6673,3.2,2.6492,3.1429,6520615.0,3230438.0,3290177.0,1062630122.23,3077399206.08028,548082481.47,1587665774.31833,514547640.76,1489733431.76195,154781074846.0,22195175229.8,181413267520.05
2025-01-16,3.1429,3.4,2.9228,3.2451,3.143,3.4,2.9228,3.2451,7670634.0,3846525.0,3824109.0,1110371222.2,3552620342.31168,561414637.2,1795860202.70749,548956585.0,1756760139.6042,162392270881.0,26379764731.06,186815065080.46
2025-01-17,3.2451,3.3544,3.1758,3.2922,3.245,3.3544,3.1758,3.2922,3804175.0,1843983.0,1960192.0,529933494.0,1732354391.4355,255909175.0,837031735.9802,274024319.0,895322655.4553,164504681990.0,13511699686.0,189885961094.07
2025-01-18,3.2922,3.2996,3.058,3.2697,3.2923,3.2996,3.058,3.2697,3479613.0,1742675.0,1736938.0,458088944.0,1458009309.0717,221479121.0,705255693.7778,236609823.0,752753615.2939,161276322197.0,11851170238.18,188465002183.52
2025-01-19,3.2697,3.2929,2.8277,2.9587,3.2697,3.2929,2.8277,2.9587,5302553.0,2541608.0,2760945.0,663328805.0,2059430331.7526,293914462.0,912980838.4607,369414343.0,1146449493.2919,150203019566.0,14986676961.59,170065662494.56
2025-01-20,2.9587,3.3695,2.909,3.1053,2.9586,3.3695,2.909,3.1053,6049584.0,3019766.0,3029818.0,838761258.0,2662458999.8704,411441377.0,1306434012.0448,427319881.0,1356024987.8256,157987808063.0,21508103945.8,178440161683.13
2025-01-21,3.1053,3.246,3.0124,3.1738,3.1053,3.246,3.0124,3.1738,3502167.0,1744963.0,1757204.0,376423502.0,1176436619.5296,184850058.0,577794116.2295,191573444.0,598642503.3001,158895228780.0,10358506190.1,182445585785.73
2025-01-22,3.1738,3.2854,3.1237,3.1803,3.1739,3.2854,3.1237,3.1803,2877227.0,1358374.0,1518853.0,291761274.0,933005266.3769,146379540.0,468329022.5312,145381734.0,464676243.8457,159472059540.0,8091948883.97,182540079363.2
2025-01-23,3.1803,3.1868,3.0374,3.1194,3.1802,3.1868,3.0374,3.1194,3149510.0,1464452.0,1685058.0,305314846.0,951855494.0834,151385875.0,472071948.9241,153928971.0,479783545.1593,157147081666.0,8450732275.57,179590097656.63
2025-01-24,3.1194,3.2031,3.055,3.1009,3.1194,3.2031,3.055,3.1009,2520376.0,1146233.0,1374143.0,232626964.0,731330547.6169,118046873.0,371172588.8893,114580091.0,360157958.7276,155173519916.0,6847580393.96,178888518107.45
2025-01-25,3.1009,3.1446,3.0784,3.108,3.1008,3.1446,3.0784,3.108,1251074.0,581300.0,669774.0,99489857.0,310069024.4943,48417506.0,150913578.4148,51072351.0,159155446.0795,157009629694.0,3304586595.51,179246975252.32
2025-01-26,3.108,3.1443,3.0115,3.0223,3.1079,3.1443,3.0115,3.0223,1260024.0,572306.0,687718.0,128937813.0,399929472.8279,59077810.0,183283942.0887,69860003.0,216645530.7392,154696102986.0,3480601701.98,174435420851.25
2025-01-27,3.0223,3.0587,2.6559,3.0552,3.0222,3.0587,2.6559,3.0552,5675648.0,2823113.0,2852535.0,660056174.0,1900074942.1515,323855013.0,932990486.1409,336201161.0,967084456.0106,152490552905.0,15974106216.37,176007898509.79
2025-01-28,3.0552,3.214,3.0062,3.0572,3.0552,3.214,3.0062,3.0572,3656027.0,1618304.0,2037723.0,369470786.0,1152177187.4389,183889070.0,573643111.7222,185581716.0,578534075.7167,154309754667.0,9497347682.77,176445413354.77
2025-01-29,3.0572,3.1363,2.9673,3.0683,3.0572,3.1363,2.9673,3.0683,2883316.0,1317647.0,1565669.0,254756655.0,781733902.2928,129014242.0,395974250.8385,125742413.0,385759651.4543,154600084886.0,6882287654.34,176866396456.35
2025-01-30,3.0683,3.1544,3.0466,3.1276,3.0683,3.1544,3.0466,3.1276,1397662.0,639857.0,757805.0,173143314.0,539405335.0565,84974904.0,264684482.5614,88168410.0,274720852.4951,158096158913.0,4868674752.17,180672981607.1
2025-01-31,3.1276,3.1333,3.003,3.0361,3.1276,3.1333,3.003,3.0361,1501610.0,754978.0,746632.0,162235322.0,498266349.8299,83100619.0,255224444.4982,79134703.0,243041905.3317,152639558737.0,4520254154.6,175153821625.18
2025-02-01,3.0361,3.0727,2.8281,2.8778,3.0361,3.0727,2.8281,2.8778,1758090.0,813067.0,945023.0,173601404.0,514185531.7884,82484050.0,244481022.3146,91117354.0,269704509.4738,143510535958.0,4886927800.3,166444283425.86
2025-02-02,2.8778,2.9559,2.4603,2.58,2.8779,2.9559,2.4603,2.58,6446056.0,2983509.0,3462547.0,684089012.0,1833042745.5623,330505088.0,885006286.2556,353583924.0,948036459.3067,129496706754.0,15654662797.97,148863820211.64
2025-02-03,2.58,2.7814,1.7711,2.7001,2.5801,2.7814,1.7711,2.7001,11491889.0,5700962.0,5790927.0,1866759208.0,4362784314.1035,916458963.0,2144743644.0376,950300245.0,2218040670.0659,136132362048.0,36745099580.93,155875584976.63
2025-02-04,2.7001,2.7874,2.4209,2.5274,2.7,2.7874,2.4209,2.5274,4335952.0,2147172.0,2188780.0,621552965.0,1611405680.33,303205590.0,786033247.0797,318347375.0,825372433.2503,126645844719.0,14154535566.29,146300274740.98
2025-02-05,2.5274,2.5692,2.3384,2.381,2.5275,2.5692,2.3384,2.381,2444787.0,1241415.0,1203372.0,338815093.0,835666325.0093,164564007.0,406097698.1754,174251086.0,429568626.8339,119126494172.0,7724989243.37,137465149600.56
2025-02-06,2.381,2.4699,2.2772,2.325,2.381,2.4699,2.2772,2.325,2493240.0,1252624.0,1240616.0,322896937.0,765674914.4537,158040941.0,374879168.7751,164855996.0,390795745.6786,116697283369.0,7292152784.04,134407432698.83
2025-02-07,2.325,2.542,2.2655,2.3968,2.3251,2.542,2.2655,2.3968,3109058.0,1545541.0,1563517.0,447487945.0,1081213105.8638,220189588.0,532341867.1087,227298357.0,548871238.7551,119991537296.0,9288664505.4,138261858197.85
2025-02-08,2.3968,2.4372,2.3506,2.419,2.3969,2.4372,2.3506,2.419,1258770.0,631646.0,627124.0,154717204.0,371554857.0273,77226989.0,185503788.4667,77490215.0,186051068.5606,121905457376.0,3995500227.55,140036627254.2
2025-02-09,2.419,2.5079,2.3113,2.3928,2.419,2.5079,2.3113,2.3928,1407359.0,703992.0,703367.0,204205603.0,493229868.4024,100298440.0,242504200.8348,103907163.0,250725667.5676,119496270107.0,4806376235.9,138451940325.39
2025-02-10,2.3928,2.4733,2.3235,2.4237,2.3928,2.4733,2.3235,2.4237,1753923.0,818584.0,935339.0,207257933.0,498991376.0799,104617691.0,251850787.3536,102640242.0,247140588.7263,121234062486.0,4740495320.8,139944112806.41
2025-02-11,2.4237,2.529,2.3708,2.4131,2.4238,2.529,2.3708,2.4131,2008342.0,859964.0,1148378.0,248182176.0,610136390.0508,125001533.0,307404726.5371,123180643.0,302731663.5137,121870975793.0,5368991524.86,139451439187.05
2025-02-12,2.4131,2.4962,2.3323,2.4734,2.413,2.4962,2.3323,2.4734,1892950.0,829813.0,1063137.0,227957636.0,549253249.7923,114506144.0,275874355.8942,113451492.0,273378893.8981,124153867479.0,5462469809.31,142837682597.42
2025-02-13,2.4734,2.6061,2.4154,2.5599,2.4734,2.6061,2.4154,2.5599,1847589.0,820266.0,1027323.0,212478703.0,527319051.3815,105873934.0,262862917.0583,106604769.0,264456134.3232,127161697379.0,5041669574.19,148160965500.45
2025-02-14,2.5599,2.8356,2.53,2.7384,2.56,2.8356,2.53,2.7384,3930531.0,1791894.0,2138637.0,407541122.0,1099747748.5297,207147002.0,558746250.594,200394120.0,541001497.9357,137343473453.0,8841598608.47,158428702297.82
2025-02-15,2.7384,2.8335,2.713,2.7619,2.7384,2.8335,2.713,2.7619,1962398.0,870934.0,1091464.0,184181907.0,512007575.2376,91568097.0,254510769.2375,92613810.0,257496806.0001,138527553529.0,4633704308.76,159669777581.59
2025-02-16,2.7619,2.8054,2.6879,2.7283,2.7619,2.8054,2.6879,2.7283,1355421.0,580197.0,775224.0,132387997.0,364119985.9186,61790121.0,170050945.4324,70597876.0,194069040.4862,137425933617.0,3431117271.92,157733057291.41
2025-02-17,2.7283,2.7648,2.6075,2.6599,2.7283,2.7648,2.6075,2.6599,1923364.0,902929.0,1020435.0,212813356.0,569177522.7938,102496486.0,274292247.2483,110316870.0,294885275.5455,133162814947.0,4782836287.41,153697055091.22
2025-02-18,2.6599,2.6699,2.4693,2.5628,2.6599,2.6699,2.4693,2.5628,2271670.0,1158286.0,1113384.0,227170019.0,582472946.2462,110114306.0,282463541.3288,117055713.0,300009404.9174,128871338982.0,5357974218.53,147955681203.0
2025-02-19,2.5628,2.747,2.5121,2.7378,2.5629,2.747,2.5121,2.7378,1780798.0,914259.0,866539.0,208222691.0,545032758.8183,106116991.0,277755837.4483,102105700.0,267276921.37,136976713915.0,5175151198.14,158470446432.19
2025-02-20,2.7378,2.749,2.6671,2.6877,2.7378,2.749,2.6671,2.6877,1348665.0,672827.0,675838.0,161213675.0,435621246.1541,81112172.0,219177503.6063,80101503.0,216443742.5478,135389502948.0,4310522382.14,155763779981.2
2025-02-21,2.6877,2.716,2.5076,2.5721,2.6878,2.716,2.5076,2.5721,2010767.0,1013506.0,997261.0,257754207.0,674793413.9233,125454025.0,328549097.7542,132300182.0,346244316.1691,128881790922.0,5895816749.58,148780308052.93
2025-02-22,2.5721,2.6099,2.5505,2.574,2.5722,2.6099,2.5505,2.574,650453.0,320392.0,330061.0,92516652.0,238844803.0007,42928150.0,110869708.0615,49588502.0,127975094.9392,129676484371.0,2384435690.47,149101963170.45
2025-02-23,2.574,2.6016,2.5201,2.5763,2.574,2.6016,2.5201,2.5763,703256.0,331122.0,372134.0,91398009.0,234022514.1027,43695131.0,111904151.4748,47702878.0,122118362.6279,128707902690.0,2469949788.21,149177588638.07
2025-02-24,2.5763,2.609,2.2336,2.2783,2.5763,2.609,2.2336,2.2783,2517960.0,1245512.0,1272448.0,351034781.0,849040644.8015,165921057.0,401686487.9423,185113724.0,447354156.8592,114232790031.0,7075894526.1,131865273491.01
2025-02-25,2.2783,2.3663,2.0637,2.3222,2.2784,2.3663,2.0637,2.3222,5941964.0,2980117.0,2961847.0,762421577.0,1687911041.6206,379352257.0,840317371.0039,383069320.0,847593670.6167,116913655032.0,13317860642.1,134342002891.5
2025-02-26,2.3222,2.3314,2.1507,2.1982,2.3222,2.3314,2.1507,2.1982,2839319.0,1395703.0,1443616.0,364125565.0,817894826.1718,173221927.0,388990998.6499,190903638.0,428903827.5219,110538846441.0,6752125996.08,126916120782.7
2025-02-27,2.1982,2.2577,2.1453,2.1985,2.1983,2.2577,2.1453,2.1985,1932381.0,969365.0,963016.0,229741926.0,505961815.8416,115390979.0,254213325.9398,114350947.0,251748489.9018,110516895101.0,4837539998.38,127410613886.07
2025-02-28,2.1985,2.2017,1.951,2.1453,2.1985,2.2017,1.951,2.1453,3661569.0,1854396.0,1807173.0,463166339.0,957869589.5801,226338375.0,467851252.923,236827964.0,490018336.6571,107624116636.0,8544047699.47,124337498665.66
2025-03-01,2.1453,2.2199,2.1214,2.1916,2.1454,2.2199,2.1214,2.1916,1047670.0,493072.0,554598.0,145588191.0,316213252.1932,67859376.0,147488691.8189,77728815.0,168724560.3743,109881177360.0,3300928949.01,126944367032.32
2025-03-02,2.1916,2.999,2.1735,2.9396,2.1917,2.999,2.1735,2.9396,6201418.0,3151753.0,3049665.0,806955619.0,2163390347.287,411034540.0,1102856444.3514,395921079.0,1060533902.9356,146536900454.0,17441097425.85,170201127517.84
2025-03-03,2.9396,2.9676,2.2976,2.3873,2.9395,2.9676,2.2976,2.3873,6149375.0,3140538.0,3008837.0,770790136.0,2001737322.1551,373926373.0,970893032.5538,396863763.0,1030844289.6013,121055539320.0,14497390959.52,138251556399.82
2025-03-04,2.3873,2.5388,2.2123,2.4543,2.3873,2.5388,2.2123,2.4543,3775756.0,1882744.0,1893012.0,569915093.0,1355169063.3158,279432752.0,664738569.8529,290482341.0,690430493.4629,123658265807.0,11265947030.52,142275591179.13
2025-03-05,2.4543,2.5409,2.408,2.4998,2.4542,2.5409,2.408,2.4998,2083086.0,1031867.0,1051219.0,254905967.0,631175246.6963,126332121.0,312913891.6266,128573846.0,318261355.0697,125550932284.0,6075953088.7,144906195558.91
2025-03-06,2.4998,2.6461,2.4707,2.6001,2.4998,2.6461,2.4707,2.6001,2190118.0,1119521.0,1070597.0,293494998.0,755127708.3694,151914103.0,390848066.405,141580895.0,364279641.9644,130603210280.0,6907451108.88,150769524085.24
2025-03-07,2.6001,2.6217,2.3435,2.3855,2.6,2.6217,2.3435,2.3855,3363999.0,1709226.0,1654773.0,454234094.0,1121586094.7692,224198523.0,553403188.1203,230035571.0,568182906.6489,118925614316.0,9796404399.06,138236053072.31
2025-03-08,2.3855,2.4106,2.3013,2.3261,2.3855,2.4106,2.3013,2.3261,1033070.0,515629.0,517441.0,119040944.0,279496752.3362,55955806.0,131411237.9056,63085138.0,148085514.4306,116653974995.0,3722945466.62,134859322677.87
2025-03-09,2.3261,2.351,2.083,2.1387,2.3262,2.351,2.083,2.1387,2541564.0,1251552.0,1290012.0,276711052.0,608123226.9348,128723271.0,282819953.2499,147987781.0,325303273.6849,107234954283.0,6156171771.3,123891758225.01
2025-03-10,2.1387,2.2613,1.9925,2.0216,2.1388,2.2613,1.9925,2.0216,3921329.0,1938227.0,1983102.0,391223631.0,829514635.4073,188042418.0,399191157.5867,203181213.0,430323477.8206,102522091022.0,8000109430.77,117142663524.41
2025-03-11,2.0216,2.2138,1.9,2.1711,2.0216,2.2138,1.9,2.1711,2315358.0,1172417.0,1142941.0,382420244.0,797538821.3747,190745674.0,397988255.9067,191674570.0,399550565.468,108913691474.0,8214014405.98,125775655250.68
2025-03-12,2.1711,2.2769,2.1333,2.2396,2.171,2.2769,2.1333,2.2396,2382381.0,1213979.0,1168402.0,277560410.0,612133003.8231,140204384.0,309241472.1347,137356026.0,302891531.6884,112042492107.0,6420912776.26,130060245200.91
2025-03-13,2.2396,2.347,2.2137,2.2527,2.2395,2.347,2.2137,2.2527,2269070.0,1154436.0,1114634.0,243896593.0,553752724.5531,121743083.0,276334884.9223,122153510.0,277417839.6308,112963426894.0,5570837343.18,130803458398.35
2025-03-14,2.2527,2.3893,2.2371,2.3564,2.2526,2.3893,2.2371,2.3564,1778622.0,898684.0,879938.0,197286469.0,457779727.5892,97831639.0,227037346.4206,99454830.0,230742381.1686,118722478993.0,4318754070.27,136929597334.1
2025-03-15,2.3564,2.4751,2.3525,2.3911,2.3564,2.4751,2.3525,2.3911,1419615.0,734791.0,684824.0,150056936.0,362455350.4134,76696578.0,185301713.1285,73360358.0,177153637.2849,119922647777.0,3638758922.32,139070628229.7
2025-03-16,2.3911,2.4109,2.2677,2.2938,2.3911,2.4109,2.2677,2.2938,1606169.0,805235.0,800934.0,151974757.0,353905686.8893,71906405.0,167495411.7645,80068352.0,186410275.1248,115176764630.0,3890457149.39,133522721881.75
2025-03-17,2.2938,2.3788,2.2915,2.3382,2.2938,2.3788,2.2915,2.3382,1233682.0,617028.0,616654.0,133923496.0,313586432.7361,66606196.0,155992218.0266,67317300.0,157594214.7095,117380420762.0,3457455336.81,136011495003.24
2025-03-18,2.3382,2.3399,2.2225,2.2851,2.3381,2.3399,2.2225,2.2851,1333105.0,683161.0,649944.0,164719299.0,373795463.5277,81251703.0,184385089.9386,83467596.0,189410373.5891,114982783950.0,3485953020.79,132892204115.6
2025-03-19,2.2851,2.59,2.2653,2.5469,2.2851,2.59,2.2653,2.5469,3045455.0,1575905.0,1469550.0,462181815.0,1145549057.2826,234457342.0,581041005.0455,227724473.0,564508052.2371,127735500195.0,9591487008.84,147936734364.66
2025-03-20,2.5469,2.5638,2.389,2.4361,2.5469,2.5638,2.389,2.4361,1910760.0,969714.0,941046.0,225573092.0,556990257.8759,114065287.0,281673916.6116,111507805.0,275316341.2643,121939936553.0,4976516821.97,141592832032.77
2025-03-21,2.4361,2.4669,2.3564,2.3809,2.436,2.4669,2.3564,2.3809,1159813.0,578570.0,581243.0,143033066.0,343554538.9887,72161151.0,173408537.4221,70871915.0,170146001.5666,119843911032.0,3433230669.42,138375819467.95
2025-03-22,2.3809,2.417,2.3594,2.3711,2.3809,2.417,2.3594,2.3711,599867.0,293823.0,306044.0,69083565.0,164935168.8237,33834265.0,80799459.3469,35249300.0,84135709.4768,118787500748.0,1778187862.95,137824361522.42
2025-03-23,2.3711,2.4409,2.365,2.4393,2.3712,2.4409,2.365,2.4393,675980.0,326829.0,349151.0,82171646.0,197375933.9193,39789921.0,95650218.7475,42381725.0,101725715.1718,122096251854.0,2107624036.37,141642114185.6
2025-03-24,2.4393,2.5044,2.4134,2.4501,2.4392,2.5044,2.4134,2.4501,985956.0,490907.0,495049.0,140591390.0,345465247.8068,69059287.0,169790842.4043,71532103.0,175674405.4025,122470103597.0,3272338534.7,142381196081.17
2025-03-25,2.4501,2.4783,2.4071,2.4492,2.4501,2.4783,2.4071,2.4492,825224.0,409451.0,415773.0,107306341.0,262047435.3401,51490243.0,125756874.7546,55816098.0,136290560.5855,122889970555.0,2722132221.76,142565115172.81
2025-03-26,2.4492,2.4794,2.328,2.3494,2.4491,2.4794,2.328,2.3494,1028787.0,528224.0,500563.0,140813082.0,340471844.0816,67668698.0,163464281.4298,73144384.0,177007562.6518,117694728107.0,3341723418.11,136729301965.89
2025-03-27,2.3494,2.39,2.3021,2.341,2.3494,2.39,2.3021,2.341,940315.0,498366.0,441949.0,121906802.0,286517138.3176,60473620.0,142130524.9991,61433182.0,144386613.3185,117677278484.0,2687267003.98,136104780440.52
2025-03-28,2.341,2.3433,2.1535,2.2073,2.3411,2.3433,2.1535,2.2073,1469290.0,780680.0,688610.0,211389681.0,470524788.2178,105639152.0,235088328.9905,105750529.0,235436459.2273,110572423018.0,4373544995.16,128293854889.42
2025-03-29,2.2073,2.2267,2.0607,2.1351,2.2072,2.2267,2.0607,2.1351,1392395.0,672551.0,719844.0,188344703.0,399565637.9547,91627450.0,194321655.8435,96717253.0,205243982.1112,106771391141.0,3914811652.7,124560134259.32
2025-03-30,2.1351,2.2142,2.1077,2.1369,2.1352,2.2142,2.1077,2.1369,1092491.0,584319.0,508172.0,143436566.0,309556823.1236,71435902.0,154190214.7522,72000664.0,155366608.3714,106838930136.0,2826918737.14,124335611148.55
2025-03-31,2.1369,2.1415,2.0238,2.0899,2.1371,2.1415,2.0238,2.0899,1771277.0,930108.0,841169.0,225359911.0,470475027.3572,114012792.0,238022828.2307,111347119.0,232452199.1265,104774714718.0,4506662719.33,121645607467.58
2025-04-01,2.0899,2.1999,2.065,2.1387,2.0899,2.1999,2.065,2.1387,1753639.0,913217.0,840422.0,206149959.0,440370529.1045,103963221.0,222213903.9825,102186738.0,218156625.122,107554652391.0,4034254494.31,124536315730.71
2025-04-02,2.1387,2.233,1.9841,2.0237,2.1387,2.233,1.9841,2.0237,2654613.0,1354321.0,1300292.0,312902782.0,661278600.2195,152170929.0,321974917.5464,160731853.0,339303682.6731,101793938234.0,5687620993.33,117866492631.53
2025-04-03,2.0237,2.082,1.96,2.0648,2.0237,2.082,1.96,2.0648,2175279.0,1073515.0,1101764.0,283049149.0,574582911.2022,134360145.0,272795249.5637,148689004.0,301787661.6385,103096839248.0,5385004806.56,120188355326.16
2025-04-04,2.0648,2.1626,2.016,2.1302,2.0648,2.1626,2.016,2.1302,2126524.0,1040828.0,1085696.0,249538859.0,522053640.9747,130843507.0,273779376.609,118695352.0,248274264.3657,106584075046.0,5503342771.31,124064642063.8
2025-04-05,2.1302,2.1764,2.1139,2.1442,2.1303,2.1764,2.1139,2.1442,766397.0,359635.0,406762.0,79039409.0,168933379.2612,37944574.0,81098277.4609,41094835.0,87835101.8003,107491857129.0,2089759529.98,124925393865.25
2025-04-06,2.1442,2.1592,1.8625,1.9218,2.1443,2.1592,1.8625,1.9218,2063575.0,1023106.0,1040469.0,247306320.0,494395445.2549,113280485.0,226344136.9828,134025835.0,268051308.2721,95325531046.0,5158671864.79,111765274512.28
2025-04-07,1.9218,2.0109,1.6134,1.8987,1.9218,2.0109,1.6134,1.8987,4217262.0,2184972.0,2032290.0,862282234.0,1564910506.5203,414322017.0,752489441.351,447960217.0,812421065.1693,95646013947.0,14383598177.41,110591554306.7
2025-04-08,1.8987,1.975,1.777,1.7963,1.8986,1.975,1.777,1.7963,1019353.0,509070.0,510283.0,331058344.0,622942580.4604,158991970.0,299467444.3922,172066374.0,323475136.0682,90281938702.0,6468324898.31,104574561979.14
2025-04-09,1.7963,2.0897,1.7218,2.0529,1.7965,2.0897,1.7218,2.0529,1520284.0,787570.0,732714.0,517714914.0,983263446.1844,254129754.0,482361161.301,263585160.0,500902284.8834,103209693585.0,9381130205.67,119565790226.08
2025-04-10,2.0529,2.0572,1.9223,1.9658,2.0529,2.0572,1.9223,1.9658,1921673.0,955390.0,966283.0,224691548.0,446583819.8456,108386836.0,215403264.1829,116304712.0,231180555.6627,98659564733.0,4463765886.13,114597579091.91
2025-04-11,1.9658,2.0647,1.9475,2.0225,1.9657,2.0647,1.9475,2.0225,1539032.0,750595.0,788437.0,175131511.0,352455438.3911,85343864.0,171804081.7275,89787647.0,180651356.6636,101323112704.0,3459211571.56,118069793450.19
2025-04-12,2.0225,2.1862,2.0033,2.1598,2.0225,2.1862,2.0033,2.1598,1416548.0,679801.0,736747.0,161856777.0,341792852.5043,79628374.0,168156206.7904,82228403.0,173636645.7139,108150770128.0,3429390185.73,125930661908.37
2025-04-13,2.1598,2.2475,2.0801,2.1196,2.1597,2.2475,2.0801,2.1196,1899834.0,932905.0,966929.0,194098687.0,419017456.6249,93140570.0,201190756.0354,100958117.0,217826700.5895,105927998364.0,4220100049.29,123689659144.82
2025-04-14,2.1196,2.1804,2.1038,2.1275,2.1196,2.1804,2.1038,2.1275,1537405.0,797477.0,739928.0,138573013.0,296792059.4906,70501500.0,150989378.659,68071513.0,145802680.8316,107101336248.0,3284127479.83,124069626958.06
2025-04-15,2.1275,2.1853,2.0837,2.0842,2.1276,2.1853,2.0837,2.0842,1345686.0,714772.0,630914.0,131282814.0,280926951.9743,64720771.0,138565610.1499,66562043.0,142361341.8244,105125322959.0,2948485956.4,121838937021.42
2025-04-16,2.0842,2.13,2.0355,2.0834,2.0843,2.13,2.0355,2.0834,1494581.0,762834.0,731747.0,152704680.0,318042232.2303,75217568.0,156687741.1252,77487112.0,161354491.1051,104786316328.0,3572242594.85,121533289379.21
2025-04-17,2.0834,2.1146,2.0524,2.0673,2.0834,2.1146,2.0524,2.0673,1074532.0,550039.0,524493.0,103280383.3,215185592.53274,53022347.0,110427385.72273,50258036.3,104758206.81001,104023340759.0,2467503711.98,120552725923.49
2025-04-18,2.0673,2.0896,2.0434,2.0619,2.0673,2.0896,2.0434,2.0619,707800.0,343396.0,364404.0,72730873.5,150530241.72514,34728639.7,71888220.46044,38002233.8,78642021.2647,103493622282.0,1886497380.54,120497591511.41
2025-04-19,2.0619,2.0975,2.0586,2.0877,2.0619,2.0975,2.0586,2.0877,462679.0,218231.0,244448.0,50163133.6,104485797.93701,24889876.8,51839802.96883,25273256.8,52645994.96818,104593763742.0,1445648293.46,121887304301.58
2025-04-20,2.0877,2.0945,2.0388,2.0787,2.0877,2.0945,2.0388,2.0787,537648.0,269793.0,267855.0,77348551.3,159807702.05961,37503844.1,77487570.74185,39844707.2,82320131.31776,104006403231.0,1733159089.1,121284739767.43
2025-04-21,2.0787,2.1409,2.0594,2.0855,2.0786,2.1409,2.0594,2.0855,1088615.0,505098.0,583517.0,132502689.7,279135954.92696,62836278.8,132315395.14382,69666410.9,146820559.78314,104217043054.0,2746051224.63,121780859629.24
2025-04-22,2.0855,2.2504,2.0638,2.2139,2.0855,2.2504,2.0638,2.2139,1475208.0,680137.0,795071.0,215792646.3,463874787.33304,105097850.6,225715100.29706,110694795.7,238159687.03598,111448654183.0,4054022421.46,129369748912.33
2025-04-23,2.2139,2.301,2.1902,2.2184,2.2138,2.301,2.1902,2.2184,1778836.0,833489.0,945347.0,220415571.4,494085337.30413,103899617.9,233027960.14228,116515953.5,261057377.16185,111616377348.0,5013426738.96,129480868263.74
2025-04-24,2.2184,2.2354,2.1166,2.2049,2.2183,2.2354,2.1166,2.2049,1361032.0,692890.0,668142.0,184941421.4,403912284.76951,90900973.8,198477939.634,94040447.6,205434345.13551,110551987142.0,4208222194.6,128732281187.09
2025-04-25,2.2049,2.2193,2.1634,2.1812,2.2049,2.2193,2.1634,2.1812,1090840.0,561348.0,529492.0,134014526.9,294138569.17227,66957817.6,146963048.34474,67056709.3,147175520.82753,109456128470.0,3279550204.58,127478761463.39
2025-04-26,2.1812,2.2483,2.1796,2.1912,2.1812,2.2483,2.1796,2.1912,822845.0,417435.0,405410.0,89667472.4,197714019.96509,44772969.4,98724985.51084,44894503.0,98989034.45425,110197083987.0,2524845629.41,128180605860.02
2025-04-27,2.1912,2.2948,2.1581,2.252,2.1912,2.2948,2.1581,2.252,1343214.0,694092.0,649122.0,176901254.6,394172934.52954,89878349.5,200457023.59855,87022905.1,193715910.93099,113275000046.0,3776527779.08,131865207140.33
2025-04-28,2.252,2.363,2.2184,2.2949,2.2521,2.363,2.2184,2.2949,1550265.0,797988.0,752277.0,188782972.6,432932125.11437,93491949.9,214518735.0528,95291022.7,218413390.06157,115367955367.0,4354002633.88,134137237948.14
2025-04-29,2.2949,2.3147,2.2217,2.238,2.295,2.3147,2.2217,2.238,919783.0,453625.0,466158.0,109021832.7,248308443.54734,54109123.7,123240880.8516,54912709.0,125067562.69574,112025576506.0,2889426360.63,130962501898.61
2025-04-30,2.238,2.2588,2.1235,2.1908,2.2379,2.2588,2.1235,2.1908,1290014.0,652454.0,637560.0,169161178.8,371180616.59514,79290567.5,174075078.44463,89870611.3,197105538.15051,110407932836.0,3691303521.26,128085849200.42
2025-05-01,2.1908,2.2567,2.1868,2.2123,2.1907,2.2567,2.1868,2.2123,804561.0,388829.0,415732.0,96594610.5,214862147.68855,47035057.8,104633984.91172,49559552.7,110228162.77683,111092441558.0,2221046439.24,129536649175.77
2025-05-02,2.2123,2.2411,2.192,2.2093,2.2122,2.2411,2.192,2.2093,750177.0,380862.0,369315.0,84810475.2,187929913.43163,42927501.9,95134055.47069,41882973.3,92795857.96094,110768193650.0,2148434217.0,129282778950.82
2025-05-03,2.2093,2.22,2.176,2.1872,2.2093,2.22,2.176,2.1872,465311.0,223683.0,241628.0,48541368.0,106715010.83749,23257921.9,51133009.3555,25283446.1,55582001.48199,109761252605.0,1427745526.63,128027032376.42
2025-05-04,2.1872,2.2188,2.151,2.156,2.1872,2.2188,2.151,2.156,583831.0,285969.0,297862.0,58758870.6,128384945.07249,28349521.9,61950024.45648,30409348.7,66434920.61601,108285051725.0,1606676573.71,126236907144.29
2025-05-05,2.156,2.2,2.1067,2.1306,2.1561,2.2,2.1067,2.1306,937063.0,510951.0,426112.0,129350396.3,278055926.60453,66343995.3,142651638.22534,63006401.0,135404288.37919,107405097134.0,2518838395.46,124936181548.58
2025-05-06,2.1306,2.1595,2.0777,2.155,2.1306,2.1595,2.0777,2.155,955869.0,469029.0,486840.0,110021214.0,232503539.08214,55372623.3,117046033.25484,54648590.7,115457505.8273,107955928791.0,2458675033.69,126095373172.82
2025-05-07,2.155,2.1716,2.1039,2.1265,2.155,2.1716,2.1039,2.1265,821197.0,427143.0,394054.0,91759518.6,195823475.6504,46986544.5,100291198.9269,44772974.1,95532276.7235,107005449445.0,3808556619.63,124388680022.07
2025-05-08,2.1265,2.3297,2.1176,2.3272,2.1264,2.3297,2.1176,2.3272,1689529.0,844661.0,844868.0,220454318.8,492146244.28859,115924194.2,258756659.25072,104530124.6,233389585.03787,116246528449.0,4714441484.09,136022411505.86
2025-05-09,2.3272,2.4291,2.2845,2.3439,2.3272,2.4291,2.2845,2.3439,2359378.0,1105844.0,1253534.0,270485423.5,637201286.41537,128289290.1,302383811.16551,142196133.4,334817475.24986,117794487530.0,5991870742.4,137279066897.69
2025-05-10,2.3439,2.477,2.3359,2.4711,2.3438,2.477,2.3359,2.4711,1700852.0,794481.0,906371.0,173584546.1,417538802.27194,82708008.3,199104845.06977,90876537.8,218433957.20217,123941799542.0,4373016277.56,144738477336.13
2025-05-11,2.4711,2.4844,2.3283,2.367,2.4711,2.4844,2.3283,2.367,1661326.0,863150.0,798176.0,162582479.5,387738035.17048,76544617.9,182537519.38428,86037861.6,205200515.7862,119045697701.0,3965697852.97,138561963426.82
2025-05-12,2.367,2.6549,2.3515,2.5439,2.3671,2.6549,2.3515,2.5439,4112142.0,2050352.0,2061790.0,507950822.4,1275311866.31161,259894112.3,652727292.73548,248056710.1,622584573.57613,127457813143.0,10613122883.78,148989427492.59
2025-05-13,2.5439,2.6053,2.4215,2.5829,2.544,2.6053,2.4215,2.5829,2518415.0,1263267.0,1255148.0,230851038.9,582508619.40381,114886693.8,289830111.16275,115964345.1,292678508.24106,130102631713.0,6176519868.23,151444122320.67
2025-05-14,2.5829,2.6516,2.5194,2.5503,2.5828,2.6516,2.5194,2.5503,1978980.0,1014972.0,964008.0,213599727.4,551933214.0695,106193381.0,274512366.99331,107406346.4,277420847.07619,128189248912.0,4955686643.07,149461626101.66
2025-05-15,2.5503,2.5719,2.3525,2.3856,2.5504,2.5719,2.3525,2.3856,2309242.0,1226472.0,1082770.0,209320078.3,515143174.14976,102379083.0,252262886.43471,106940995.3,262880287.71505,118451488680.0,,
2025-05-16,2.3856,2.4399,2.3471,2.3798,2.3856,2.4399,2.3471,2.3798,1688096.0,843953.0,844143.0,136943221.2,329039410.53355,65530574.3,157457009.5861,71412646.9,171582400.94745,119887135005.0,,
2025-05-17,2.3798,2.3892,2.2984,2.3531,2.3797,2.3892,2.2984,2.3531,1442950.0,691532.0,751418.0,105734565.8,247839876.54358,50012395.1,117225010.3523,55722170.7,130614866.19128,118062093684.0,,
2025-05-18,2.3531,2.4497,2.332,2.428,2.3531,2.4497,2.332,2.428,1470998.0,736661.0,734337.0,110034544.5,263270059.37711,54393319.8,130146402.0501,55641224.7,133123657.32701,120901998277.0,,
2025-05-19,2.428,2.441,2.2827,2.3803,2.428,2.441,2.2827,2.3803,1791052.0,933426.0,857626.0,162880946.4,381979266.64326,81206105.2,190489584.61933,81674841.2,191489682.02393,119477400719.0,,
2025-05-20,2.3803,2.409,2.3141,2.3565,2.3803,2.409,2.3141,2.3565,1331382.0,682205.0,649177.0,136293676.8,321341594.69735,69126663.2,163155013.09458,67167013.6,158186581.60277,118424137566.0,,
