TIMESTAMP,ADJUSTED_CLOSE_PRICE_USD,VOLUME_USD,HIGH_PRICE_USD,OPEN_PRICE_USD,LOW_PRICE_USD,CLOSE_PRICE_USD
2018-07-27 00:00:00,0.0055419998243451,96167,0.0059279999695718,0.0051580001600086,0.003531000111252,0.0055419998243451
2018-07-28 00:00:00,0.0052789999172091,17781,0.006095000077039,0.0054440000094473,0.0048940000124275,0.0052789999172091
2018-07-29 00:00:00,0.0050880000926554,11655,0.0057489997707307,0.0052829999476671,0.0047909999266266,0.0050880000926554
2018-07-30 00:00:00,0.0057580000720918,45934,0.0067329998128116,0.0050889998674392,0.0049809999763965,0.0057580000720918
2018-07-31 00:00:00,0.0046040001325309,15609,0.0057589998468756,0.0057580000720918,0.0045610000379383,0.0046040001325309
2018-08-01 00:00:00,0.0051520001143217,6603,0.0057029998861253,0.0045960000716149,0.0043080002069473,0.0051520001143217
2018-08-02 00:00:00,0.0051629999652504,67793,0.0069880001246929,0.0051540001295506,0.0047070002183318,0.0051629999652504
2018-08-03 00:00:00,0.0047189998440444,8192,0.005204000044614,0.0051660002209246,0.0046760002151131,0.0047189998440444
2018-08-04 00:00:00,0.0041189999319612,23312,0.0047920001670718,0.0047180000692605,0.0040839998982846,0.0041189999319612
2018-08-05 00:00:00,0.0059299999848008,150677,0.0079819997772574,0.0041180001571774,0.0041180001571774,0.0059299999848008
2018-08-06 00:00:00,0.0055180001072585,74872,0.006171999964863,0.0059349997900426,0.0049669998697936,0.0055180001072585
2018-08-07 00:00:00,0.0048540001735091,1232600,0.0126120001077651,0.0055160000920295,0.0042190002277493,0.0048540001735091
2018-08-08 00:00:00,0.0042110001668334,105036,0.004933999851346,0.0046910000964999,0.0034090001136064,0.0042110001668334
2018-08-09 00:00:00,0.0045690000988543,275848,0.0046959999017417,0.0042170002125203,0.0036579999141395,0.0045690000988543
2018-08-10 00:00:00,0.0038540000095963,8981,0.0045639998279511,0.0045639998279511,0.00378999998793,0.0038540000095963
2018-08-11 00:00:00,0.0032230000942945,12967,0.0038570000324398,0.0038570000324398,0.0029490001033991,0.0032230000942945
2018-08-12 00:00:00,0.0036430000327527,8702,0.0037420000880956,0.0032089999876916,0.0031830000225454,0.0036430000327527
2018-08-13 00:00:00,0.0031500000040978,7489,0.0036800000816583,0.0036510000936686,0.0029529999010264,0.0031500000040978
2018-08-14 00:00:00,0.0023519999813288,20400,0.0031510000117123,0.0031510000117123,0.0019900000188499,0.0023519999813288
2018-08-15 00:00:00,0.0031039998866617,18587,0.003393999999389,0.002369999885559,0.002369999885559,0.0031039998866617
2018-08-16 00:00:00,0.0029849999118596,9428,0.0033929999917745,0.0031069999095052,0.0028890001121908,0.0029849999118596
2018-08-17 00:00:00,0.0033819999080151,18819,0.0034930000547319,0.002989999949932,0.0029879999347031,0.0033819999080151
2018-08-18 00:00:00,0.0030990000814199,18743,0.0034930000547319,0.0033950000070035,0.0029460000805556,0.0030990000814199
2018-08-19 00:00:00,0.0031989999115467,75384,0.0043239998631179,0.0031020001042634,0.0030280000064522,0.0031989999115467
2018-08-20 00:00:00,0.00290900003165,46925,0.0033279999624937,0.0031959998887032,0.0026539999525994,0.00290900003165
2018-08-21 00:00:00,0.0030730001162737,22197,0.0033750000875443,0.0028949999250471,0.0027930000796914,0.0030730001162737
2018-08-22 00:00:00,0.0025309999473392,15464,0.0034280000254511,0.0030720001086592,0.0024860000703483,0.0025309999473392
2018-08-23 00:00:00,0.0025329999625682,32206,0.0026940000243484,0.0025380000006407,0.0024119999725371,0.0025329999625682
2018-08-24 00:00:00,0.0026130001060664,12954,0.0028939999174326,0.0025339999701827,0.0024860000703483,0.0026130001060664
2018-08-25 00:00:00,0.0025259999092668,6945,0.0026159998960793,0.0026090000756084,0.0024490000214427,0.0025259999092668
2018-08-26 00:00:00,0.0024139999877661,6430,0.0025279999244958,0.0025279999244958,0.0021500000730156,0.0024139999877661
2018-08-27 00:00:00,0.0022750000935047,12627,0.0024729999713599,0.0024180000182241,0.0021669999696314,0.0022750000935047
2018-08-28 00:00:00,0.0030139998998492,42235,0.0034630000591278,0.0022839999292045,0.0022839999292045,0.0030139998998492
2018-08-29 00:00:00,0.0028150000143796,6918,0.0032669999636709,0.0030139998998492,0.0028140000067651,0.0028150000143796
2018-08-30 00:00:00,0.0027870000340044,17822,0.0031270000617951,0.0028089999686926,0.0026920000091195,0.0027870000340044
2018-08-31 00:00:00,0.0027139999438077,5037,0.0029990000184625,0.0027880000416189,0.0025690000038594,0.0027139999438077
2018-09-01 00:00:00,0.0033990000374615,60515,0.0038930000737309,0.0027139999438077,0.0027129999361932,0.0033990000374615
2018-09-02 00:00:00,0.0030239999759942,70225,0.0038530000019818,0.003400000045076,0.0028389999642968,0.0030239999759942
2018-09-03 00:00:00,0.0028480000328272,34465,0.0031300000846385,0.0030189999379217,0.002773999935016,0.0028480000328272
2018-09-04 00:00:00,0.0027930000796914,53709,0.003311000065878,0.0028480000328272,0.0027890000492334,0.0027930000796914
2018-09-05 00:00:00,0.0024309998843818,24530,0.0029360000044107,0.0027910000644624,0.0023229999933391,0.0024309998843818
2018-09-06 00:00:00,0.0024900001008063,8853,0.0025899999309331,0.0024309998843818,0.0022479998879134,0.0024900001008063
2018-09-07 00:00:00,0.0023109999019652,3685,0.0025120000354945,0.0024939998984336,0.0021879998967051,0.0023109999019652
2018-09-08 00:00:00,0.0018759999657049,6554,0.0023570000194013,0.0023119999095797,0.0018279999494552,0.0018759999657049
2018-09-09 00:00:00,0.0018319999799132,1861,0.0021589999087154,0.0018469999777153,0.0017579999985173,0.0018319999799132
2018-09-10 00:00:00,0.0018649999983608,4243,0.002030000090599,0.001912000006996,0.0017879999941214,0.0018649999983608
2018-09-11 00:00:00,0.0031059999018907,142560,0.0034660000819712,0.0018670000135898,0.0018599999602884,0.0031059999018907
2018-09-12 00:00:00,0.0032959999516606,126696,0.003569999942556,0.0030509999487549,0.0027910000644624,0.0032959999516606
2018-09-13 00:00:00,0.0028860000893473,50057,0.003472999902442,0.0032989999745041,0.0028230000752955,0.0028860000893473
2018-09-14 00:00:00,0.002513000043109,53621,0.0037779998965561,0.0028750000055879,0.0025049999821931,0.002513000043109
2018-09-15 00:00:00,0.0025520001072436,96859,0.0035989999305456,0.002509000012651,0.0024099999573081,0.0025520001072436
2018-09-16 00:00:00,0.0027399999089539,20953,0.0028619999065995,0.0025520001072436,0.0023920000530779,0.0027399999089539
2018-09-17 00:00:00,0.0023600000422447,16023,0.0028369999490678,0.0027369998861104,0.0022219999227672,0.0023600000422447
2018-09-18 00:00:00,0.0022470001131296,54502,0.0027209999971091,0.0023620000574737,0.0020789999980479,0.0022470001131296
2018-09-19 00:00:00,0.0020969999022781,24215,0.002284999936819,0.0022430000826716,0.0020129999611526,0.0020969999022781
2018-09-20 00:00:00,0.0023419999051839,19313,0.0024359999224543,0.0020959998946636,0.0020810000132769,0.0023419999051839
2018-09-21 00:00:00,0.0022509999107569,50729,0.0023469999432563,0.0023429999127984,0.0021510000806301,0.0022509999107569
2018-09-22 00:00:00,0.002202000003308,7266,0.0022789998911321,0.0022549999412149,0.0020510000176727,0.002202000003308
2018-09-23 00:00:00,0.0020469999872148,14811,0.0022299999836832,0.0022299999836832,0.0019809999503195,0.0020469999872148
2018-09-24 00:00:00,0.0020610000938177,22636,0.0021059999708086,0.0020500000100582,0.0014400000218302,0.0020610000938177
2018-09-25 00:00:00,0.0019049999536946,22942,0.0020620001014322,0.0020620001014322,0.0017340000486001,0.0019049999536946
2018-09-26 00:00:00,0.0019490000559017,45125,0.0020139999687671,0.0019049999536946,0.0018210000125691,0.0019490000559017
2018-09-27 00:00:00,0.001979999942705,35691,0.0020039998926222,0.0019509999547153,0.0018870000494644,0.001979999942705
2018-09-28 00:00:00,0.0019890000112354,21555,0.0021889999043196,0.0019809999503195,0.0019239999819546,0.0019890000112354
2018-09-29 00:00:00,0.0020029998850077,6181,0.0020880000665783,0.0019920000340789,0.0019399999873712,0.0020029998850077
2018-09-30 00:00:00,0.0019089999841526,2741,0.0020109999459236,0.0020020001102238,0.0018919999711215,0.0019089999841526
2018-10-01 00:00:00,0.0018860000418499,24936,0.0020830000285059,0.0019069999689236,0.0018579999450594,0.0018860000418499
2018-10-02 00:00:00,0.0019349999492987,17121,0.002026000060141,0.0018810000037774,0.0018660000059753,0.0019349999492987
2018-10-03 00:00:00,0.0020190000068396,5985,0.0020630001090466,0.0019359999569132,0.0018870000494644,0.0020190000068396
2018-10-04 00:00:00,0.0018200000049546,3245,0.0020220000296831,0.0020210000220686,0.0017470000311732,0.0018200000049546
2018-10-05 00:00:00,0.0019409999949857,23630,0.0019610000308603,0.0018210000125691,0.0017409999854862,0.0019409999949857
2018-10-06 00:00:00,0.0019670000765472,9705,0.0019769999198615,0.0019440000178292,0.0019229999743402,0.0019670000765472
2018-10-07 00:00:00,0.0020900000818073,6417,0.0020940001122653,0.0019729998894035,0.0019000000320374,0.0020900000818073
2018-10-08 00:00:00,0.0020810000132769,8042,0.0021929999347776,0.0020940001122653,0.0020220000296831,0.0020810000132769
2018-10-09 00:00:00,0.0021349999587982,2641,0.0021349999587982,0.0020800000056624,0.0019729998894035,0.0021349999587982
2018-10-10 00:00:00,0.001912000006996,8935,0.0021339999511837,0.0021329999435693,0.0016420000465586,0.001912000006996
2018-10-11 00:00:00,0.0016789999790489,10796,0.0019109999993816,0.0019099999917671,0.0016250000335276,0.0016789999790489
2018-10-12 00:00:00,0.0017379999626427,19793,0.0019430000102147,0.0016779999714344,0.0016740000573918,0.0017379999626427
2018-10-13 00:00:00,0.0017470000311732,3789,0.0017610000213608,0.0017369999550282,0.0016870000399649,0.0017470000311732
2018-10-14 00:00:00,0.0019150000298395,16693,0.0022350000217556,0.0017470000311732,0.0017419999931007,0.0019150000298395
2018-10-15 00:00:00,0.0019199999514967,26468,0.0021259998902678,0.0019189999438822,0.0019030000548809,0.0019199999514967
2018-10-16 00:00:00,0.0019700000993907,29671,0.001979999942705,0.0019199999514967,0.001897000009194,0.0019700000993907
2018-10-17 00:00:00,0.0019369999645277,32258,0.0020059999078512,0.0019749999046325,0.0019259999971836,0.0019369999645277
2018-10-18 00:00:00,0.0018710000440478,14453,0.0019480000482872,0.0019379999721422,0.0018579999450594,0.0018710000440478
2018-10-19 00:00:00,0.0018690000288188,28383,0.0019300000276416,0.0018710000440478,0.0018560000462457,0.0018690000288188
2018-10-20 00:00:00,0.0018759999657049,7120,0.0018870000494644,0.0018680000212043,0.0018609999679028,0.0018759999657049
2018-10-21 00:00:00,0.0018579999450594,630,0.001894999993965,0.0018769999733194,0.0018540000310167,0.0018579999450594
2018-10-22 00:00:00,0.0018700000364333,10926,0.0019300000276416,0.0018570000538602,0.0018479999853298,0.0018700000364333
2018-10-23 00:00:00,0.0017879999941214,17996,0.0018769999733194,0.0018700000364333,0.0017699999734759,0.0017879999941214
2018-10-24 00:00:00,0.0018370000179857,16415,0.0018840000266209,0.0017819999484345,0.0017819999484345,0.0018370000179857
2018-10-25 00:00:00,0.0018279999494552,20029,0.0018700000364333,0.0018370000179857,0.001803999999538,0.0018279999494552
2018-10-26 00:00:00,0.0017950000474229,12615,0.0018540000310167,0.0018250000430271,0.0017859999788925,0.0017950000474229
2018-10-27 00:00:00,0.0017930000321939,8692,0.001808000029996,0.0017910000169649,0.001782999956049,0.0017930000321939
2018-10-28 00:00:00,0.0018050000071525,10417,0.001806000014767,0.0018009999766945,0.0017839999636635,0.0018050000071525
2018-10-29 00:00:00,0.0017719999887049,20611,0.0018660000059753,0.0017989999614655,0.0017600000137463,0.0017719999887049
2018-10-30 00:00:00,0.0018029999919235,11926,0.0018319999799132,0.0017719999887049,0.0017539999680593,0.0018029999919235
2018-10-31 00:00:00,0.0017930000321939,17218,0.0018179999897256,0.0018070000223815,0.0017330000409856,0.0017930000321939
2018-11-01 00:00:00,0.0017869999865069,16911,0.001894999993965,0.0017930000321939,0.0017559999832883,0.0017869999865069
2018-11-02 00:00:00,0.0018279999494552,44421,0.0018350000027567,0.0017869999865069,0.0017300000181421,0.0018279999494552
2018-11-03 00:00:00,0.0017760000191628,9363,0.0018319999799132,0.0018279999494552,0.0017760000191628,0.0017760000191628
2018-11-04 00:00:00,0.0018029999919235,8734,0.0018029999919235,0.0017760000191628,0.0017669999506324,0.0018029999919235
2018-11-05 00:00:00,0.0018090000376105,14812,0.0018299999646842,0.0018029999919235,0.0017409999854862,0.0018090000376105
2018-11-06 00:00:00,0.0018860000418499,6952,0.0019320000428706,0.0018139999592676,0.0018009999766945,0.0018860000418499
2018-11-07 00:00:00,0.0018070000223815,1791,0.001912000006996,0.0018880000570788,0.0018029999919235,0.0018070000223815
2018-11-08 00:00:00,0.0017369999550282,3521,0.0018420000560581,0.001806000014767,0.0017249999800696,0.0017369999550282
2018-11-09 00:00:00,0.0017359999474138,2059,0.0017480000387877,0.0017369999550282,0.0016789999790489,0.0017359999474138
2018-11-10 00:00:00,0.0017719999887049,2111,0.0017940000398084,0.0017340000486001,0.0017330000409856,0.0017719999887049
2018-11-11 00:00:00,0.0018500000005587,1580,0.0018500000005587,0.0017689999658614,0.0017640000442042,0.0018500000005587
2018-11-12 00:00:00,0.0018390000332146,11990,0.002119000069797,0.0018479999853298,0.0018279999494552,0.0018390000332146
2018-11-13 00:00:00,0.0018589999526739,3578,0.0019340000580996,0.0018479999853298,0.0017249999800696,0.0018589999526739
2018-11-14 00:00:00,0.0015239999629557,2685,0.0018670000135898,0.0018570000538602,0.0014530000044032,0.0015239999629557
2018-11-15 00:00:00,0.0014369999989867,2963,0.0015439999988302,0.0015310000162571,0.0013930000131949,0.0014369999989867
2018-11-16 00:00:00,0.0014519999967887,740,0.0014519999967887,0.0014380000066012,0.0013689999468624,0.0014519999967887
2018-11-17 00:00:00,0.0014540000120177,653,0.0014580000424757,0.0014530000044032,0.001412000041455,0.0014540000120177
2018-11-18 00:00:00,0.0015869999770075,2309,0.0015889999922364,0.0014560000272467,0.0014110000338405,0.0015869999770075
2018-11-19 00:00:00,0.0011970000341534,273,0.0015899999998509,0.0015899999998509,0.0011780000058934,0.0011970000341534
2018-11-20 00:00:00,0.0010489999549463,283,0.0012120000319555,0.001189999980852,0.0010150000452995,0.0010489999549463
2018-11-21 00:00:00,0.001302000018768,940,0.0013040000339969,0.0010649999603629,0.0010219999821856,0.001302000018768
2018-11-22 00:00:00,0.0011960000265389,3453,0.001388999982737,0.0013050000416114,0.0011960000265389,0.0011960000265389
2018-11-23 00:00:00,0.0011719999602064,1097,0.0011960000265389,0.0011709999525919,0.0011249999515712,0.0011719999602064
2018-11-24 00:00:00,0.0010600000387057,415,0.0011990000493824,0.0011709999525919,0.0010339999571442,0.0010600000387057
2018-11-25 00:00:00,0.0008379999781027,231,0.0010610000463202,0.0010580000234767,0.0008050000178627,0.0008379999781027
2018-11-26 00:00:00,0.0008440000237897,1313,0.0009360000258311,0.0008370000286959,0.0008169999928213,0.0008440000237897
2018-11-27 00:00:00,0.0008549999911338,1051,0.0009330000029876,0.0008430000161752,0.0008219999726861,0.0008549999911338
2018-11-28 00:00:00,0.0010410000104457,56,0.0010629999451339,0.0008570000063627,0.0008570000063627,0.0010410000104457
2018-11-29 00:00:00,0.0009879999561235,48562,0.0011470000026747,0.0010440000332891,0.0009619999909773,0.0009879999561235
2018-11-30 00:00:00,0.0008280000183731,2055,0.000988999963738,0.000988999963738,0.0007999999797903,0.0008280000183731
2018-12-01 00:00:00,0.0007329999934881,1298,0.0008970000199042,0.0008299999753944,0.0006869999924674,0.0007329999934881
2018-12-02 00:00:00,0.0007019999902695,86,0.0008689999813213,0.0007300000288523,0.0006960000027902,0.0007019999902695
2018-12-03 00:00:00,0.0007079999777488,1,0.0007120000082068,0.0007019999902695,0.000646999978926,0.0007079999777488
2018-12-04 00:00:00,0.0007239999831654,2683,0.0007259999983943,0.000707000028342,0.0006019999855197,0.0007239999831654
2018-12-05 00:00:00,0.0006500000017695,10589,0.0007270000060088,0.0007249999907799,0.0006249999860301,0.0006500000017695
2018-12-06 00:00:00,0.0005619999719783,737,0.0006559999892488,0.000648999994155,0.0005619999719783,0.0005619999719783
2018-12-07 00:00:00,0.0006230000290088,681,0.0006270000012591,0.0005610000225715,0.0005009999731555,0.0006230000290088
2018-12-08 00:00:00,0.0005220000166445,291,0.0006459999713115,0.0006220000213943,0.0004959999932907,0.0005220000166445
2018-12-09 00:00:00,0.0005750000127591,515,0.0006339999963529,0.0005200000014156,0.0005009999731555,0.0005750000127591
2018-12-10 00:00:00,0.0004609999887179,473,0.0005820000078529,0.0005740000051446,0.0004560000088531,0.0004609999887179
2018-12-11 00:00:00,0.0006740000098943,2265,0.000700999982655,0.0004600000102072,0.0004560000088531,0.0006740000098943
2018-12-12 00:00:00,0.0005890000029467,1304,0.0006929999799467,0.0006730000022798,0.00050199998077,0.0005890000029467
2018-12-13 00:00:00,0.0004039999912492,1361,0.0005450000171549,0.0005450000171549,0.0003990000113844,0.0004039999912492
2018-12-14 00:00:00,0.0004199999966658,1945,0.0004349999944679,0.0004039999912492,0.0004009999975096,0.0004199999966658
2018-12-15 00:00:00,0.0003999999898951,773,0.0004459999909158,0.0004199999966658,0.0003859999997075,0.0003999999898951
2018-12-16 00:00:00,0.0004910000134259,132,0.0004949999856762,0.0003999999898951,0.0003629999991971,0.0004910000134259
2018-12-17 00:00:00,0.0004330000083427,41,0.0005709999823011,0.0004920000210404,0.0004039999912492,0.0004330000083427
2018-12-18 00:00:00,0.0003900000010617,139,0.0004370000096969,0.0004330000083427,0.0003600000054575,0.0003900000010617
2018-12-19 00:00:00,0.0005660000024363,16,0.0005830000154674,0.0003919999871868,0.0003889999934472,0.0005660000024363
2018-12-20 00:00:00,0.0003720000095199,2641,0.0006249999860301,0.0005649999948218,0.0003549999964889,0.0003720000095199
2018-12-21 00:00:00,0.0004750000080093,52,0.000523000024259,0.0003710000019054,0.0003640000068116,0.0004750000080093
2018-12-22 00:00:00,0.0004790000093635,86,0.0005169999785721,0.00047599998652,0.0004649999900721,0.0004790000093635
2018-12-23 00:00:00,0.00044999999227,112,0.0005119999987073,0.0004790000093635,0.0004459999909158,0.00044999999227
2018-12-24 00:00:00,0.0005469999741762,846,0.0005639999872073,0.00044999999227,0.0004400000034365,0.0005469999741762
2018-12-25 00:00:00,0.0005610000225715,16,0.0005660000024363,0.0005510000046342,0.0004889999981969,0.0005610000225715
2018-12-26 00:00:00,0.0004180000105407,392,0.0005840000230818,0.0005610000225715,0.0003389999910723,0.0004180000105407
2018-12-27 00:00:00,0.0003809999907389,94,0.0004210000042803,0.0004180000105407,0.0003779999969992,0.0003809999907389
2018-12-28 00:00:00,0.0003520000027492,531,0.0005799999926239,0.0003809999907389,0.0003459999861661,0.0003520000027492
2018-12-29 00:00:00,0.0003490000090096,56,0.0003710000019054,0.0003530000103637,0.0003380000125616,0.0003490000090096
2018-12-30 00:00:00,0.0003370000049471,480,0.0004930000286549,0.0003480000013951,0.0003370000049471,0.0003370000049471
2018-12-31 00:00:00,0.0003030000079888,104,0.0003380000125616,0.0003370000049471,0.0002979999990202,0.0003030000079888
2019-01-01 00:00:00,0.0003549999964889,51,0.0004140000091865,0.0003030000079888,0.0003009999927598,0.0003549999964889
2019-01-02 00:00:00,0.0003919999871868,35,0.0004279999993741,0.0003570000117179,0.000333000003593,0.0003919999871868
2019-01-03 00:00:00,0.0003819999983534,5129,0.0005680000176653,0.0003910000086762,0.0003119999892078,0.0003819999983534
2019-01-04 00:00:00,0.0003370000049471,4056,0.0004119999939575,0.000387000007322,0.0003209999995306,0.0003370000049471
2019-01-05 00:00:00,0.0003480000013951,2677,0.0003680000081658,0.0003469999937806,0.0003290000022388,0.0003480000013951
2019-01-06 00:00:00,0.000384999992093,5943,0.000387000007322,0.0003440000000409,0.0003349999897181,0.000384999992093
2019-01-07 00:00:00,0.0003520000027492,5595,0.0003889999934472,0.000384999992093,0.0003450000076554,0.0003520000027492
2019-01-08 00:00:00,0.0003380000125616,3124,0.0003549999964889,0.0003530000103637,0.0003370000049471,0.0003380000125616
2019-01-09 00:00:00,0.0003389999910723,2932,0.0003509999951347,0.0003370000049471,0.000333000003593,0.0003389999910723
2019-01-10 00:00:00,0.0002920000115409,1854,0.0003420000139158,0.0003389999910723,0.0002899999963119,0.0002920000115409
2019-01-11 00:00:00,0.000296000012895,2521,0.0003030000079888,0.0002910000039264,0.0002899999963119,0.000296000012895
2019-01-12 00:00:00,0.0003089999954681,5238,0.0003239999932702,0.000296000012895,0.0002910000039264,0.0003089999954681
2019-01-13 00:00:00,0.0003009999927598,3817,0.000330999988364,0.0003089999954681,0.0002929999900516,0.0003009999927598
2019-01-14 00:00:00,0.0003079999878536,4288,0.0003220000071451,0.0003009999927598,0.0002950000052805,0.0003079999878536
2019-01-15 00:00:00,0.0002870000025723,3563,0.0003190000134054,0.0003079999878536,0.0002800000074785,0.0002870000025723
2019-01-16 00:00:00,0.0002950000052805,4608,0.0003150000120513,0.0002880000101868,0.0002870000025723,0.0002950000052805
2019-01-17 00:00:00,0.0002950000052805,2935,0.000296000012895,0.0002950000052805,0.0002870000025723,0.0002950000052805
2019-01-18 00:00:00,0.0003000000142492,2710,0.0003060000017285,0.000296000012895,0.0002809999859891,0.0003000000142492
2019-01-19 00:00:00,0.0003030000079888,2747,0.0003089999954681,0.0003020000003743,0.0002920000115409,0.0003030000079888
2019-01-20 00:00:00,0.0002920000115409,4280,0.0003269999870099,0.0003030000079888,0.0002910000039264,0.0002920000115409
2019-01-21 00:00:00,0.0002889999886974,3389,0.0002939999976661,0.0002920000115409,0.0002779999922495,0.0002889999886974
2019-01-22 00:00:00,0.0002910000039264,4796,0.0003239999932702,0.0002899999963119,0.0002830000012181,0.0002910000039264
2019-01-23 00:00:00,0.0002770000137388,8927,0.0002950000052805,0.0002920000115409,0.0002460000105202,0.0002770000137388
2019-01-24 00:00:00,0.0002859999949578,12360,0.0002889999886974,0.0002770000137388,0.0002690000110305,0.0002859999949578
2019-01-25 00:00:00,0.0002749999985098,9665,0.0002920000115409,0.0002870000025723,0.0002669999958015,0.0002749999985098
2019-01-26 00:00:00,0.0002870000025723,10604,0.0002880000101868,0.0002760000061243,0.000250999990385,0.0002870000025723
2019-01-27 00:00:00,0.0002760000061243,10882,0.0002920000115409,0.0002880000101868,0.0002739999908953,0.0002760000061243
2019-01-28 00:00:00,0.0002519999979995,10634,0.0002929999900516,0.0002760000061243,0.0002500000118743,0.0002519999979995
2019-01-29 00:00:00,0.0002570000069681,10462,0.0002619999868329,0.000253000005614,0.000250999990385,0.0002570000069681
2019-01-30 00:00:00,0.0002610000083222,12531,0.0002690000110305,0.0002570000069681,0.0002549999917391,0.0002610000083222
2019-01-31 00:00:00,0.000268000003416,12749,0.0002709999971557,0.0002610000083222,0.0002570000069681,0.000268000003416
2019-02-01 00:00:00,0.0002640000020619,10111,0.0002690000110305,0.0002659999881871,0.0002589999930933,0.0002640000020619
2019-02-02 00:00:00,0.0002699999895412,10365,0.0002709999971557,0.0002640000020619,0.0002589999930933,0.0002699999895412
2019-02-03 00:00:00,0.0002650000096764,10996,0.0002699999895412,0.0002699999895412,0.0002610000083222,0.0002650000096764
2019-02-04 00:00:00,0.0002600000007078,9872,0.0002699999895412,0.0002659999881871,0.0002589999930933,0.0002600000007078
2019-02-05 00:00:00,0.0002579999854788,9841,0.000268000003416,0.0002600000007078,0.0002490000042598,0.0002579999854788
2019-02-06 00:00:00,0.0002460000105202,8978,0.0002589999930933,0.0002589999930933,0.0002349999995203,0.0002460000105202
2019-02-07 00:00:00,0.0002460000105202,7976,0.0002519999979995,0.0002460000105202,0.0002439999952912,0.0002460000105202
2019-02-08 00:00:00,0.0002540000132285,10085,0.0002619999868329,0.0002460000105202,0.0002430000022286,0.0002540000132285
2019-02-09 00:00:00,0.0002770000137388,10727,0.000278999999864,0.0002540000132285,0.0002540000132285,0.0002770000137388
2019-02-10 00:00:00,0.0002779999922495,17304,0.000278999999864,0.0002760000061243,0.0002490000042598,0.0002779999922495
2019-02-11 00:00:00,0.0002699999895412,7091,0.000278999999864,0.000278999999864,0.0002570000069681,0.0002699999895412
2019-02-12 00:00:00,0.0002600000007078,6955,0.0002699999895412,0.0002699999895412,0.0002549999917391,0.0002600000007078
2019-02-13 00:00:00,0.0002699999895412,8582,0.0002760000061243,0.0002600000007078,0.0002589999930933,0.0002699999895412
2019-02-14 00:00:00,0.0002579999854788,7896,0.0002749999985098,0.0002690000110305,0.0002579999854788,0.0002579999854788
2019-02-15 00:00:00,0.0002629999944474,8498,0.0002720000047702,0.0002579999854788,0.0002579999854788,0.0002629999944474
2019-02-16 00:00:00,0.000268000003416,7392,0.0002690000110305,0.0002640000020619,0.0002430000022286,0.000268000003416
2019-02-17 00:00:00,0.0002779999922495,7949,0.0002779999922495,0.000268000003416,0.0002619999868329,0.0002779999922495
2019-02-18 00:00:00,0.0002910000039264,7318,0.0002929999900516,0.0002760000061243,0.0002720000047702,0.0002910000039264
2019-02-19 00:00:00,0.0002899999963119,9093,0.0003009999927598,0.0002899999963119,0.0002870000025723,0.0002899999963119
2019-02-20 00:00:00,0.0003539999888744,10356,0.000358999997843,0.0002899999963119,0.0002840000088326,0.0003539999888744
2019-02-21 00:00:00,0.0003359999973326,9415,0.0003539999888744,0.0003539999888744,0.0003239999932702,0.0003359999973326
2019-02-22 00:00:00,0.0003429999924264,9783,0.0003440000000409,0.0003359999973326,0.000330999988364,0.0003429999924264
2019-02-23 00:00:00,0.0003619999915827,11458,0.0003659999929368,0.0003420000139158,0.0003370000049471,0.0003619999915827
2019-02-24 00:00:00,0.0003100000030826,9333,0.0003729999880306,0.0003619999915827,0.0003079999878536,0.0003100000030826
2019-02-25 00:00:00,0.0003110000106971,9369,0.0003209999995306,0.0003100000030826,0.0003039999864995,0.0003110000106971
2019-02-26 00:00:00,0.0003110000106971,9494,0.0003169999981764,0.0003110000106971,0.0003030000079888,0.0003110000106971
2019-02-27 00:00:00,0.0003110000106971,9047,0.0003140000044368,0.0003110000106971,0.0003020000003743,0.0003110000106971
2019-02-28 00:00:00,0.0003079999878536,9724,0.0003239999932702,0.0003110000106971,0.0003020000003743,0.0003079999878536
2019-03-01 00:00:00,0.0003110000106971,8498,0.0003220000071451,0.0003079999878536,0.0003039999864995,0.0003110000106971
2019-03-02 00:00:00,0.0003100000030826,9938,0.0003199999919161,0.0003110000106971,0.000307000009343,0.0003100000030826
2019-03-03 00:00:00,0.0003030000079888,8656,0.0003190000134054,0.0003100000030826,0.0003009999927598,0.0003030000079888
2019-03-04 00:00:00,0.0002910000039264,8593,0.0003060000017285,0.0003030000079888,0.0002870000025723,0.0002910000039264
2019-03-05 00:00:00,0.0003180000057909,9882,0.0003260000084992,0.0002910000039264,0.0002819999936036,0.0003180000057909
2019-03-06 00:00:00,0.0003110000106971,10310,0.0003239999932702,0.0003190000134054,0.0003100000030826,0.0003110000106971
2019-03-07 00:00:00,0.0003180000057909,11026,0.0003209999995306,0.0003110000106971,0.0003100000030826,0.0003180000057909
2019-03-08 00:00:00,0.0003110000106971,10268,0.0003229999856557,0.0003180000057909,0.000304999994114,0.0003110000106971
2019-03-09 00:00:00,0.0003229999856557,11467,0.0003239999932702,0.0003089999954681,0.0003089999954681,0.0003229999856557
2019-03-10 00:00:00,0.0003129999968223,10541,0.0003239999932702,0.0003239999932702,0.0003089999954681,0.0003129999968223
2019-03-11 00:00:00,0.0003119999892078,10702,0.0003199999919161,0.0003140000044368,0.0003100000030826,0.0003119999892078
2019-03-12 00:00:00,0.0003239999932702,8660,0.0003239999932702,0.0003129999968223,0.0003020000003743,0.0003239999932702
2019-03-13 00:00:00,0.0003209999995306,10519,0.0003250000008847,0.0003250000008847,0.0003129999968223,0.0003209999995306
2019-03-14 00:00:00,0.0003140000044368,10296,0.0003199999919161,0.0003180000057909,0.0003089999954681,0.0003140000044368
2019-03-15 00:00:00,0.0003229999856557,10727,0.0003250000008847,0.0003140000044368,0.0003100000030826,0.0003229999856557
2019-03-16 00:00:00,0.0003340000112075,11396,0.0003399999986868,0.0003239999932702,0.0003239999932702,0.0003340000112075
2019-03-17 00:00:00,0.0003359999973326,11194,0.0003520000027492,0.0003340000112075,0.0003269999870099,0.0003359999973326
2019-03-18 00:00:00,0.0003269999870099,11191,0.0003410000063013,0.0003370000049471,0.0003260000084992,0.0003269999870099
2019-03-19 00:00:00,0.000330999988364,11350,0.0003389999910723,0.0003279999946244,0.0003279999946244,0.000330999988364
2019-03-20 00:00:00,0.0003319999959785,11908,0.0003440000000409,0.000330999988364,0.0003269999870099,0.0003319999959785
2019-03-21 00:00:00,0.0003190000134054,11506,0.0003359999973326,0.0003319999959785,0.0003150000120513,0.0003190000134054
2019-03-22 00:00:00,0.0003140000044368,10965,0.0003239999932702,0.0003169999981764,0.0003110000106971,0.0003140000044368
2019-03-23 00:00:00,0.0003199999919161,10247,0.0003250000008847,0.0003140000044368,0.0003119999892078,0.0003199999919161
2019-03-24 00:00:00,0.0003110000106971,10536,0.0003199999919161,0.0003199999919161,0.0003100000030826,0.0003110000106971
2019-03-25 00:00:00,0.0003110000106971,10243,0.0003190000134054,0.0003119999892078,0.0003039999864995,0.0003110000106971
2019-03-26 00:00:00,0.0003110000106971,10644,0.0003140000044368,0.0003110000106971,0.0003060000017285,0.0003110000106971
2019-03-27 00:00:00,0.0003239999932702,10922,0.0003260000084992,0.0003110000106971,0.0003030000079888,0.0003239999932702
2019-03-28 00:00:00,0.0003490000090096,12014,0.0003490000090096,0.0003239999932702,0.0003110000106971,0.0003490000090096
2019-03-29 00:00:00,0.0003269999870099,9757,0.0003499999875202,0.0003490000090096,0.0003180000057909,0.0003269999870099
2019-03-30 00:00:00,0.0003229999856557,11754,0.0003539999888744,0.0003269999870099,0.0003190000134054,0.0003229999856557
2019-03-31 00:00:00,0.0003239999932702,10725,0.0003319999959785,0.0003229999856557,0.0003190000134054,0.0003239999932702
2019-04-01 00:00:00,0.0003159999905619,11552,0.0003269999870099,0.0003239999932702,0.0003079999878536,0.0003159999905619
2019-04-02 00:00:00,0.0003999999898951,16390,0.0004070000140927,0.0003159999905619,0.0003159999905619,0.0003999999898951
2019-04-03 00:00:00,0.0003819999983534,81904,0.0004180000105407,0.0003999999898951,0.0003750000032596,0.0003819999983534
2019-04-04 00:00:00,0.0003800000122282,85249,0.000395999988541,0.0003830000059679,0.0003739999956451,0.0003800000122282
2019-04-05 00:00:00,0.000387000007322,83193,0.0003950000100303,0.0003800000122282,0.0003720000095199,0.000387000007322
2019-04-06 00:00:00,0.000395999988541,89524,0.0004070000140927,0.000387000007322,0.0003819999983534,0.000395999988541
2019-04-07 00:00:00,0.000410999986343,87687,0.0004189999890513,0.000395999988541,0.0003889999934472,0.000410999986343
2019-04-08 00:00:00,0.0004149999876972,77936,0.0004299999854993,0.000410999986343,0.0003919999871868,0.0004149999876972
2019-04-09 00:00:00,0.0003760000108741,83907,0.0004170000029262,0.0004149999876972,0.0003659999929368,0.0003760000108741
2019-04-10 00:00:00,0.0004159999953117,85372,0.000441000011051,0.0003760000108741,0.0003680000081658,0.0004159999953117
2019-04-11 00:00:00,0.0004469999985303,97589,0.0005450000171549,0.0004159999953117,0.0004060000064782,0.0004469999985303
2019-04-12 00:00:00,0.0004400000034365,86453,0.00047599998652,0.0004469999985303,0.0004070000140927,0.0004400000034365
2019-04-13 00:00:00,0.00042399999802,87684,0.0004550000012386,0.0004290000069886,0.0004180000105407,0.00042399999802
2019-04-14 00:00:00,0.0003830000059679,82388,0.0004260000132489,0.00042399999802,0.0003779999969992,0.0003830000059679
2019-04-15 00:00:00,0.0003480000013951,64462,0.0003929999948013,0.0003830000059679,0.0003410000063013,0.0003480000013951
2019-04-16 00:00:00,0.0003579999902285,79858,0.0003689999866764,0.0003509999951347,0.0003359999973326,0.0003579999902285
2019-04-17 00:00:00,0.0003790000046137,68107,0.000387000007322,0.0003570000117179,0.0003560000041034,0.0003790000046137
2019-04-18 00:00:00,0.0004030000127386,73158,0.0004309999931138,0.0003790000046137,0.0003640000068116,0.0004030000127386
2019-04-19 00:00:00,0.0004429999971762,97581,0.0004560000088531,0.0004049999988637,0.0003980000037699,0.0004429999971762
2019-04-20 00:00:00,0.0004320000007282,90186,0.0004630000039469,0.0004419999895617,0.0004189999890513,0.0004320000007282
2019-04-21 00:00:00,0.0004469999985303,88474,0.0004579999949783,0.0004339999868534,0.0003980000037699,0.0004469999985303
2019-04-22 00:00:00,0.0004469999985303,101289,0.0004689999914262,0.0004440000047907,0.0004290000069886,0.0004469999985303
2019-04-23 00:00:00,0.0004579999949783,85846,0.000478000001749,0.0004480000061448,0.0004090000002179,0.0004579999949783
2019-04-24 00:00:00,0.00047599998652,90579,0.0004860000044573,0.0004569999873638,0.000441000011051,0.00047599998652
2019-04-25 00:00:00,0.0004509999998845,88083,0.0004849999968428,0.00047599998652,0.0004459999909158,0.0004509999998845
2019-04-26 00:00:00,0.00044999999227,89749,0.0004630000039469,0.0004469999985303,0.0004379999882075,0.00044999999227
2019-04-27 00:00:00,0.0004600000102072,87481,0.0004699999990407,0.0004509999998845,0.0004429999971762,0.0004600000102072
2019-04-28 00:00:00,0.0004710000066552,90437,0.0004769999941345,0.0004640000115614,0.0004509999998845,0.0004710000066552
2019-04-29 00:00:00,0.0004539999936241,85723,0.0004830000107176,0.0004659999976865,0.00044999999227,0.0004539999936241
2019-04-30 00:00:00,0.0004799999878741,93145,0.0005009999731555,0.0004550000012386,0.0004480000061448,0.0004799999878741
2019-05-01 00:00:00,0.00047599998652,93658,0.0004920000210404,0.0004799999878741,0.0004640000115614,0.00047599998652
2019-05-02 00:00:00,0.0004769999941345,100002,0.0004889999981969,0.0004769999941345,0.0004699999990407,0.0004769999941345
2019-05-03 00:00:00,0.0004889999981969,96948,0.0005130000063218,0.00047599998652,0.0004720000142697,0.0004889999981969
2019-05-04 00:00:00,0.0004959999932907,96862,0.0005130000063218,0.0004889999981969,0.0004729999927803,0.0004959999932907
2019-05-05 00:00:00,0.0005399999790824,103736,0.0005510000046342,0.0004959999932907,0.0004870000120718,0.0005399999790824
2019-05-06 00:00:00,0.0005339999916031,112174,0.000557999999728,0.000538999971468,0.0005200000014156,0.0005339999916031
2019-05-07 00:00:00,0.0007440000190399,135351,0.0007650000043213,0.0005349999992176,0.0005339999916031,0.0007440000190399
2019-05-08 00:00:00,0.0006900000153109,158446,0.0008180000004358,0.0007450000266544,0.0005879999953322,0.0006900000153109
2019-05-09 00:00:00,0.0006360000115819,130802,0.0007110000005923,0.0006970000104047,0.0006210000137798,0.0006360000115819
2019-05-10 00:00:00,0.0005709999823011,117714,0.000646999978926,0.0006360000115819,0.0005489999894052,0.0005709999823011
2019-05-11 00:00:00,0.0005879999953322,104729,0.0006150000263005,0.0005709999823011,0.0005489999894052,0.0005879999953322
2019-05-12 00:00:00,0.000557999999728,101568,0.000612000003457,0.0005939999828115,0.0005130000063218,0.000557999999728
2019-05-13 00:00:00,0.0005939999828115,108085,0.0006300000241026,0.000557999999728,0.0005179999861866,0.0005939999828115
2019-05-14 00:00:00,0.0006220000213943,116705,0.0006290000164881,0.0006009999779053,0.0005460000247694,0.0006220000213943
2019-05-15 00:00:00,0.0006360000115819,130565,0.0006370000191964,0.0006189999985508,0.0006070000235922,0.0006360000115819
2019-05-16 00:00:00,0.0006629999843426,117968,0.0006929999799467,0.0006360000115819,0.000614000018686,0.0006629999843426
2019-05-17 00:00:00,0.0006189999985508,116728,0.0006709999870508,0.0006629999843426,0.000594999990426,0.0006189999985508
2019-05-18 00:00:00,0.0006009999779053,117417,0.0006500000017695,0.0006189999985508,0.0005830000154674,0.0006009999779053
2019-05-19 00:00:00,0.0006459999713115,137405,0.0006740000098943,0.0005970000056549,0.0005939999828115,0.0006459999713115
2019-05-20 00:00:00,0.0006300000241026,132684,0.0006900000153109,0.0006459999713115,0.0006200000061653,0.0006300000241026
2019-05-21 00:00:00,0.0006539999740198,125832,0.0006840000278316,0.0006319999811239,0.0006239999784156,0.0006539999740198
2019-05-22 00:00:00,0.0006220000213943,134700,0.0006709999870508,0.0006539999740198,0.0006169999833218,0.0006220000213943
2019-05-23 00:00:00,0.0006580000044777,129251,0.0006779999821446,0.0006220000213943,0.0006130000110715,0.0006580000044777
2019-05-24 00:00:00,0.0006360000115819,134383,0.0006910000229254,0.0006580000044777,0.0006309999735094,0.0006360000115819
2019-05-25 00:00:00,0.0006590000120922,130575,0.000663999991957,0.0006360000115819,0.0006300000241026,0.0006590000120922
2019-05-26 00:00:00,0.0006760000251233,115195,0.0006869999924674,0.0006580000044777,0.0005959999980404,0.0006760000251233
2019-05-27 00:00:00,0.0006779999821446,121651,0.0006980000180192,0.0006760000251233,0.0006459999713115,0.0006779999821446
2019-05-28 00:00:00,0.000668000022415,119521,0.0006840000278316,0.0006779999821446,0.0006459999713115,0.000668000022415
2019-05-29 00:00:00,0.0006619999767281,131213,0.0006849999772384,0.000668000022415,0.0006409999914467,0.0006619999767281
2019-05-30 00:00:00,0.0006559999892488,134229,0.0007280000136233,0.0006619999767281,0.0006409999914467,0.0006559999892488
2019-05-31 00:00:00,0.0007210000185295,140701,0.0007280000136233,0.0006559999892488,0.0006450000219047,0.0007210000185295
2019-06-01 00:00:00,0.0007430000114254,130128,0.0007859999896027,0.0007210000185295,0.0007099999929778,0.0007430000114254
2019-06-02 00:00:00,0.0007370000239461,161743,0.0007810000097379,0.0007430000114254,0.0007200000109151,0.0007370000239461
2019-06-03 00:00:00,0.0006900000153109,143506,0.0007629999890923,0.0007370000239461,0.0006730000022798,0.0006900000153109
2019-06-04 00:00:00,0.0006409999914467,55181,0.0006939999875612,0.0006890000076964,0.0006040000007487,0.0006409999914467
2019-06-05 00:00:00,0.0006249999860301,21388,0.0006670000148005,0.0006409999914467,0.0006130000110715,0.0006249999860301
2019-06-06 00:00:00,0.0006389999762177,21842,0.0006479999865405,0.0006249999860301,0.0006179999909363,0.0006389999762177
2019-06-07 00:00:00,0.0007200000109151,66237,0.0007290000212378,0.0006430000066757,0.0006370000191964,0.0007200000109151
2019-06-08 00:00:00,0.000722000026144,163652,0.0007500000065192,0.0007190000033006,0.0007019999902695,0.000722000026144
2019-06-09 00:00:00,0.0006859999848529,120194,0.0007409999961964,0.0007190000033006,0.0006590000120922,0.0006859999848529
2019-06-10 00:00:00,0.0007280000136233,135688,0.0007520000217482,0.0006840000278316,0.0006649999995715,0.0007280000136233
2019-06-11 00:00:00,0.0007179999956861,140421,0.0007500000065192,0.0007469999836757,0.0006980000180192,0.0007179999956861
2019-06-12 00:00:00,0.0007210000185295,129631,0.0007399999885819,0.000722000026144,0.0007089999853633,0.0007210000185295
2019-06-13 00:00:00,0.0007280000136233,150156,0.0007379999733529,0.0007290000212378,0.0007120000082068,0.0007280000136233
2019-06-14 00:00:00,0.0007459999760612,144393,0.0007510000141337,0.0007270000060088,0.0007190000033006,0.0007459999760612
2019-06-15 00:00:00,0.0007280000136233,152571,0.0007500000065192,0.0007469999836757,0.000707000028342,0.0007280000136233
2019-06-16 00:00:00,0.0007140000234358,137850,0.0007409999961964,0.0007280000136233,0.0007019999902695,0.0007140000234358
2019-06-17 00:00:00,0.0007229999755509,152114,0.0007379999733529,0.0007140000234358,0.0007120000082068,0.0007229999755509
2019-06-18 00:00:00,0.0007110000005923,131822,0.0007319999858736,0.0007249999907799,0.0006970000104047,0.0007110000005923
2019-06-19 00:00:00,0.0007210000185295,153268,0.0007340000011026,0.0007169999880716,0.0006970000104047,0.0007210000185295
2019-06-20 00:00:00,0.0007370000239461,165150,0.0007479999912902,0.0007200000109151,0.0007169999880716,0.0007370000239461
2019-06-21 00:00:00,0.0007469999836757,194804,0.0007609999738633,0.0007360000163316,0.0007239999831654,0.0007469999836757
2019-06-22 00:00:00,0.0007800000021234,178600,0.0008350000134669,0.0007500000065192,0.0007309999782592,0.0007800000021234
2019-06-23 00:00:00,0.0007859999896027,188800,0.0008270000107586,0.0007830000249668,0.0007600000244565,0.0007859999896027
2019-06-24 00:00:00,0.0008769999840296,226476,0.0010049999691545,0.0007859999896027,0.0007699999841861,0.0008769999840296
2019-06-25 00:00:00,0.0009009999921545,196275,0.0009139999747276,0.0008769999840296,0.0008290000259876,0.0009009999921545
2019-06-26 00:00:00,0.0008740000193938,214934,0.0009309999877586,0.0009009999921545,0.0008299999753944,0.0008740000193938
2019-06-27 00:00:00,0.0007949999999254,192414,0.0008950000046752,0.0008740000193938,0.0007459999760612,0.0007949999999254
2019-06-28 00:00:00,0.0008299999753944,170205,0.0008399999933317,0.0007970000151544,0.0007629999890923,0.0008299999753944
2019-06-29 00:00:00,0.0007430000114254,189237,0.0008309999830089,0.0008309999830089,0.0007430000114254,0.0007430000114254
2019-06-30 00:00:00,0.0006910000229254,172179,0.0007670000195503,0.0007430000114254,0.0006900000153109,0.0006910000229254
2019-07-01 00:00:00,0.0006799999973736,174008,0.000722000026144,0.0006910000229254,0.0006670000148005,0.0006799999973736
2019-07-02 00:00:00,0.0007140000234358,164934,0.0007140000234358,0.0006799999973736,0.0006350000039674,0.0007140000234358
2019-07-03 00:00:00,0.0007340000011026,194678,0.0007459999760612,0.0007140000234358,0.0006830000202171,0.0007340000011026
2019-07-04 00:00:00,0.000722000026144,164166,0.0007660000119358,0.0007340000011026,0.0006900000153109,0.000722000026144
2019-07-05 00:00:00,0.0007559999939985,170618,0.0007730000070296,0.000722000026144,0.0007140000234358,0.0007559999939985
2019-07-06 00:00:00,0.0007130000158213,181636,0.0008050000178627,0.000757000001613,0.0007089999853633,0.0007130000158213
2019-07-07 00:00:00,0.0007830000249668,199197,0.0007970000151544,0.0007130000158213,0.0007099999929778,0.0007830000249668
2019-07-08 00:00:00,0.0007779999868944,184719,0.000793999992311,0.0007830000249668,0.0007259999983943,0.0007779999868944
2019-07-09 00:00:00,0.0007619999814778,188560,0.000811000005342,0.0007789999945089,0.0007450000266544,0.0007619999814778
2019-07-10 00:00:00,0.0007450000266544,148229,0.0007789999945089,0.0007619999814778,0.0006810000049881,0.0007450000266544
2019-07-11 00:00:00,0.0006479999865405,51550,0.0007450000266544,0.0007450000266544,0.0006399999838322,0.0006479999865405
2019-07-12 00:00:00,0.0007329999934881,190334,0.0007500000065192,0.0006479999865405,0.0006450000219047,0.0007329999934881
2019-07-13 00:00:00,0.000705000013113,201829,0.0007489999989047,0.0007340000011026,0.0006590000120922,0.000705000013113
2019-07-14 00:00:00,0.0005629999795928,151797,0.0007060000207275,0.000705000013113,0.0005469999741762,0.0005629999795928
2019-07-15 00:00:00,0.0005840000230818,167975,0.000614000018686,0.0005639999872073,0.0005469999741762,0.0005840000230818
2019-07-16 00:00:00,0.0006159999757073,188183,0.0006530000246129,0.0005840000230818,0.0005830000154674,0.0006159999757073
2019-07-17 00:00:00,0.0005859999801032,261249,0.0006159999757073,0.0006150000263005,0.000555999984499,0.0005859999801032
2019-07-18 00:00:00,0.0006249999860301,396502,0.0006380000268109,0.0005859999801032,0.000557999999728,0.0006249999860301
2019-07-19 00:00:00,0.000648999994155,403921,0.000663999991957,0.0006249999860301,0.0006060000159777,0.000648999994155
2019-07-20 00:00:00,0.0006419999990612,398132,0.0006619999767281,0.000648999994155,0.0005980000132694,0.0006419999990612
2019-07-21 00:00:00,0.0006109999958425,409971,0.0006619999767281,0.0006419999990612,0.000592999975197,0.0006109999958425
2019-07-22 00:00:00,0.0006109999958425,388980,0.0006370000191964,0.0006109999958425,0.0006000000284984,0.0006109999958425
2019-07-23 00:00:00,0.0005820000078529,341082,0.0006200000061653,0.0006109999958425,0.0005719999899156,0.0005820000078529
2019-07-24 00:00:00,0.0005719999899156,357919,0.0006019999855197,0.0005820000078529,0.0005660000024363,0.0005719999899156
2019-07-25 00:00:00,0.0006280000088736,411239,0.0006300000241026,0.0005719999899156,0.0005699999746866,0.0006280000088736
2019-07-26 00:00:00,0.0006459999713115,399490,0.0006719999946653,0.0006280000088736,0.0006089999806135,0.0006459999713115
2019-07-27 00:00:00,0.0006239999784156,178151,0.0006750000175088,0.0006459999713115,0.0005910000181756,0.0006239999784156
2019-07-28 00:00:00,0.0006409999914467,426183,0.0006530000246129,0.0006239999784156,0.0006159999757073,0.0006409999914467
2019-07-29 00:00:00,0.0006399999838322,312246,0.000646999978926,0.0006409999914467,0.000612000003457,0.0006399999838322
2019-07-30 00:00:00,0.0006300000241026,401046,0.000666000007186,0.0006399999838322,0.0006009999779053,0.0006300000241026
2019-07-31 00:00:00,0.0006619999767281,438378,0.0006649999995715,0.0006300000241026,0.0006159999757073,0.0006619999767281
2019-08-01 00:00:00,0.0006389999762177,336169,0.0006760000251233,0.0006629999843426,0.0006249999860301,0.0006389999762177
2019-08-02 00:00:00,0.0006389999762177,271556,0.0007469999836757,0.0006409999914467,0.0005980000132694,0.0006389999762177
2019-08-03 00:00:00,0.0006220000213943,194521,0.0006559999892488,0.0006389999762177,0.0006040000007487,0.0006220000213943
2019-08-04 00:00:00,0.0005920000257901,193788,0.000646999978926,0.0006220000213943,0.0005849999724887,0.0005920000257901
2019-08-05 00:00:00,0.0006399999838322,163181,0.0006440000142902,0.0005920000257901,0.0005820000078529,0.0006399999838322
2019-08-06 00:00:00,0.0006070000235922,137244,0.0006430000066757,0.0006399999838322,0.0006019999855197,0.0006070000235922
2019-08-07 00:00:00,0.0006200000061653,90765,0.0006350000039674,0.0006070000235922,0.0005869999877177,0.0006200000061653
2019-08-08 00:00:00,0.0005900000105611,99338,0.0006239999784156,0.0006200000061653,0.0005440000095404,0.0005900000105611
2019-08-09 00:00:00,0.0005920000257901,109560,0.0006000000284984,0.0005900000105611,0.0005649999948218,0.0005920000257901
2019-08-10 00:00:00,0.0005840000230818,101031,0.0006050000083632,0.0005920000257901,0.0005709999823011,0.0005840000230818
2019-08-11 00:00:00,0.0005970000056549,123881,0.0005990000208839,0.0005840000230818,0.0005680000176653,0.0005970000056549
2019-08-12 00:00:00,0.0005859999801032,145453,0.0005970000056549,0.0005970000056549,0.0005569999921135,0.0005859999801032
2019-08-13 00:00:00,0.0005680000176653,150035,0.0005980000132694,0.0005859999801032,0.0005370000144466,0.0005680000176653
2019-08-14 00:00:00,0.000508000026457,146673,0.0005830000154674,0.0005680000176653,0.0004900000058114,0.000508000026457
2019-08-15 00:00:00,0.0004949999856762,126258,0.0005590000073425,0.000508000026457,0.0004790000093635,0.0004949999856762
2019-08-16 00:00:00,0.0004889999981969,107160,0.0005179999861866,0.0004949999856762,0.0004659999976865,0.0004889999981969
2019-08-17 00:00:00,0.0004799999878741,98832,0.0005009999731555,0.0004889999981969,0.0004729999927803,0.0004799999878741
2019-08-18 00:00:00,0.0004790000093635,100420,0.0004939999780617,0.0004799999878741,0.000467000005301,0.0004790000093635
2019-08-19 00:00:00,0.0004839999892283,90742,0.000506000011228,0.0004790000093635,0.0004659999976865,0.0004839999892283
2019-08-20 00:00:00,0.0005280000041238,127869,0.0005520000122487,0.0004839999892283,0.0004710000066552,0.0005280000041238
2019-08-21 00:00:00,0.0005169999785721,174417,0.0005360000068321,0.0005280000041238,0.000478000001749,0.0005169999785721
2019-08-22 00:00:00,0.0004959999932907,172281,0.0005360000068321,0.0005169999785721,0.0004910000134259,0.0004959999932907
2019-08-23 00:00:00,0.0005169999785721,125030,0.0005520000122487,0.0004959999932907,0.0004860000044573,0.0005169999785721
2019-08-24 00:00:00,0.0004590000025928,139920,0.0005489999894052,0.0005169999785721,0.0004480000061448,0.0004590000025928
2019-08-25 00:00:00,0.0004729999927803,138373,0.0005709999823011,0.0004590000025928,0.0004550000012386,0.0004729999927803
2019-08-26 00:00:00,0.0005000000237487,141080,0.0005569999921135,0.0004740000003948,0.0004400000034365,0.0005000000237487
2019-08-27 00:00:00,0.0004809999954886,101242,0.0005169999785721,0.0004990000161342,0.0004560000088531,0.0004809999954886
2019-08-28 00:00:00,0.0004400000034365,96223,0.0004820000031031,0.0004809999954886,0.0004199999966658,0.0004400000034365
2019-08-29 00:00:00,0.0004539999936241,106058,0.0004579999949783,0.0004400000034365,0.0004090000002179,0.0004539999936241
2019-08-30 00:00:00,0.0004539999936241,163058,0.0004970000009052,0.0004539999936241,0.0004379999882075,0.0004539999936241
2019-08-31 00:00:00,0.0004220000118948,139277,0.0004689999914262,0.0004539999936241,0.0004030000127386,0.0004220000118948
2019-09-01 00:00:00,0.0003980000037699,158193,0.000438999995822,0.0004220000118948,0.0003830000059679,0.0003980000037699
2019-09-02 00:00:00,0.0004279999993741,171635,0.000438999995822,0.0003980000037699,0.0003940000024158,0.0004279999993741
2019-09-03 00:00:00,0.0004009999975096,96554,0.0004419999895617,0.0004279999993741,0.0003670000005513,0.0004009999975096
2019-09-04 00:00:00,0.0003919999871868,106522,0.0004199999966658,0.0004020000051241,0.0003910000086762,0.0003919999871868
2019-09-05 00:00:00,0.0003910000086762,205290,0.0003999999898951,0.0003919999871868,0.0003710000019054,0.0003910000086762
2019-09-06 00:00:00,0.0004060000064782,199417,0.0004220000118948,0.0003910000086762,0.0003889999934472,0.0004060000064782
2019-09-07 00:00:00,0.0004100000078324,220183,0.0004199999966658,0.0004039999912492,0.0003980000037699,0.0004100000078324
2019-09-08 00:00:00,0.0003999999898951,208433,0.0004159999953117,0.0004100000078324,0.0003980000037699,0.0003999999898951
2019-09-09 00:00:00,0.0003840000135824,205494,0.0004020000051241,0.0003999999898951,0.0003699999942909,0.0003840000135824
2019-09-10 00:00:00,0.0003980000037699,225153,0.0004100000078324,0.0003830000059679,0.0003790000046137,0.0003980000037699
2019-09-11 00:00:00,0.0003879999858327,198854,0.0004049999988637,0.0003980000037699,0.0003790000046137,0.0003879999858327
2019-09-12 00:00:00,0.0003879999858327,190294,0.0004030000127386,0.0003900000010617,0.0003790000046137,0.0003879999858327
2019-09-13 00:00:00,0.0003999999898951,207860,0.0004079999926034,0.0003879999858327,0.0003840000135824,0.0003999999898951
2019-09-14 00:00:00,0.0003929999948013,218566,0.0004090000002179,0.0003999999898951,0.0003879999858327,0.0003929999948013
2019-09-15 00:00:00,0.0003879999858327,198342,0.0003980000037699,0.0003929999948013,0.0003680000081658,0.0003879999858327
2019-09-16 00:00:00,0.0003859999997075,201779,0.0003950000100303,0.0003879999858327,0.0003499999875202,0.0003859999997075
2019-09-17 00:00:00,0.000384999992093,196974,0.0003999999898951,0.0003859999997075,0.000361000013072,0.000384999992093
2019-09-18 00:00:00,0.0003950000100303,187468,0.000410999986343,0.000384999992093,0.0003680000081658,0.0003950000100303
2019-09-19 00:00:00,0.000410999986343,194990,0.000410999986343,0.0003950000100303,0.0003600000054575,0.000410999986343
2019-09-20 00:00:00,0.0003750000032596,206325,0.000410999986343,0.000410999986343,0.0003670000005513,0.0003750000032596
2019-09-21 00:00:00,0.0003729999880306,203222,0.0003840000135824,0.0003750000032596,0.000358999997843,0.0003729999880306
2019-09-22 00:00:00,0.0003729999880306,183511,0.0003809999907389,0.0003729999880306,0.000361000013072,0.0003729999880306
2019-09-23 00:00:00,0.0003509999951347,179225,0.0003769999893847,0.0003729999880306,0.0003490000090096,0.0003509999951347
2019-09-24 00:00:00,0.0002849999873433,143463,0.0003710000019054,0.0003509999951347,0.0002819999936036,0.0002849999873433
2019-09-25 00:00:00,0.0002880000101868,149221,0.0003180000057909,0.0002849999873433,0.0002800000074785,0.0002880000101868
2019-09-26 00:00:00,0.000278999999864,147581,0.000304999994114,0.0002880000101868,0.0002730000123847,0.000278999999864
2019-09-27 00:00:00,0.0002920000115409,169630,0.0002969999914057,0.000278999999864,0.0002720000047702,0.0002920000115409
2019-09-28 00:00:00,0.0003030000079888,152660,0.000307000009343,0.0002910000039264,0.0002770000137388,0.0003030000079888
2019-09-29 00:00:00,0.0003039999864995,149504,0.0003199999919161,0.0003000000142492,0.0002990000066347,0.0003039999864995
2019-09-30 00:00:00,0.0003199999919161,169970,0.0003220000071451,0.0003039999864995,0.000296000012895,0.0003199999919161
2019-10-01 00:00:00,0.0002920000115409,160511,0.0003239999932702,0.0003199999919161,0.0002849999873433,0.0002920000115409
2019-10-02 00:00:00,0.0002880000101868,157509,0.0003000000142492,0.0002920000115409,0.0002819999936036,0.0002880000101868
2019-10-03 00:00:00,0.0003159999905619,156284,0.0003199999919161,0.0002899999963119,0.0002849999873433,0.0003159999905619
2019-10-04 00:00:00,0.0003150000120513,167332,0.0003229999856557,0.0003150000120513,0.0003119999892078,0.0003150000120513
2019-10-05 00:00:00,0.0003140000044368,168583,0.0003180000057909,0.0003150000120513,0.0002979999990202,0.0003140000044368
2019-10-06 00:00:00,0.000304999994114,152868,0.0003150000120513,0.0003140000044368,0.0002969999914057,0.000304999994114
2019-10-07 00:00:00,0.0003000000142492,122216,0.0003140000044368,0.000304999994114,0.000296000012895,0.0003000000142492
2019-10-08 00:00:00,0.0003290000022388,109843,0.0003290000022388,0.0003000000142492,0.0002939999976661,0.0003290000022388
2019-10-09 00:00:00,0.0003020000003743,116951,0.0003440000000409,0.0003290000022388,0.0003020000003743,0.0003020000003743
2019-10-10 00:00:00,0.0003279999946244,83520,0.000330999988364,0.0003020000003743,0.0002979999990202,0.0003279999946244
2019-10-11 00:00:00,0.0003239999932702,105489,0.0003349999897181,0.0003279999946244,0.0003079999878536,0.0003239999932702
2019-10-12 00:00:00,0.0003300000098533,118359,0.0003420000139158,0.0003239999932702,0.0003180000057909,0.0003300000098533
2019-10-13 00:00:00,0.0003269999870099,117571,0.0003420000139158,0.0003290000022388,0.000304999994114,0.0003269999870099
2019-10-14 00:00:00,0.0003150000120513,138880,0.000330999988364,0.0003269999870099,0.0002969999914057,0.0003150000120513
2019-10-15 00:00:00,0.0003159999905619,123788,0.0003300000098533,0.0003150000120513,0.0002979999990202,0.0003159999905619
2019-10-16 00:00:00,0.0002939999976661,132212,0.0003150000120513,0.0003150000120513,0.0002859999949578,0.0002939999976661
2019-10-17 00:00:00,0.0003030000079888,127875,0.0003180000057909,0.0002939999976661,0.0002920000115409,0.0003030000079888
2019-10-18 00:00:00,0.0003060000017285,127563,0.0003140000044368,0.0003030000079888,0.0002920000115409,0.0003060000017285
2019-10-19 00:00:00,0.000296000012895,120440,0.0003129999968223,0.0003060000017285,0.0002889999886974,0.000296000012895
2019-10-20 00:00:00,0.0003100000030826,134078,0.0003100000030826,0.0002969999914057,0.0002880000101868,0.0003100000030826
2019-10-21 00:00:00,0.0002880000101868,141211,0.0003140000044368,0.0003100000030826,0.0002849999873433,0.0002880000101868
2019-10-22 00:00:00,0.0002849999873433,138860,0.0002990000066347,0.0002889999886974,0.0002749999985098,0.0002849999873433
2019-10-23 00:00:00,0.0002579999854788,115321,0.0002880000101868,0.0002849999873433,0.000250999990385,0.0002579999854788
2019-10-24 00:00:00,0.0002779999922495,120730,0.0002859999949578,0.0002579999854788,0.0002579999854788,0.0002779999922495
2019-10-25 00:00:00,0.0003260000084992,139772,0.0003340000112075,0.0002779999922495,0.0002669999958015,0.0003260000084992
2019-10-26 00:00:00,0.0003129999968223,124550,0.0003579999902285,0.0003260000084992,0.0002809999859891,0.0003129999968223
2019-10-27 00:00:00,0.0003159999905619,150509,0.0003450000076554,0.0003129999968223,0.0002889999886974,0.0003159999905619
2019-10-28 00:00:00,0.0003159999905619,149344,0.0003260000084992,0.0003159999905619,0.0003079999878536,0.0003159999905619
2019-10-29 00:00:00,0.0003150000120513,149061,0.0003290000022388,0.0003159999905619,0.0003119999892078,0.0003150000120513
2019-10-30 00:00:00,0.0003060000017285,107578,0.0003150000120513,0.0003150000120513,0.0002870000025723,0.0003060000017285
2019-10-31 00:00:00,0.0003140000044368,107138,0.0003220000071451,0.0003060000017285,0.0002990000066347,0.0003140000044368
2019-11-01 00:00:00,0.0003129999968223,119057,0.0003180000057909,0.0003140000044368,0.0003030000079888,0.0003129999968223
2019-11-02 00:00:00,0.0003129999968223,105677,0.0003180000057909,0.0003129999968223,0.0003030000079888,0.0003129999968223
2019-11-03 00:00:00,0.0003030000079888,100199,0.0003129999968223,0.0003129999968223,0.0002950000052805,0.0003030000079888
2019-11-04 00:00:00,0.0003079999878536,104138,0.0003229999856557,0.0003030000079888,0.0002899999963119,0.0003079999878536
2019-11-05 00:00:00,0.0003079999878536,105361,0.0003129999968223,0.0003079999878536,0.0002990000066347,0.0003079999878536
2019-11-06 00:00:00,0.0003150000120513,87420,0.0003269999870099,0.0003079999878536,0.0003039999864995,0.0003150000120513
2019-11-07 00:00:00,0.000330999988364,94569,0.0003429999924264,0.0003150000120513,0.0003030000079888,0.000330999988364
2019-11-08 00:00:00,0.0003030000079888,113291,0.000330999988364,0.000330999988364,0.0003000000142492,0.0003030000079888
2019-11-09 00:00:00,0.0003150000120513,143355,0.000330999988364,0.0003030000079888,0.0003009999927598,0.0003150000120513
2019-11-10 00:00:00,0.0003349999897181,111393,0.0003370000049471,0.0003150000120513,0.0003030000079888,0.0003349999897181
2019-11-11 00:00:00,0.0003509999951347,114352,0.0003579999902285,0.0003349999897181,0.000307000009343,0.0003509999951347
2019-11-12 00:00:00,0.0003250000008847,105900,0.0003530000103637,0.0003509999951347,0.0002929999900516,0.0003250000008847
2019-11-13 00:00:00,0.0003129999968223,121331,0.0003250000008847,0.0003250000008847,0.0003030000079888,0.0003129999968223
2019-11-14 00:00:00,0.0003020000003743,124298,0.0003239999932702,0.0003129999968223,0.0002889999886974,0.0003020000003743
2019-11-15 00:00:00,0.0002979999990202,111028,0.0003190000134054,0.0003000000142492,0.0002870000025723,0.0002979999990202
2019-11-16 00:00:00,0.0002640000020619,77716,0.0003060000017285,0.0002950000052805,0.0002549999917391,0.0002640000020619
2019-11-17 00:00:00,0.0002739999908953,69371,0.000296000012895,0.0002640000020619,0.0002629999944474,0.0002739999908953
2019-11-18 00:00:00,0.0002619999868329,97406,0.0002969999914057,0.0002739999908953,0.0002600000007078,0.0002619999868329
2019-11-19 00:00:00,0.0003020000003743,135213,0.0003260000084992,0.0002619999868329,0.0002570000069681,0.0003020000003743
2019-11-20 00:00:00,0.0003129999968223,140448,0.0003290000022388,0.0003020000003743,0.0002910000039264,0.0003129999968223
2019-11-21 00:00:00,0.0003030000079888,140316,0.0003290000022388,0.0003129999968223,0.0002910000039264,0.0003030000079888
2019-11-22 00:00:00,0.0002929999900516,136481,0.0003140000044368,0.0003030000079888,0.0002720000047702,0.0002929999900516
2019-11-23 00:00:00,0.0002859999949578,140617,0.000304999994114,0.0002929999900516,0.0002770000137388,0.0002859999949578
2019-11-24 00:00:00,0.0002779999922495,123987,0.0002950000052805,0.0002859999949578,0.0002709999971557,0.0002779999922495
2019-11-25 00:00:00,0.0002760000061243,145306,0.0002859999949578,0.0002779999922495,0.0002570000069681,0.0002760000061243
2019-11-26 00:00:00,0.0002920000115409,136780,0.0002929999900516,0.0002760000061243,0.0002709999971557,0.0002920000115409
2019-11-27 00:00:00,0.0002870000025723,134581,0.0002929999900516,0.0002910000039264,0.0002610000083222,0.0002870000025723
2019-11-28 00:00:00,0.0002809999859891,121216,0.0002969999914057,0.0002870000025723,0.0002779999922495,0.0002809999859891
2019-11-29 00:00:00,0.0002699999895412,128447,0.0002920000115409,0.0002809999859891,0.0002320000057807,0.0002699999895412
2019-11-30 00:00:00,0.0003429999924264,123237,0.0003429999924264,0.0002699999895412,0.0002690000110305,0.0003429999924264
2019-12-01 00:00:00,0.0003359999973326,135903,0.0003429999924264,0.0003429999924264,0.0002929999900516,0.0003359999973326
2019-12-02 00:00:00,0.0003159999905619,153436,0.0003699999942909,0.0003359999973326,0.000307000009343,0.0003159999905619
2019-12-03 00:00:00,0.0003079999878536,113427,0.0003159999905619,0.0003159999905619,0.0003020000003743,0.0003079999878536
2019-12-04 00:00:00,0.0003079999878536,93851,0.0003220000071451,0.0003079999878536,0.0002969999914057,0.0003079999878536
2019-12-05 00:00:00,0.0003220000071451,96900,0.0003340000112075,0.0003079999878536,0.000304999994114,0.0003220000071451
2019-12-06 00:00:00,0.0003459999861661,128003,0.0003600000054575,0.0003229999856557,0.0003190000134054,0.0003459999861661
2019-12-07 00:00:00,0.0003480000013951,139019,0.0003560000041034,0.0003459999861661,0.0003359999973326,0.0003480000013951
2019-12-08 00:00:00,0.0003389999910723,122941,0.0003680000081658,0.0003480000013951,0.0003359999973326,0.0003389999910723
2019-12-09 00:00:00,0.0003420000139158,116916,0.000361000013072,0.0003389999910723,0.0003269999870099,0.0003420000139158
2019-12-10 00:00:00,0.0003480000013951,122215,0.000361000013072,0.0003420000139158,0.0003389999910723,0.0003480000013951
2019-12-11 00:00:00,0.0003319999959785,114412,0.0003579999902285,0.0003480000013951,0.0003250000008847,0.0003319999959785
2019-12-12 00:00:00,0.0003389999910723,101466,0.0003459999861661,0.0003319999959785,0.0003250000008847,0.0003389999910723
2019-12-13 00:00:00,0.0003429999924264,106259,0.0003490000090096,0.0003380000125616,0.0003279999946244,0.0003429999924264
2019-12-14 00:00:00,0.0003389999910723,126191,0.0003469999937806,0.0003429999924264,0.000333000003593,0.0003389999910723
2019-12-15 00:00:00,0.0003319999959785,119055,0.0003509999951347,0.0003389999910723,0.0003140000044368,0.0003319999959785
2019-12-16 00:00:00,0.000330999988364,105743,0.0003359999973326,0.0003319999959785,0.0002939999976661,0.000330999988364
2019-12-17 00:00:00,0.0003100000030826,109687,0.0003359999973326,0.000330999988364,0.0002809999859891,0.0003100000030826
2019-12-18 00:00:00,0.0003159999905619,120495,0.0003209999995306,0.0003100000030826,0.0002939999976661,0.0003159999905619
2019-12-19 00:00:00,0.0003150000120513,125077,0.0003359999973326,0.0003159999905619,0.000307000009343,0.0003150000120513
2019-12-20 00:00:00,0.0003119999892078,133761,0.0003279999946244,0.0003150000120513,0.0002969999914057,0.0003119999892078
2019-12-21 00:00:00,0.0003300000098533,115834,0.0003370000049471,0.0003119999892078,0.0003079999878536,0.0003300000098533
2019-12-22 00:00:00,0.0003410000063013,128421,0.0003440000000409,0.0003300000098533,0.0003199999919161,0.0003410000063013
2019-12-23 00:00:00,0.0003260000084992,136488,0.0003729999880306,0.0003410000063013,0.0003199999919161,0.0003260000084992
2019-12-24 00:00:00,0.0002950000052805,131847,0.0003269999870099,0.0003269999870099,0.0002870000025723,0.0002950000052805
2019-12-25 00:00:00,0.0003239999932702,129871,0.0003319999959785,0.0002950000052805,0.000278999999864,0.0003239999932702
2019-12-26 00:00:00,0.0003129999968223,139174,0.0003269999870099,0.0003239999932702,0.0003110000106971,0.0003129999968223
2019-12-27 00:00:00,0.0003279999946244,118360,0.0003290000022388,0.0003119999892078,0.0003079999878536,0.0003279999946244
2019-12-28 00:00:00,0.0003229999856557,135710,0.0003340000112075,0.0003279999946244,0.0003150000120513,0.0003229999856557
2019-12-29 00:00:00,0.0003389999910723,130274,0.0003420000139158,0.0003220000071451,0.0003220000071451,0.0003389999910723
2019-12-30 00:00:00,0.0003250000008847,141467,0.0003420000139158,0.0003389999910723,0.0003239999932702,0.0003250000008847
2019-12-31 00:00:00,0.0003269999870099,127807,0.0003359999973326,0.0003239999932702,0.0003169999981764,0.0003269999870099
2020-01-01 00:00:00,0.0003250000008847,118617,0.0003300000098533,0.0003269999870099,0.0003169999981764,0.0003250000008847
2020-01-02 00:00:00,0.0003119999892078,94736,0.0003269999870099,0.0003250000008847,0.0003039999864995,0.0003119999892078
2020-01-03 00:00:00,0.0003250000008847,98023,0.0003319999959785,0.0003119999892078,0.000304999994114,0.0003250000008847
2020-01-04 00:00:00,0.0003119999892078,113458,0.0003300000098533,0.0003229999856557,0.0003039999864995,0.0003119999892078
2020-01-05 00:00:00,0.0002979999990202,113431,0.0003250000008847,0.0003119999892078,0.0002920000115409,0.0002979999990202
2020-01-06 00:00:00,0.0003180000057909,118292,0.0003290000022388,0.0002979999990202,0.0002939999976661,0.0003180000057909
2020-01-07 00:00:00,0.0003180000057909,132840,0.0003340000112075,0.0003180000057909,0.0003100000030826,0.0003180000057909
2020-01-08 00:00:00,0.0003159999905619,118332,0.0003260000084992,0.0003180000057909,0.000296000012895,0.0003159999905619
2020-01-09 00:00:00,0.0003239999932702,114821,0.0003250000008847,0.0003159999905619,0.000304999994114,0.0003239999932702
2020-01-10 00:00:00,0.0003359999973326,131159,0.0003370000049471,0.0003239999932702,0.0003110000106971,0.0003359999973326
2020-01-11 00:00:00,0.000330999988364,122902,0.0003410000063013,0.0003349999897181,0.0003250000008847,0.000330999988364
2020-01-12 00:00:00,0.0003199999919161,123352,0.0003420000139158,0.0003300000098533,0.0003180000057909,0.0003199999919161
2020-01-13 00:00:00,0.0003129999968223,116613,0.0003209999995306,0.0003199999919161,0.0002969999914057,0.0003129999968223
2020-01-14 00:00:00,0.0003290000022388,116960,0.0003440000000409,0.0003129999968223,0.0003000000142492,0.0003290000022388
2020-01-15 00:00:00,0.0003140000044368,106176,0.000330999988364,0.0003290000022388,0.000304999994114,0.0003140000044368
2020-01-16 00:00:00,0.0003169999981764,110042,0.0003229999856557,0.0003140000044368,0.0002920000115409,0.0003169999981764
2020-01-17 00:00:00,0.0003290000022388,205941,0.0003300000098533,0.0003169999981764,0.0002969999914057,0.0003290000022388
2020-01-18 00:00:00,0.0003060000017285,283031,0.0003349999897181,0.0003279999946244,0.0002990000066347,0.0003060000017285
2020-01-19 00:00:00,0.0003220000071451,273056,0.0003469999937806,0.0003039999864995,0.0002910000039264,0.0003220000071451
2020-01-20 00:00:00,0.0003169999981764,290201,0.0003420000139158,0.0003220000071451,0.0002720000047702,0.0003169999981764
2020-01-21 00:00:00,0.0003140000044368,366947,0.0003239999932702,0.0003159999905619,0.0002979999990202,0.0003140000044368
2020-01-22 00:00:00,0.0003089999954681,338027,0.0003250000008847,0.0003150000120513,0.0003020000003743,0.0003089999954681
2020-01-23 00:00:00,0.0002830000012181,307784,0.0003119999892078,0.0003089999954681,0.0002809999859891,0.0002830000012181
2020-01-24 00:00:00,0.0003110000106971,297233,0.0003209999995306,0.0002830000012181,0.0002749999985098,0.0003110000106971
2020-01-25 00:00:00,0.0002979999990202,301320,0.0003229999856557,0.0003110000106971,0.0002699999895412,0.0002979999990202
2020-01-26 00:00:00,0.0003000000142492,310049,0.0003159999905619,0.0002979999990202,0.0002739999908953,0.0003000000142492
2020-01-27 00:00:00,0.0003150000120513,289320,0.0003279999946244,0.0003000000142492,0.0002899999963119,0.0003150000120513
2020-01-28 00:00:00,0.0003180000057909,249253,0.0003269999870099,0.0003150000120513,0.0002990000066347,0.0003180000057909
2020-01-29 00:00:00,0.0002910000039264,257863,0.0003220000071451,0.0003180000057909,0.0002809999859891,0.0002910000039264
2020-01-30 00:00:00,0.0002910000039264,282051,0.000307000009343,0.0002910000039264,0.0002749999985098,0.0002910000039264
2020-01-31 00:00:00,0.0002979999990202,272924,0.000307000009343,0.0002910000039264,0.000278999999864,0.0002979999990202
2020-02-01 00:00:00,0.0003009999927598,288117,0.0003060000017285,0.0002979999990202,0.0002889999886974,0.0003009999927598
2020-02-02 00:00:00,0.0003150000120513,287067,0.0003229999856557,0.0003009999927598,0.0002830000012181,0.0003150000120513
2020-02-03 00:00:00,0.0002819999936036,272668,0.0003220000071451,0.0003150000120513,0.000278999999864,0.0002819999936036
2020-02-04 00:00:00,0.0002770000137388,259156,0.0002979999990202,0.0002830000012181,0.0002669999958015,0.0002770000137388
2020-02-05 00:00:00,0.000278999999864,259937,0.0002979999990202,0.0002770000137388,0.0002619999868329,0.000278999999864
2020-02-06 00:00:00,0.0002859999949578,263342,0.0003020000003743,0.000278999999864,0.0002640000020619,0.0002859999949578
2020-02-07 00:00:00,0.0002859999949578,271397,0.0003030000079888,0.0002859999949578,0.0002659999881871,0.0002859999949578
2020-02-08 00:00:00,0.000278999999864,260777,0.0003089999954681,0.0002859999949578,0.0002669999958015,0.000278999999864
2020-02-09 00:00:00,0.0002939999976661,255978,0.0002979999990202,0.0002770000137388,0.0002709999971557,0.0002939999976661
2020-02-10 00:00:00,0.0002849999873433,268001,0.0003140000044368,0.0002950000052805,0.000278999999864,0.0002849999873433
2020-02-11 00:00:00,0.0003229999856557,241381,0.0003269999870099,0.0002840000088326,0.0002819999936036,0.0003229999856557
2020-02-12 00:00:00,0.0003539999888744,325834,0.0003689999866764,0.0003229999856557,0.0002910000039264,0.0003539999888744
2020-02-13 00:00:00,0.0003370000049471,321800,0.0003659999929368,0.0003539999888744,0.0003110000106971,0.0003370000049471
2020-02-14 00:00:00,0.000358999997843,292327,0.0003659999929368,0.0003389999910723,0.0003370000049471,0.000358999997843
2020-02-15 00:00:00,0.0003129999968223,298614,0.0003710000019054,0.000358999997843,0.0003000000142492,0.0003129999968223
2020-02-16 00:00:00,0.0002990000066347,290757,0.0003239999932702,0.0003129999968223,0.0002760000061243,0.0002990000066347
2020-02-17 00:00:00,0.0003220000071451,282050,0.0003340000112075,0.0002990000066347,0.0002830000012181,0.0003220000071451
2020-02-18 00:00:00,0.000307000009343,265157,0.0003340000112075,0.0003220000071451,0.0003009999927598,0.000307000009343
2020-02-19 00:00:00,0.000268000003416,255695,0.0003089999954681,0.000307000009343,0.0002650000096764,0.000268000003416
2020-02-20 00:00:00,0.0002929999900516,259555,0.0003039999864995,0.0002659999881871,0.0002640000020619,0.0002929999900516
2020-02-21 00:00:00,0.000268000003416,252332,0.0003009999927598,0.0002929999900516,0.0002549999917391,0.000268000003416
2020-02-22 00:00:00,0.0002969999914057,263419,0.000304999994114,0.000268000003416,0.0002600000007078,0.0002969999914057
2020-02-23 00:00:00,0.0002979999990202,280185,0.0003100000030826,0.0002969999914057,0.0002809999859891,0.0002979999990202
2020-02-24 00:00:00,0.0002939999976661,254504,0.0003000000142492,0.0002979999990202,0.0002870000025723,0.0002939999976661
2020-02-25 00:00:00,0.0002870000025723,270989,0.0003039999864995,0.0002950000052805,0.0002830000012181,0.0002870000025723
2020-02-26 00:00:00,0.0002859999949578,251643,0.0002969999914057,0.0002859999949578,0.0002720000047702,0.0002859999949578
2020-02-27 00:00:00,0.0002559999993536,245475,0.0002880000101868,0.0002849999873433,0.000250999990385,0.0002559999993536
2020-02-28 00:00:00,0.0002549999917391,243407,0.0002830000012181,0.0002559999993536,0.0002519999979995,0.0002549999917391
2020-02-29 00:00:00,0.0002559999993536,243804,0.0002720000047702,0.0002549999917391,0.0002500000118743,0.0002559999993536
2020-03-01 00:00:00,0.0002479999966453,222310,0.0002690000110305,0.0002559999993536,0.0002450000029057,0.0002479999966453
2020-03-02 00:00:00,0.0002730000123847,262153,0.0002830000012181,0.0002479999966453,0.0002439999952912,0.0002730000123847
2020-03-03 00:00:00,0.0002760000061243,240385,0.0002899999963119,0.0002730000123847,0.000268000003416,0.0002760000061243
2020-03-04 00:00:00,0.0003119999892078,236976,0.0003140000044368,0.0002760000061243,0.0002760000061243,0.0003119999892078
2020-03-05 00:00:00,0.0003009999927598,230170,0.0003159999905619,0.0003119999892078,0.0002910000039264,0.0003009999927598
2020-03-06 00:00:00,0.000304999994114,193064,0.0003129999968223,0.0003009999927598,0.0002929999900516,0.000304999994114
2020-03-07 00:00:00,0.0003039999864995,180552,0.0003180000057909,0.000304999994114,0.0002969999914057,0.0003039999864995
2020-03-08 00:00:00,0.0002739999908953,176622,0.0003129999968223,0.0003039999864995,0.000268000003416,0.0002739999908953
2020-03-09 00:00:00,0.0002770000137388,172620,0.0002819999936036,0.0002739999908953,0.000250999990385,0.0002770000137388
2020-03-10 00:00:00,0.0002889999886974,181556,0.0002969999914057,0.0002730000123847,0.0002659999881871,0.0002889999886974
2020-03-11 00:00:00,0.0002699999895412,168841,0.0002889999886974,0.0002889999886974,0.0002439999952912,0.0002699999895412
2020-03-12 00:00:00,0.0001769999944372,110098,0.0002770000137388,0.0002709999971557,0.0001760000013746,0.0001769999944372
2020-03-13 00:00:00,0.0002019999956246,141284,0.0002160000003641,0.0001769999944372,0.0001619999966351,0.0002019999956246
2020-03-14 00:00:00,0.0001829999964684,100046,0.000213999999687,0.0002030000032391,0.0001720000000204,0.0001829999964684
2020-03-15 00:00:00,0.0001900000061141,100095,0.00021199999901,0.0001829999964684,0.0001670000056037,0.0001900000061141
2020-03-16 00:00:00,0.000188000005437,90454,0.0002030000032391,0.0001900000061141,0.0001630000042496,0.000188000005437
2020-03-17 00:00:00,0.0001909999991767,100388,0.0002079999976558,0.000188000005437,0.000188000005437,0.0001909999991767
2020-03-18 00:00:00,0.0002030000032391,107036,0.0002110000059474,0.0001920000067912,0.0001889999984996,0.0002030000032391
2020-03-19 00:00:00,0.0002260000037495,122450,0.0002360000071348,0.0002030000032391,0.0001959999935934,0.0002260000037495
2020-03-20 00:00:00,0.0002130000066244,75677,0.0002430000022286,0.0002260000037495,0.0001999999949475,0.0002130000066244
2020-03-21 00:00:00,0.0002229999954579,97858,0.0002490000042598,0.0002130000066244,0.0002090000052703,0.0002229999954579
2020-03-22 00:00:00,0.0002460000105202,123558,0.000250999990385,0.0002229999954579,0.0002200000017182,0.0002460000105202
2020-03-23 00:00:00,0.000253000005614,138622,0.0002559999993536,0.0002460000105202,0.0002240000030724,0.000253000005614
2020-03-24 00:00:00,0.0002360000071348,131309,0.0002650000096764,0.000253000005614,0.0002349999995203,0.0002360000071348
2020-03-25 00:00:00,0.0002360000071348,115536,0.0002559999993536,0.0002360000071348,0.0002240000030724,0.0002360000071348
2020-03-26 00:00:00,0.0002549999917391,133586,0.0002749999985098,0.0002360000071348,0.0002349999995203,0.0002549999917391
2020-03-27 00:00:00,0.0002490000042598,118820,0.0002690000110305,0.000253000005614,0.0002320000057807,0.0002490000042598
2020-03-28 00:00:00,0.0002479999966453,128216,0.0002650000096764,0.0002629999944474,0.0002289999974891,0.0002479999966453
2020-03-29 00:00:00,0.0002340000064577,124524,0.0002519999979995,0.0002479999966453,0.0002300000051036,0.0002340000064577
2020-03-30 00:00:00,0.0002419999946141,124343,0.0002540000132285,0.0002340000064577,0.0002280000044265,0.0002419999946141
2020-03-31 00:00:00,0.0002500000118743,91454,0.0002690000110305,0.0002410000015515,0.0002390000008745,0.0002500000118743
2020-04-01 00:00:00,0.0002490000042598,40546,0.0002570000069681,0.0002500000118743,0.0002300000051036,0.0002490000042598
2020-04-02 00:00:00,0.0002479999966453,42199,0.0002579999854788,0.0002490000042598,0.0002390000008745,0.0002479999966453
2020-04-03 00:00:00,0.000253000005614,38860,0.0002589999930933,0.0002479999966453,0.0002430000022286,0.000253000005614
2020-04-04 00:00:00,0.0002500000118743,29547,0.0002669999958015,0.000253000005614,0.0002320000057807,0.0002500000118743
2020-04-05 00:00:00,0.000253000005614,34790,0.000268000003416,0.0002500000118743,0.0002460000105202,0.000253000005614
2020-04-06 00:00:00,0.0002880000101868,71094,0.0002880000101868,0.000253000005614,0.000253000005614,0.0002880000101868
2020-04-07 00:00:00,0.000307000009343,66848,0.0003220000071451,0.0002870000025723,0.0002830000012181,0.000307000009343
2020-04-08 00:00:00,0.0003079999878536,68946,0.0003239999932702,0.000307000009343,0.0002969999914057,0.0003079999878536
2020-04-09 00:00:00,0.0003159999905619,68928,0.0003319999959785,0.0003079999878536,0.0003020000003743,0.0003159999905619
2020-04-10 00:00:00,0.0002929999900516,61356,0.0003269999870099,0.0003159999905619,0.0002830000012181,0.0002929999900516
2020-04-11 00:00:00,0.0002749999985098,44719,0.0003020000003743,0.0002929999900516,0.0002739999908953,0.0002749999985098
2020-04-12 00:00:00,0.0002849999873433,36044,0.0002990000066347,0.0002749999985098,0.0002739999908953,0.0002849999873433
2020-04-13 00:00:00,0.000304999994114,47268,0.0003060000017285,0.0002859999949578,0.0002739999908953,0.000304999994114
2020-04-14 00:00:00,0.0002819999936036,33205,0.000304999994114,0.000304999994114,0.0002770000137388,0.0002819999936036
2020-04-15 00:00:00,0.0003150000120513,61239,0.0003229999856557,0.0002819999936036,0.0002779999922495,0.0003150000120513
2020-04-16 00:00:00,0.0003499999875202,95581,0.0003830000059679,0.0003119999892078,0.0002929999900516,0.0003499999875202
2020-04-17 00:00:00,0.0004649999900721,122998,0.0005200000014156,0.0003499999875202,0.0003490000090096,0.0004649999900721
2020-04-18 00:00:00,0.0004569999873638,85319,0.0004839999892283,0.0004649999900721,0.0004290000069886,0.0004569999873638
2020-04-19 00:00:00,0.0004569999873638,96176,0.0004769999941345,0.000452000007499,0.0004339999868534,0.0004569999873638
2020-04-20 00:00:00,0.0003910000086762,114353,0.0004920000210404,0.0004569999873638,0.000384999992093,0.0003910000086762
2020-04-21 00:00:00,0.0004100000078324,91634,0.0004159999953117,0.0003910000086762,0.0003720000095199,0.0004100000078324
2020-04-22 00:00:00,0.0004279999993741,72205,0.0004579999949783,0.0004100000078324,0.0003910000086762,0.0004279999993741
2020-04-23 00:00:00,0.0005089999758638,98881,0.0005150000215508,0.0004279999993741,0.000413000001572,0.0005089999758638
2020-04-24 00:00:00,0.0004930000286549,78052,0.0005150000215508,0.0004980000085197,0.0004729999927803,0.0004930000286549
2020-04-25 00:00:00,0.0004790000093635,83014,0.0005150000215508,0.0004930000286549,0.0004419999895617,0.0004790000093635
2020-04-26 00:00:00,0.0004740000003948,82836,0.0004910000134259,0.0004790000093635,0.0004100000078324,0.0004740000003948
2020-04-27 00:00:00,0.0004220000118948,109974,0.0004790000093635,0.0004740000003948,0.0004060000064782,0.0004220000118948
2020-04-28 00:00:00,0.0003919999871868,109890,0.0004360000020824,0.0004229999904055,0.0003790000046137,0.0003919999871868
2020-04-29 00:00:00,0.0003859999997075,49730,0.0004379999882075,0.0003999999898951,0.0003729999880306,0.0003859999997075
2020-04-30 00:00:00,0.0003640000068116,55375,0.0003950000100303,0.0003859999997075,0.0003340000112075,0.0003640000068116
2020-05-01 00:00:00,0.0003929999948013,36716,0.0003990000113844,0.0003640000068116,0.0003440000000409,0.0003929999948013
2020-05-02 00:00:00,0.0004060000064782,33768,0.000410999986343,0.0003940000024158,0.0003680000081658,0.0004060000064782
2020-05-03 00:00:00,0.0003619999915827,58463,0.0004100000078324,0.0004060000064782,0.0003499999875202,0.0003619999915827
2020-05-04 00:00:00,0.0003900000010617,41784,0.0004039999912492,0.0003619999915827,0.0003530000103637,0.0003900000010617
2020-05-05 00:00:00,0.0003990000113844,45580,0.00042399999802,0.0003900000010617,0.0003769999893847,0.0003990000113844
2020-05-06 00:00:00,0.0003769999893847,61908,0.0004149999876972,0.0003990000113844,0.0003769999893847,0.0003769999893847
2020-05-07 00:00:00,0.0004320000007282,52665,0.0004370000096969,0.0003769999893847,0.0003729999880306,0.0004320000007282
2020-05-08 00:00:00,0.0003969999961555,51266,0.00044999999227,0.0004320000007282,0.000384999992093,0.0003969999961555
2020-05-09 00:00:00,0.0003950000100303,57448,0.0004149999876972,0.0003969999961555,0.0003769999893847,0.0003950000100303
2020-05-10 00:00:00,0.0003549999964889,51463,0.0003919999871868,0.0003919999871868,0.0003359999973326,0.0003549999964889
2020-05-11 00:00:00,0.0003570000117179,39174,0.0003739999956451,0.0003539999888744,0.0003399999986868,0.0003570000117179
2020-05-12 00:00:00,0.0003600000054575,52052,0.0003699999942909,0.0003579999902285,0.0003440000000409,0.0003600000054575
2020-05-13 00:00:00,0.0003919999871868,72509,0.0004070000140927,0.0003600000054575,0.0003380000125616,0.0003919999871868
2020-05-14 00:00:00,0.0003969999961555,64938,0.0005200000014156,0.0003919999871868,0.0003640000068116,0.0003969999961555
2020-05-15 00:00:00,0.0004060000064782,61801,0.0004309999931138,0.0003999999898951,0.0003370000049471,0.0004060000064782
2020-05-16 00:00:00,0.0003830000059679,57017,0.0004809999954886,0.0004070000140927,0.0003809999907389,0.0003830000059679
2020-05-17 00:00:00,0.0003790000046137,49446,0.000410999986343,0.0003830000059679,0.0003739999956451,0.0003790000046137
2020-05-18 00:00:00,0.000384999992093,35697,0.000384999992093,0.0003790000046137,0.000333000003593,0.000384999992093
2020-05-19 00:00:00,0.0004030000127386,79099,0.000503999995999,0.0003840000135824,0.0003119999892078,0.0004030000127386
2020-05-20 00:00:00,0.0003919999871868,64846,0.0004990000161342,0.0004030000127386,0.0003089999954681,0.0003919999871868
2020-05-21 00:00:00,0.000395999988541,37616,0.0004440000047907,0.0003919999871868,0.0003520000027492,0.000395999988541
2020-05-22 00:00:00,0.0003530000103637,25421,0.0004260000132489,0.000395999988541,0.0003490000090096,0.0003530000103637
2020-05-23 00:00:00,0.0003879999858327,64341,0.000413000001572,0.0003530000103637,0.0003480000013951,0.0003879999858327
2020-05-24 00:00:00,0.0004330000083427,112667,0.0004769999941345,0.0003879999858327,0.0003840000135824,0.0004330000083427
2020-05-25 00:00:00,0.0004469999985303,125338,0.0004699999990407,0.0004320000007282,0.0003969999961555,0.0004469999985303
2020-05-26 00:00:00,0.0004279999993741,139489,0.0004619999963324,0.0004469999985303,0.0004070000140927,0.0004279999993741
2020-05-27 00:00:00,0.0004189999890513,117222,0.0004469999985303,0.0004279999993741,0.0003859999997075,0.0004189999890513
2020-05-28 00:00:00,0.0004799999878741,72642,0.0004799999878741,0.0004189999890513,0.0004070000140927,0.0004799999878741
2020-05-29 00:00:00,0.000467000005301,96709,0.0004849999968428,0.0004799999878741,0.0004379999882075,0.000467000005301
2020-05-30 00:00:00,0.0005249999812804,71504,0.0005300000193528,0.0004649999900721,0.000452000007499,0.0005249999812804
2020-05-31 00:00:00,0.0004910000134259,79433,0.0005259999888949,0.0005249999812804,0.0004269999917596,0.0004910000134259
2020-06-01 00:00:00,0.0005050000036135,78906,0.000506000011228,0.0004910000134259,0.0004279999993741,0.0005050000036135
2020-06-02 00:00:00,0.0004849999968428,131449,0.0005140000139363,0.000508000026457,0.0004360000020824,0.0004849999968428
2020-06-03 00:00:00,0.0004220000118948,120912,0.0004849999968428,0.0004849999968428,0.000413000001572,0.0004220000118948
2020-06-04 00:00:00,0.0004569999873638,145512,0.0004860000044573,0.0004220000118948,0.0004140000091865,0.0004569999873638
2020-06-05 00:00:00,0.0004539999936241,166059,0.0005009999731555,0.0004569999873638,0.000438999995822,0.0004539999936241
2020-06-06 00:00:00,0.0004419999895617,118775,0.0004790000093635,0.0004539999936241,0.0004290000069886,0.0004419999895617
2020-06-07 00:00:00,0.0004189999890513,47429,0.000467000005301,0.0004419999895617,0.0003990000113844,0.0004189999890513
2020-06-08 00:00:00,0.0004260000132489,112490,0.0004269999917596,0.0004189999890513,0.0003779999969992,0.0004260000132489
2020-06-09 00:00:00,0.00042399999802,107862,0.0004330000083427,0.0004260000132489,0.0003739999956451,0.00042399999802
2020-06-10 00:00:00,0.0004459999909158,113158,0.0004619999963324,0.00042399999802,0.0004039999912492,0.0004459999909158
2020-06-11 00:00:00,0.0004480000061448,105177,0.0004809999954886,0.0004459999909158,0.0004170000029262,0.0004480000061448
2020-06-12 00:00:00,0.0004090000002179,123598,0.0004659999976865,0.0004480000061448,0.000387000007322,0.0004090000002179
2020-06-13 00:00:00,0.0004459999909158,123813,0.0004569999873638,0.0004090000002179,0.0003809999907389,0.0004459999909158
2020-06-14 00:00:00,0.0004030000127386,130866,0.0004509999998845,0.0004459999909158,0.0004030000127386,0.0004030000127386
2020-06-15 00:00:00,0.0003819999983534,142206,0.0004250000056345,0.0004030000127386,0.0003760000108741,0.0003819999983534
2020-06-16 00:00:00,0.0003919999871868,161267,0.0004279999993741,0.0003819999983534,0.0003710000019054,0.0003919999871868
2020-06-17 00:00:00,0.0003650000144261,162475,0.0004140000091865,0.0003919999871868,0.0003570000117179,0.0003650000144261
2020-06-18 00:00:00,0.0004049999988637,130463,0.0004090000002179,0.0003650000144261,0.0003509999951347,0.0004049999988637
2020-06-19 00:00:00,0.0003600000054575,145912,0.0004060000064782,0.0004060000064782,0.0003450000076554,0.0003600000054575
2020-06-20 00:00:00,0.0003640000068116,153790,0.0004159999953117,0.0003600000054575,0.0003539999888744,0.0003640000068116
2020-06-21 00:00:00,0.0003900000010617,154525,0.0004140000091865,0.0003640000068116,0.0003490000090096,0.0003900000010617
2020-06-22 00:00:00,0.0003859999997075,154182,0.0004180000105407,0.0003900000010617,0.0003779999969992,0.0003859999997075
2020-06-23 00:00:00,0.0004149999876972,149869,0.0004189999890513,0.000387000007322,0.0003689999866764,0.0004149999876972
2020-06-24 00:00:00,0.0004279999993741,153111,0.0004469999985303,0.0004119999939575,0.0003940000024158,0.0004279999993741
2020-06-25 00:00:00,0.0003779999969992,127915,0.0004309999931138,0.0004269999917596,0.0003760000108741,0.0003779999969992
2020-06-26 00:00:00,0.0004020000051241,115200,0.0004189999890513,0.0003779999969992,0.0003490000090096,0.0004020000051241
2020-06-27 00:00:00,0.0003819999983534,98348,0.0004049999988637,0.0004020000051241,0.0003680000081658,0.0003819999983534
2020-06-28 00:00:00,0.0004309999931138,106810,0.00044999999227,0.0003819999983534,0.0003819999983534,0.0004309999931138
2020-06-29 00:00:00,0.0004020000051241,129713,0.0004360000020824,0.0004309999931138,0.0003549999964889,0.0004020000051241
2020-06-30 00:00:00,0.0003889999934472,132566,0.0004020000051241,0.0004009999975096,0.0003710000019054,0.0003889999934472
2020-07-01 00:00:00,0.0003859999997075,124112,0.0003940000024158,0.0003889999934472,0.0003579999902285,0.0003859999997075
2020-07-02 00:00:00,0.000387000007322,129193,0.0004189999890513,0.0003859999997075,0.0003720000095199,0.000387000007322
2020-07-03 00:00:00,0.0004119999939575,117704,0.0004180000105407,0.0003859999997075,0.0003579999902285,0.0004119999939575
2020-07-04 00:00:00,0.0003889999934472,104818,0.0004220000118948,0.0004090000002179,0.0003800000122282,0.0003889999934472
2020-07-05 00:00:00,0.000387000007322,83727,0.0004060000064782,0.0003859999997075,0.0003809999907389,0.000387000007322
2020-07-06 00:00:00,0.0004079999926034,121731,0.0004189999890513,0.000387000007322,0.0003809999907389,0.0004079999926034
2020-07-07 00:00:00,0.0003889999934472,122458,0.0004290000069886,0.0004079999926034,0.0003809999907389,0.0003889999934472
2020-07-08 00:00:00,0.0003910000086762,110723,0.0003940000024158,0.0003900000010617,0.0003800000122282,0.0003910000086762
2020-07-09 00:00:00,0.0003469999937806,135532,0.0003910000086762,0.0003910000086762,0.0003319999959785,0.0003469999937806
2020-07-10 00:00:00,0.0003910000086762,142462,0.0004060000064782,0.0003469999937806,0.0003250000008847,0.0003910000086762
2020-07-11 00:00:00,0.0003929999948013,132047,0.0004020000051241,0.0003929999948013,0.000358999997843,0.0003929999948013
2020-07-12 00:00:00,0.0003760000108741,150989,0.0004009999975096,0.0003929999948013,0.0003710000019054,0.0003760000108741
2020-07-13 00:00:00,0.0003779999969992,149235,0.000395999988541,0.0003760000108741,0.0003429999924264,0.0003779999969992
2020-07-14 00:00:00,0.0003680000081658,150177,0.0003929999948013,0.0003779999969992,0.000358999997843,0.0003680000081658
2020-07-15 00:00:00,0.0003769999893847,142717,0.0003790000046137,0.0003680000081658,0.0003490000090096,0.0003769999893847
2020-07-16 00:00:00,0.0003579999902285,141292,0.0003790000046137,0.0003769999893847,0.0003429999924264,0.0003579999902285
2020-07-17 00:00:00,0.0003539999888744,140562,0.0003720000095199,0.0003570000117179,0.0003359999973326,0.0003539999888744
2020-07-18 00:00:00,0.000361000013072,138574,0.0003729999880306,0.0003539999888744,0.0003420000139158,0.000361000013072
2020-07-19 00:00:00,0.0003600000054575,137432,0.0003720000095199,0.000361000013072,0.0003260000084992,0.0003600000054575
2020-07-20 00:00:00,0.0003689999866764,123360,0.0003779999969992,0.0003600000054575,0.0003420000139158,0.0003689999866764
2020-07-21 00:00:00,0.0003640000068116,140997,0.0003840000135824,0.0003710000019054,0.0003459999861661,0.0003640000068116
2020-07-22 00:00:00,0.0003889999934472,128322,0.0003950000100303,0.0003640000068116,0.0003520000027492,0.0003889999934472
2020-07-23 00:00:00,0.0003509999951347,120586,0.0004049999988637,0.0003889999934472,0.0003509999951347,0.0003509999951347
2020-07-24 00:00:00,0.0003830000059679,97352,0.0003840000135824,0.0003509999951347,0.0003380000125616,0.0003830000059679
2020-07-25 00:00:00,0.0003680000081658,101310,0.000387000007322,0.0003840000135824,0.0003459999861661,0.0003680000081658
2020-07-26 00:00:00,0.0003929999948013,99130,0.0003950000100303,0.0003680000081658,0.0003499999875202,0.0003929999948013
2020-07-27 00:00:00,0.0003980000037699,96203,0.000452000007499,0.0003929999948013,0.0003760000108741,0.0003980000037699
2020-07-28 00:00:00,0.0004119999939575,76916,0.0004250000056345,0.0003980000037699,0.0003720000095199,0.0004119999939575
2020-07-29 00:00:00,0.0004100000078324,111001,0.0004279999993741,0.0004119999939575,0.0003790000046137,0.0004100000078324
2020-07-30 00:00:00,0.0004030000127386,102195,0.0004339999868534,0.0004100000078324,0.0003450000076554,0.0004030000127386
2020-07-31 00:00:00,0.0003769999893847,92562,0.0004299999854993,0.0004030000127386,0.0003670000005513,0.0003769999893847
2020-08-01 00:00:00,0.0003650000144261,113085,0.0004070000140927,0.0003769999893847,0.0003549999964889,0.0003650000144261
2020-08-02 00:00:00,0.0003699999942909,101899,0.0003919999871868,0.0003650000144261,0.0003440000000409,0.0003699999942909
2020-08-03 00:00:00,0.0003539999888744,99188,0.000384999992093,0.0003699999942909,0.0003450000076554,0.0003539999888744
2020-08-04 00:00:00,0.0003490000090096,94113,0.0003830000059679,0.0003539999888744,0.0003440000000409,0.0003490000090096
2020-08-05 00:00:00,0.000361000013072,82654,0.00042399999802,0.0003469999937806,0.0003220000071451,0.000361000013072
2020-08-06 00:00:00,0.0004790000093635,132656,0.0004879999905824,0.000361000013072,0.0002779999922495,0.0004790000093635
2020-08-07 00:00:00,0.00044999999227,144596,0.0005670000100508,0.0004790000093635,0.0003809999907389,0.00044999999227
2020-08-08 00:00:00,0.0004839999892283,119739,0.000523000024259,0.00044999999227,0.0004279999993741,0.0004839999892283
2020-08-09 00:00:00,0.0005280000041238,52459,0.000557999999728,0.0004839999892283,0.0004839999892283,0.0005280000041238
2020-08-10 00:00:00,0.0005849999724887,132378,0.0006530000246129,0.0005280000041238,0.0004049999988637,0.0005849999724887
2020-08-11 00:00:00,0.000651000009384,205543,0.0006820000126026,0.000607999972999,0.0005399999790824,0.000651000009384
2020-08-12 00:00:00,0.0006939999875612,219535,0.0007680000271648,0.0006520000169984,0.0006500000017695,0.0006939999875612
2020-08-13 00:00:00,0.0006699999794363,179233,0.0007670000195503,0.0006939999875612,0.0006419999990612,0.0006699999794363
2020-08-14 00:00:00,0.0006750000175088,147949,0.0007120000082068,0.0006699999794363,0.0006329999887384,0.0006750000175088
2020-08-15 00:00:00,0.0007060000207275,213524,0.0007450000266544,0.0006740000098943,0.0006309999735094,0.0007060000207275
2020-08-16 00:00:00,0.0007200000109151,271966,0.0007820000173524,0.0007060000207275,0.0006610000273212,0.0007200000109151
2020-08-17 00:00:00,0.0007929999846965,218503,0.0007980000227689,0.0007200000109151,0.0006840000278316,0.0007929999846965
2020-08-18 00:00:00,0.0007639999967068,186470,0.0007949999999254,0.0007929999846965,0.0006750000175088,0.0007639999967068
2020-08-19 00:00:00,0.0006309999735094,222116,0.0007750000222586,0.0007639999967068,0.0006309999735094,0.0006309999735094
2020-08-20 00:00:00,0.0006259999936446,208579,0.0007169999880716,0.0006309999735094,0.0006210000137798,0.0006259999936446
2020-08-21 00:00:00,0.0006869999924674,187104,0.0007270000060088,0.0006259999936446,0.0006259999936446,0.0006869999924674
2020-08-22 00:00:00,0.0007089999853633,224266,0.0007539999787695,0.0006880000000819,0.0006319999811239,0.0007089999853633
2020-08-23 00:00:00,0.0006549999816343,203284,0.0007089999853633,0.0007089999853633,0.0005779999773949,0.0006549999816343
2020-08-24 00:00:00,0.0006649999995715,194423,0.0006730000022798,0.0006530000246129,0.0005000000237487,0.0006649999995715
2020-08-25 00:00:00,0.0006730000022798,177237,0.0006980000180192,0.0006649999995715,0.0006329999887384,0.0006730000022798
2020-08-26 00:00:00,0.0007469999836757,200859,0.0007709999918006,0.0006719999946653,0.0006629999843426,0.0007469999836757
2020-08-27 00:00:00,0.0007459999760612,218564,0.0007869999972172,0.0007489999989047,0.0007019999902695,0.0007459999760612
2020-08-28 00:00:00,0.0006929999799467,178405,0.0007719999994151,0.0007459999760612,0.0006580000044777,0.0006929999799467
2020-08-29 00:00:00,0.0007719999994151,223185,0.0007800000021234,0.0006929999799467,0.0006929999799467,0.0007719999994151
2020-08-30 00:00:00,0.0007539999787695,199780,0.0007929999846965,0.0007709999918006,0.0007290000212378,0.0007539999787695
2020-08-31 00:00:00,0.0007389999809674,274581,0.0008140000281855,0.0007539999787695,0.0007110000005923,0.0007389999809674
2020-09-01 00:00:00,0.0007459999760612,212444,0.0008159999852068,0.0007389999809674,0.0007280000136233,0.0007459999760612
2020-09-02 00:00:00,0.0007769999792799,86555,0.0007929999846965,0.0007510000141337,0.0007040000054985,0.0007769999792799
2020-09-03 00:00:00,0.0006559999892488,166954,0.0007849999819882,0.0007580000092275,0.000648999994155,0.0006559999892488
2020-09-04 00:00:00,0.000668000022415,112898,0.0007200000109151,0.0006559999892488,0.0006440000142902,0.000668000022415
2020-09-05 00:00:00,0.0006999999750405,201361,0.0007300000288523,0.000668000022415,0.0006450000219047,0.0006999999750405
2020-09-06 00:00:00,0.000705000013113,180754,0.0007200000109151,0.0006999999750405,0.000648999994155,0.000705000013113
2020-09-07 00:00:00,0.0006789999897591,195297,0.0007190000033006,0.0006990000256337,0.000648999994155,0.0006789999897591
2020-09-08 00:00:00,0.0006539999740198,169964,0.0007159999804571,0.0006789999897591,0.000646999978926,0.0006539999740198
2020-09-09 00:00:00,0.0007110000005923,158469,0.0007159999804571,0.0006539999740198,0.0006380000268109,0.0007110000005923
2020-09-10 00:00:00,0.0006830000202171,168969,0.0007169999880716,0.0007110000005923,0.0006689999718219,0.0006830000202171
2020-09-11 00:00:00,0.0007040000054985,201245,0.0007149999728426,0.0006919999723322,0.0006709999870508,0.0007040000054985
2020-09-12 00:00:00,0.0006939999875612,176033,0.0007270000060088,0.0007019999902695,0.0006709999870508,0.0006939999875612
2020-09-13 00:00:00,0.0007169999880716,205709,0.0007270000060088,0.0006939999875612,0.0006559999892488,0.0007169999880716
2020-09-14 00:00:00,0.0006789999897591,105049,0.0007159999804571,0.0007159999804571,0.0006220000213943,0.0006789999897591
2020-09-15 00:00:00,0.000722000026144,48735,0.0007409999961964,0.0006789999897591,0.0006670000148005,0.000722000026144
2020-09-16 00:00:00,0.0007660000119358,206820,0.0008060000254772,0.000722000026144,0.0006970000104047,0.0007660000119358
2020-09-17 00:00:00,0.0007409999961964,223637,0.0008149999775923,0.0007660000119358,0.0007130000158213,0.0007409999961964
2020-09-18 00:00:00,0.0009059999720193,267896,0.0009350000182166,0.0007409999961964,0.0007200000109151,0.0009059999720193
2020-09-19 00:00:00,0.000986999948509,289958,0.0010730000212788,0.0009069999796338,0.0008870000019669,0.000986999948509
2020-09-20 00:00:00,0.0009840000420808,271509,0.0010250000050291,0.000986999948509,0.0009110000100918,0.0009840000420808
2020-09-21 00:00:00,0.0009779999963939,287961,0.001077999942936,0.0009840000420808,0.0009469999931752,0.0009779999963939
2020-09-22 00:00:00,0.0009860000573098,263818,0.001016000052914,0.0009779999963939,0.0008900000248104,0.0009860000573098
2020-09-23 00:00:00,0.00089999998454,258128,0.0009950000094249,0.000956000003498,0.0008800000068731,0.00089999998454
2020-09-24 00:00:00,0.0010280000278726,253062,0.0010300000431016,0.0008989999769255,0.0008839999791234,0.0010280000278726
2020-09-25 00:00:00,0.0009270000155083,282502,0.0010300000431016,0.001014000037685,0.0009079999872483,0.0009270000155083
2020-09-26 00:00:00,0.0009609999833628,258559,0.001016000052914,0.0009260000078938,0.0009120000177063,0.0009609999833628
2020-09-27 00:00:00,0.000990999978967,282508,0.0009980000322684,0.0009850000496953,0.0008730000117793,0.000990999978967
2020-09-28 00:00:00,0.0009670000290498,237653,0.001016000052914,0.0009960000170394,0.0008989999769255,0.0009670000290498
2020-09-29 00:00:00,0.0010400000028312,281380,0.0010529999854043,0.0009670000290498,0.0009270000155083,0.0010400000028312
2020-09-30 00:00:00,0.001014000037685,267579,0.0010400000028312,0.0010400000028312,0.0009899999713525,0.001014000037685
2020-10-01 00:00:00,0.0010319999419152,292330,0.0010639999527484,0.001014000037685,0.0010049999691545,0.0010319999419152
2020-10-02 00:00:00,0.0010339999571442,301389,0.0010470000561326,0.0010300000431016,0.0009950000094249,0.0010339999571442
2020-10-03 00:00:00,0.0009330000029876,273925,0.0010339999571442,0.0010339999571442,0.0009229999850504,0.0009330000029876
2020-10-04 00:00:00,0.0009699999936856,269279,0.0010329999495297,0.0009330000029876,0.0009050000226125,0.0009699999936856
2020-10-05 00:00:00,0.0018980000168085,671714,0.0022130000870674,0.0009699999936856,0.0009319999953731,0.0018980000168085
2020-10-06 00:00:00,0.0016489999834448,524935,0.0021299999207258,0.0019020000472664,0.001499000005424,0.0016489999834448
2020-10-07 00:00:00,0.0016120000509545,457644,0.0016509999986737,0.0016489999834448,0.0014560000272467,0.0016120000509545
2020-10-08 00:00:00,0.0015610000118613,412939,0.0016540000215172,0.0016120000509545,0.0013579999795183,0.0015610000118613
2020-10-09 00:00:00,0.0013320000143721,409580,0.0016060000052675,0.0015610000118613,0.0012870000209659,0.0013320000143721
2020-10-10 00:00:00,0.0014720000326633,347581,0.0015529999509453,0.0013320000143721,0.001295999973081,0.0014720000326633
2020-10-11 00:00:00,0.001518000033684,348552,0.0015539999585598,0.0014720000326633,0.001410000026226,0.001518000033684
2020-10-12 00:00:00,0.0014560000272467,455402,0.0015719999792054,0.001518000033684,0.0014560000272467,0.0014560000272467
2020-10-13 00:00:00,0.0014090000186115,323455,0.0015519999433308,0.0014560000272467,0.0013200000394135,0.0014090000186115
2020-10-14 00:00:00,0.001587999984622,533794,0.002521000104025,0.0014090000186115,0.0014090000186115,0.001587999984622
2020-10-15 00:00:00,0.0016799999866634,131691,0.0017010000301524,0.0016439999453723,0.0012499999720603,0.0016799999866634
2020-10-16 00:00:00,0.0012430000351741,212674,0.0016299999551847,0.0016270000487565,0.0011930000036954,0.0012430000351741
2020-10-17 00:00:00,0.0011810000287368,392636,0.0013930000131949,0.0012460000580176,0.0011269999668002,0.0011810000287368
2020-10-18 00:00:00,0.0013999999500811,144328,0.0016619999660179,0.0011820000363513,0.0011759999906644,0.0013999999500811
2020-10-19 00:00:00,0.0012639999622479,106606,0.0013589999871328,0.0013589999871328,0.0012219999916851,0.0012639999622479
2020-10-20 00:00:00,0.0012730000307783,95003,0.0013010000111535,0.0012629999546334,0.0011739999754354,0.0012730000307783
2020-10-21 00:00:00,0.0019829999655485,103208003,0.0022120000794529,0.0012730000307783,0.0012659999774768,0.0019829999655485
2020-10-22 00:00:00,0.0015409999759867,13989942,0.0020069999154657,0.0020069999154657,0.0015279999934136,0.0015409999759867
2020-10-23 00:00:00,0.001429000054486,7491169,0.0020190000068396,0.0015409999759867,0.0013719999697059,0.001429000054486
2020-10-24 00:00:00,0.0013119999784976,1495440,0.001429000054486,0.001429000054486,0.0012860000133514,0.0013119999784976
2020-10-25 00:00:00,0.0013379999436438,1401992,0.0013610000023618,0.0013119999784976,0.0012730000307783,0.0013379999436438
2020-10-26 00:00:00,0.0012679999927058,563208,0.0013460000045597,0.0013379999436438,0.0012260000221431,0.0012679999927058
2020-10-27 00:00:00,0.0012159999459981,1577972,0.0013040000339969,0.0012679999927058,0.0011990000493824,0.0012159999459981
2020-10-28 00:00:00,0.0011380000505596,1029456,0.0012240000069141,0.0012159999459981,0.0011099999537691,0.0011380000505596
2020-10-29 00:00:00,0.0010600000387057,925973,0.0011569999624043,0.0011380000505596,0.0010400000028312,0.0010600000387057
2020-10-30 00:00:00,0.0010189999593421,1010400,0.0010679999832063,0.0010600000387057,0.000986999948509,0.0010189999593421
2020-10-31 00:00:00,0.0010760000441223,4547264,0.0011719999602064,0.0010189999593421,0.0010019999463111,0.0010760000441223
2020-11-01 00:00:00,0.0010499999625608,679363,0.001098999986425,0.0010770000517368,0.0010169999441131,0.0010499999625608
2020-11-02 00:00:00,0.0010339999571442,829887,0.0010699999984353,0.0010509999701753,0.001005999976769,0.0010339999571442
2020-11-03 00:00:00,0.0010659999679774,1494615,0.0010880000190809,0.0010339999571442,0.0010189999593421,0.0010659999679774
2020-11-04 00:00:00,0.0011259999591857,656552,0.0011579999700188,0.0010659999679774,0.0010479999473318,0.0011259999591857
2020-11-05 00:00:00,0.0011170000070706,739452,0.0011510000331327,0.0011259999591857,0.0010770000517368,0.0011170000070706
2020-11-06 00:00:00,0.0012000000569969,1231062,0.0012009999481961,0.0011170000070706,0.0010620000539347,0.0012000000569969
2020-11-07 00:00:00,0.0011129999766126,2304908,0.0012460000580176,0.0012000000569969,0.0010600000387057,0.0011129999766126
2020-11-08 00:00:00,0.0011249999515712,459349,0.0011480000102892,0.0011129999766126,0.001077999942936,0.0011249999515712
2020-11-09 00:00:00,0.0011830000439658,4605388,0.0012420000275596,0.0011249999515712,0.001098999986425,0.0011830000439658
2020-11-10 00:00:00,0.0011719999602064,874851,0.0011830000439658,0.0011830000439658,0.0011330000124871,0.0011719999602064
2020-11-11 00:00:00,0.0012550000101327,1916227,0.001291999942623,0.0011719999602064,0.0011419999646022,0.0012550000101327
2020-11-12 00:00:00,0.0014690000098198,36441054,0.0020630001090466,0.0012550000101327,0.0012319999514147,0.0014690000098198
2020-11-13 00:00:00,0.0013429999817162,5549090,0.0014690000098198,0.0014690000098198,0.0012880000285804,0.0013429999817162
2020-11-14 00:00:00,0.0012540000025182,1547573,0.0013520000502467,0.0013429999817162,0.001187999965623,0.0012540000025182
2020-11-15 00:00:00,0.001189999980852,704976,0.001276999944821,0.0012540000025182,0.0009769999887794,0.001189999980852
2020-11-16 00:00:00,0.0010460000485181,3833448,0.0013520000502467,0.001189999980852,0.0010010000551119,0.0010460000485181
2020-11-17 00:00:00,0.0009469999931752,1081783,0.0013709999620914,0.0012880000285804,0.000651000009384,0.0009469999931752
2020-11-18 00:00:00,0.0011289999820291,824930,0.0013409999664872,0.0009480000007897,0.0006990000256337,0.0011289999820291
2020-11-19 00:00:00,0.0011530000483617,652562,0.0011729999678209,0.0011289999820291,0.00089999998454,0.0011530000483617
2020-11-20 00:00:00,0.0012059999862685,1783248,0.0020769999828189,0.0011530000483617,0.0009640000062063,0.0012059999862685
2020-11-21 00:00:00,0.0010519999777898,900830,0.0021780000533908,0.0012059999862685,0.0010029999539256,0.0010519999777898
2020-11-22 00:00:00,0.0010339999571442,17856916,0.0022789998911321,0.0010519999777898,0.0008909999742172,0.0010339999571442
2020-11-23 00:00:00,0.0011690000537782,22392856,0.0014359999913722,0.0010339999571442,0.0008440000237897,0.0011690000537782
2020-11-24 00:00:00,0.001295999973081,3604901,0.0013389999512583,0.0011690000537782,0.0011650000233203,0.001295999973081
2020-11-25 00:00:00,0.0010920000495389,3097059,0.0013079999480396,0.0012969999806955,0.0010900000343099,0.0010920000495389
2020-11-26 00:00:00,0.0008060000254772,2724109,0.0013289999915286,0.0010920000495389,0.0007759999716654,0.0008060000254772
2020-11-27 00:00:00,0.0013920000055804,2186948,0.001410000026226,0.0008060000254772,0.0008019999950192,0.0013920000055804
2020-11-28 00:00:00,0.0014280000468716,1746386,0.0014710000250488,0.0013920000055804,0.0013470000121742,0.0014280000468716
2020-11-29 00:00:00,0.0014710000250488,1450297,0.0014979999978095,0.0014189999783411,0.0014110000338405,0.0014710000250488
2020-11-30 00:00:00,0.0015229999553412,12991898,0.0017509999452158,0.0014799999771639,0.0014369999989867,0.0015229999553412
2020-12-01 00:00:00,0.0024309998843818,111720735,0.0032619999255985,0.0015320000238716,0.0015050000511109,0.0024309998843818
2020-12-02 00:00:00,0.0022259999532252,14701410,0.0026239999569952,0.0024490000214427,0.0019480000482872,0.0022259999532252
2020-12-03 00:00:00,0.0023980000987648,18651461,0.0025690000038594,0.002208000048995,0.0020179999992251,0.0023980000987648
2020-12-04 00:00:00,0.0022549999412149,2719454,0.0024160000029951,0.0023980000987648,0.0021430000197142,0.0022549999412149
2020-12-05 00:00:00,0.0040139998309314,209995377,0.0046339998953044,0.0022640000097453,0.0021649999544024,0.0040139998309314
2020-12-06 00:00:00,0.005032000131905,132095094,0.0053150001913309,0.0040580001659691,0.0039059999398887,0.005032000131905
2020-12-07 00:00:00,0.0042719999328255,58914963,0.005115000065416,0.0050499998033046,0.0040770000778138,0.0042719999328255
2020-12-08 00:00:00,0.0033080000430345,26228719,0.0046040001325309,0.0042809997685253,0.0031270000617951,0.0033080000430345
2020-12-09 00:00:00,0.0034080001059919,26436360,0.0035429999697953,0.0033170001115649,0.0026879999786615,0.0034080001059919
2020-12-10 00:00:00,0.0031989999115467,8274111,0.0034060000907629,0.003389999968931,0.0030420001130551,0.0031989999115467
2020-12-11 00:00:00,0.0030129998922348,6304334,0.0033299999777227,0.0031989999115467,0.002913000062108,0.0030129998922348
2020-12-12 00:00:00,0.0031840000301599,5916327,0.0032750000245869,0.0029859999194741,0.0029589999467134,0.0031840000301599
2020-12-13 00:00:00,0.0032629999332129,7923761,0.0033760000951588,0.0031840000301599,0.0031300000846385,0.0032629999332129
2020-12-14 00:00:00,0.003131000092253,2226505,0.0032629999332129,0.0032629999332129,0.0030720001086592,0.003131000092253
2020-12-15 00:00:00,0.003305000020191,13958904,0.0036289999261498,0.0031399999279528,0.0031079999171197,0.003305000020191
2020-12-16 00:00:00,0.0031920000910758,8942654,0.0034310000482946,0.0032879998907446,0.0030449999030679,0.0031920000910758
2020-12-17 00:00:00,0.003216000040993,6953853,0.0033589999657124,0.003218000056222,0.0030779999215155,0.003216000040993
2020-12-18 00:00:00,0.0034080001059919,15790988,0.0036090000066906,0.0032339999452233,0.0031020001042634,0.0034080001059919
2020-12-19 00:00:00,0.0034239999949932,10720517,0.0035610001068562,0.0033990000374615,0.0031989999115467,0.0034239999949932
2020-12-20 00:00:00,0.0034380001015961,14533020,0.0038850000128149,0.0034149999264627,0.0033160001039505,0.0034380001015961
2020-12-21 00:00:00,0.0031520000193268,6450493,0.003474999917671,0.0034119999036192,0.002989999949932,0.0031520000193268
2020-12-22 00:00:00,0.0030720001086592,2609871,0.0032619999255985,0.0031520000193268,0.002905000001192,0.0030720001086592
2020-12-23 00:00:00,0.0025180000811815,3531313,0.0031489999964833,0.0030720001086592,0.002373999916017,0.0025180000811815
2020-12-24 00:00:00,0.0027550000231713,3411347,0.0027560000307857,0.0025180000811815,0.0023660000879317,0.0027550000231713
2020-12-25 00:00:00,0.0026859999634325,2868337,0.0028540000785142,0.0027459999546408,0.0025520001072436,0.0026859999634325
2020-12-26 00:00:00,0.0026370000559836,1212022,0.0027050001081079,0.0026950000319629,0.0025559999048709,0.0026370000559836
2020-12-27 00:00:00,0.0026080000679939,4884537,0.0028470000252127,0.0026370000559836,0.0024810000322759,0.0026080000679939
2020-12-28 00:00:00,0.0026199999265372,1823113,0.002773999935016,0.0025730000343173,0.0025639999657869,0.0026199999265372
2020-12-29 00:00:00,0.002777999965474,10024825,0.0029539999086409,0.002593999961391,0.0025869999080896,0.002777999965474
2020-12-30 00:00:00,0.0028389999642968,3494528,0.0029140000697225,0.0027600000612437,0.0027010000776499,0.0028389999642968
2020-12-31 00:00:00,0.0028049999382346,1305775,0.0028959999326616,0.0028299998957663,0.002735000103712,0.0028049999382346
2021-01-01 00:00:00,0.0029509998857975,6953409,0.0033140000887215,0.0028049999382346,0.0027600000612437,0.0029509998857975
2021-01-02 00:00:00,0.0028250000905245,2300714,0.0029420000500977,0.0029329999815672,0.002693000016734,0.0028250000905245
2021-01-03 00:00:00,0.0027149999514222,2691747,0.0028999999631196,0.0028079999610781,0.0026390000712126,0.0027149999514222
2021-01-04 00:00:00,0.0026110000908374,3279958,0.0028039999306201,0.0027060001157224,0.0023469999432563,0.0026110000908374
2021-01-05 00:00:00,0.0026440001092851,1953197,0.0026610000059008,0.0026030000299215,0.0024749999865889,0.0026440001092851
2021-01-06 00:00:00,0.0029889999423176,1836299,0.0030259999912232,0.0026599999982863,0.0025790000800043,0.0029889999423176
2021-01-07 00:00:00,0.0026879999786615,3191358,0.0029970000032335,0.0029970000032335,0.0025790000800043,0.0026879999786615
2021-01-08 00:00:00,0.002820000052452,9909721,0.0031359998974949,0.002678999910131,0.0025520001072436,0.002820000052452
2021-01-09 00:00:00,0.0030390000902116,8834925,0.0030839999672025,0.0028190000448375,0.0027570000384002,0.0030390000902116
2021-01-10 00:00:00,0.002820000052452,5184511,0.0030390000902116,0.0030390000902116,0.0025849998928606,0.002820000052452
2021-01-11 00:00:00,0.0024989999365061,2522057,0.0028190000448375,0.0028190000448375,0.0022819999139755,0.0024989999365061
2021-01-12 00:00:00,0.0027530000079423,1255271,0.0028800000436604,0.0024920001160353,0.0023650000803172,0.0027530000079423
2021-01-13 00:00:00,0.0026549999602138,3328286,0.0029200001154094,0.0027560000307857,0.0025559999048709,0.0026549999602138
2021-01-14 00:00:00,0.0027000000700354,2098274,0.0027469999622553,0.0026549999602138,0.0025579999200999,0.0027000000700354
2021-01-15 00:00:00,0.00268099992536,2762642,0.0027960001025348,0.0027000000700354,0.0025029999669641,0.00268099992536
2021-01-16 00:00:00,0.0028099999763071,2745197,0.0028450000099837,0.00268099992536,0.0026189999189227,0.0028099999763071
2021-01-17 00:00:00,0.0027389999013394,1860835,0.0028359999414533,0.0028359999414533,0.002600000007078,0.0027389999013394
2021-01-18 00:00:00,0.0027910000644624,1322556,0.0027910000644624,0.0027479999698698,0.0026199999265372,0.0027910000644624
2021-01-19 00:00:00,0.0028440000023692,1930269,0.0028520000632852,0.0027819999959319,0.0027179999742656,0.0028440000023692
2021-01-20 00:00:00,0.0028379999566823,2232465,0.0028689999599009,0.0028250000905245,0.0026690000668168,0.0028379999566823
2021-01-21 00:00:00,0.0026010000146925,2279124,0.0028299998957663,0.0028299998957663,0.0025599999353289,0.0026010000146925
2021-01-22 00:00:00,0.0026539999525994,5391578,0.002735000103712,0.0025919999461621,0.0024039999116212,0.0026539999525994
2021-01-23 00:00:00,0.0026229999493807,841856,0.0026710000820457,0.0026710000820457,0.0025559999048709,0.0026229999493807
2021-01-24 00:00:00,0.0026630000211298,1551836,0.0027129999361932,0.0026140001136809,0.0025700000114738,0.0026630000211298
2021-01-25 00:00:00,0.0026440001092851,1230290,0.0027060001157224,0.0026630000211298,0.0026120000984519,0.0026440001092851
2021-01-26 00:00:00,0.002602000022307,534380,0.0026630000211298,0.0026440001092851,0.0025609999429434,0.002602000022307
2021-01-27 00:00:00,0.0024850000627338,797432,0.0026159998960793,0.0026100000832229,0.0024129999801516,0.0024850000627338
2021-01-28 00:00:00,0.002600000007078,2227373,0.0026269999798387,0.0024860000703483,0.0024329998996108,0.002600000007078
2021-01-29 00:00:00,0.0025599999353289,1443878,0.0026179999113082,0.0025639999657869,0.0024830000475049,0.0025599999353289
2021-01-30 00:00:00,0.0025029999669641,1041306,0.0025750000495463,0.0025609999429434,0.0024500000290572,0.0025029999669641
2021-01-31 00:00:00,0.0025200000964105,1828895,0.0026080000679939,0.0025029999669641,0.0024820000398904,0.0025200000964105
2021-02-01 00:00:00,0.0024689999409019,1165916,0.0025200000964105,0.0025120000354945,0.0024019998963922,0.0024689999409019
2021-02-02 00:00:00,0.0025710000190883,2243062,0.0025899999309331,0.0024530000519007,0.002424000063911,0.0025710000190883
2021-02-03 00:00:00,0.0028079999610781,24933534,0.0031880000606179,0.0025710000190883,0.0025400000158697,0.0028079999610781
2021-02-04 00:00:00,0.0027979998849332,6616821,0.0030380000825971,0.0027989998925477,0.0026519999373704,0.0027979998849332
2021-02-05 00:00:00,0.0028899998869746,3606501,0.0029200001154094,0.0027979998849332,0.0027469999622553,0.0028899998869746
2021-02-06 00:00:00,0.0028150000143796,2127657,0.0029009999707341,0.0028899998869746,0.0027419999241828,0.0028150000143796
2021-02-07 00:00:00,0.0027429999317973,1786243,0.0028150000143796,0.0028150000143796,0.0026599999982863,0.0027429999317973
2021-02-08 00:00:00,0.0028800000436604,2400705,0.0028830000665038,0.0027670001145452,0.0027079998981207,0.0028800000436604
2021-02-09 00:00:00,0.0036309999413788,37507795,0.003794000018388,0.0028550000861287,0.0027830000035464,0.0036309999413788
2021-02-10 00:00:00,0.0033559999428689,25795951,0.0038920000661164,0.003701000008732,0.0031820000149309,0.0033559999428689
2021-02-11 00:00:00,0.0034950000699609,8676050,0.0035139999818056,0.0033559999428689,0.0032190000638365,0.0034950000699609
2021-02-12 00:00:00,0.0036810000892728,11820572,0.0037320000119507,0.0034960000775754,0.0033589999657124,0.0036810000892728
2021-02-13 00:00:00,0.0038350000977516,11088197,0.0039730002172291,0.0036889999173581,0.0034330000635236,0.0038350000977516
2021-02-14 00:00:00,0.0036480000708252,6703094,0.0038469999562948,0.0038350000977516,0.0034680000972002,0.0036480000708252
2021-02-15 00:00:00,0.0034650000743567,5047395,0.0036730000283569,0.0036559998989105,0.0031610000878572,0.0034650000743567
2021-02-16 00:00:00,0.0035379999317228,3953797,0.0035890000872313,0.0034560000058263,0.0033690000418573,0.0035379999317228
2021-02-17 00:00:00,0.0040420000441372,23770628,0.0041600000113248,0.0035379999317228,0.0035039999056607,0.0040420000441372
2021-02-18 00:00:00,0.0059670000337064,309431566,0.0095640001818537,0.0040420000441372,0.0040319999679923,0.0059670000337064
2021-02-19 00:00:00,0.0068029998801648,169733118,0.0085909999907016,0.0060189999639987,0.0051649999804794,0.0068029998801648
2021-02-20 00:00:00,0.0071120001375675,111656885,0.0080779995769262,0.0068029998801648,0.0062879999168217,0.0071120001375675
2021-02-21 00:00:00,0.0072770002298057,42021836,0.0074629997834563,0.0071640000678598,0.006874999962747,0.0072770002298057
2021-02-22 00:00:00,0.006705000065267,40918777,0.0075329998508095,0.0072770002298057,0.0055829999037086,0.006705000065267
2021-02-23 00:00:00,0.0054080002009868,28733375,0.0067560002207756,0.0067469999194145,0.0041660000570118,0.0054080002009868
2021-02-24 00:00:00,0.0058510000817477,33076135,0.0064059998840093,0.0054080002009868,0.0049370001070201,0.0058510000817477
2021-02-25 00:00:00,0.0057819997891783,26046284,0.0066039999946951,0.0058590001426637,0.0057489997707307,0.0057819997891783
2021-02-26 00:00:00,0.0059380000457167,12595616,0.0060569997876882,0.0058079999871551,0.005630999803543,0.0059380000457167
2021-02-27 00:00:00,0.0062950002029538,15468667,0.0064070001244544,0.0059719998389482,0.005836000200361,0.0062950002029538
2021-02-28 00:00:00,0.0057069999165833,9835660,0.0063550001941621,0.0063370000571012,0.0052609997801482,0.0057069999165833
2021-03-01 00:00:00,0.0062540001235902,6458208,0.0062540001235902,0.0057160002179443,0.0056039998307824,0.0062540001235902
2021-03-02 00:00:00,0.0060499999672174,9816955,0.0062919999472796,0.0061670001596212,0.0056210001930594,0.0060499999672174
2021-03-03 00:00:00,0.0067839999683201,23838885,0.0068060001358389,0.0060660000890493,0.0059259999543428,0.0067839999683201
2021-03-04 00:00:00,0.0067429998889565,20384186,0.0071829999797046,0.0068100001662969,0.0063900002278387,0.0067429998889565
2021-03-05 00:00:00,0.0073870001360774,34433022,0.0075389998964965,0.0067520001903176,0.0063570002093911,0.0073870001360774
2021-03-06 00:00:00,0.0074189999140799,22219029,0.0078280000016093,0.0073959999717772,0.0065950001589953,0.0074189999140799
2021-03-07 00:00:00,0.007335000205785,9943081,0.0074530001729726,0.0074280002154409,0.0070799998939037,0.007335000205785
2021-03-08 00:00:00,0.007672999985516,24976399,0.0078619997948408,0.007335000205785,0.0070130000822246,0.007672999985516
2021-03-09 00:00:00,0.0083809997886419,23942517,0.0084229996427893,0.0076819998212158,0.0074269999749958,0.0083809997886419
2021-03-10 00:00:00,0.0095769995823502,64645802,0.0104080000892281,0.0083889998495578,0.0076129999943077,0.0095769995823502
2021-03-11 00:00:00,0.0097909998148679,23469480,0.0101190004497766,0.0095760002732276,0.0088609997183084,0.0097909998148679
2021-03-12 00:00:00,0.0104160001501441,25391893,0.01059400010854,0.0097080003470182,0.0091350004076957,0.0104160001501441
2021-03-13 00:00:00,0.0065529998391866,443091,0.0185410007834434,0.0104160001501441,0.0063020000234246,0.0065529998391866
2021-03-14 00:00:00,0.0166759993880987,66615246,0.0180789995938539,0.0065529998391866,0.0065399999730288,0.0166759993880987
2021-03-15 00:00:00,0.0196289997547864,107729027,0.0201680008322,0.0166749991476535,0.0140939997509121,0.0196289997547864
2021-03-16 00:00:00,0.0324839986860752,650758916,0.0349179990589618,0.0196289997547864,0.0196289997547864,0.0324839986860752
2021-03-17 00:00:00,0.0344929993152618,442355696,0.035045001655817,0.0324009992182254,0.0208229999989271,0.0344929993152618
2021-03-18 00:00:00,0.0344239994883537,253342932,0.0384350009262561,0.0346670001745224,0.0298769995570182,0.0344239994883537
2021-03-19 00:00:00,0.0399289987981319,266794635,0.041567001491785,0.034070998430252,0.0329490005970001,0.0399289987981319
2021-03-20 00:00:00,0.0530330017209053,899645292,0.0665759965777397,0.0410789996385574,0.0394859984517097,0.0530330017209053
2021-03-21 00:00:00,0.0585209988057613,405039659,0.0622409991919994,0.0541829988360405,0.0541829988360405,0.0585209988057613
2021-03-22 00:00:00,0.0510560013353824,183684721,0.0593799985945224,0.0587860010564327,0.0439589992165565,0.0510560013353824
2021-03-23 00:00:00,0.0559439994394779,589816254,0.0566509999334812,0.0504320003092289,0.0406400002539157,0.0559439994394779
2021-03-24 00:00:00,0.053541999310255,498395972,0.0640970021486282,0.0567440018057823,0.0503510013222694,0.053541999310255
2021-03-25 00:00:00,0.0502099990844726,397521785,0.0597640015184879,0.0540690012276172,0.0477119982242584,0.0502099990844726
2021-03-26 00:00:00,0.0511920005083084,134969105,0.0518999993801116,0.0505620017647743,0.0476250015199184,0.0511920005083084
2021-03-27 00:00:00,0.0491559989750385,89989358,0.0511920005083084,0.0511920005083084,0.0482680015265941,0.0491559989750385
2021-03-28 00:00:00,0.0465870015323162,98259897,0.0494219996035099,0.0491559989750385,0.0456140004098415,0.0465870015323162
2021-03-29 00:00:00,0.0466150008141994,154613351,0.0494810007512569,0.0464100018143653,0.0454449988901615,0.0466150008141994
2021-03-30 00:00:00,0.0481709986925125,99619272,0.0481709986925125,0.0465269982814788,0.045983999967575,0.0481709986925125
2021-03-31 00:00:00,0.0523810014128685,162158019,0.052556999027729,0.0479069985449314,0.0443379990756511,0.0523810014128685
2021-04-01 00:00:00,0.0554409995675087,235587476,0.0566789992153644,0.0525580011308193,0.0482699982821941,0.0554409995675087
2021-04-02 00:00:00,0.0690340027213096,455715334,0.0705379992723465,0.0557949990034103,0.0543019995093345,0.0690340027213096
2021-04-03 00:00:00,0.0577070005238056,254918638,0.0704500004649162,0.0704490020871162,0.0540780015289783,0.0577070005238056
2021-04-04 00:00:00,0.0595640018582344,157937356,0.0608129985630512,0.0572640001773834,0.0549639984965324,0.0595640018582344
2021-04-05 00:00:00,0.0511900000274181,165354373,0.0604920014739036,0.0594759993255138,0.0486060008406639,0.0511900000274181
2021-04-06 00:00:00,0.0483240000903606,126964446,0.0538440011441707,0.0514560006558895,0.0443679988384246,0.0483240000903606
2021-04-07 00:00:00,0.041593998670578,4147,0.0518950000405311,0.0486270003020763,0.0387400016188621,0.041593998670578
2021-04-08 00:00:00,0.0371729992330074,968,0.0469180010259151,0.0414940007030963,0.0366959981620311,0.0371729992330074
2021-04-09 00:00:00,0.0346620008349418,3485,0.049185000360012,0.0371760018169879,0.0307039991021156,0.0346620008349418
2021-04-10 00:00:00,0.0330669991672039,2914,0.0493719987571239,0.0347680002450943,0.0328239984810352,0.0330669991672039
2021-04-11 00:00:00,0.0354649983346462,1119,0.041797999292612,0.0330809988081455,0.0321730002760887,0.0354649983346462
2021-04-12 00:00:00,0.0389459989964962,801,0.0392579995095729,0.0355109982192516,0.0292879994958639,0.0389459989964962
2021-04-13 00:00:00,0.0330189988017082,6320,0.0391130000352859,0.0388819985091686,0.0276030004024505,0.0330189988017082
2021-04-14 00:00:00,0.02738600037992,771,0.034120000898838,0.0329930000007152,0.0263529997318983,0.02738600037992
2021-04-15 00:00:00,0.0456960014998912,6265,0.0551420003175735,0.027480000630021,0.026928000152111,0.0456960014998912
2021-04-16 00:00:00,0.0363099984824657,7645,0.0518090017139911,0.0456780008971691,0.0273330006748437,0.0363099984824657
2021-04-17 00:00:00,0.0366629995405674,4102,0.039801999926567,0.0362230017781257,0.030231999233365,0.0366629995405674
2021-04-18 00:00:00,0.0297529995441436,108734,0.0369779989123344,0.0366940014064312,0.0281249992549419,0.0297529995441436
2021-04-19 00:00:00,0.030698999762535,103254,0.0378829985857009,0.0297759994864463,0.0290409997105598,0.030698999762535
2021-04-20 00:00:00,0.0293339993804693,115439,0.0332389995455741,0.0306289996951818,0.0256239995360374,0.0293339993804693
2021-04-21 00:00:00,0.0268249996006488,46800,0.0343910008668899,0.0293930005282163,0.0184369999915361,0.0268249996006488
2021-04-22 00:00:00,0.0217230003327131,60783,0.0277580004185438,0.0268300008028745,0.0216000005602836,0.0217230003327131
2021-04-23 00:00:00,0.0223399996757507,46232,0.0225809998810291,0.0216819997876882,0.0183559991419315,0.0223399996757507
2021-04-24 00:00:00,0.0211139991879463,57190,0.0223200004547834,0.0223050005733966,0.0193579997867345,0.0211139991879463
2021-04-25 00:00:00,0.0161889996379613,6693,0.0214970000088214,0.0210730005055665,0.0123589998111128,0.0161889996379613
2021-04-26 00:00:00,0.0507889986038208,14399,0.0527939982712268,0.0161930005997419,0.0161039996892213,0.0507889986038208
2021-04-27 00:00:00,0.028498999774456,19880,0.0533519983291626,0.0507850013673305,0.0256530009210109,0.028498999774456
2021-04-28 00:00:00,0.0236339997500181,11010,0.0335379987955093,0.0285880006849765,0.0226489994674921,0.0236339997500181
2021-04-29 00:00:00,0.0258450005203485,9969,0.0358150005340576,0.0236360002309083,0.0235200002789497,0.0258450005203485
2021-04-30 00:00:00,0.0269649997353553,1969,0.027021000161767,0.0258469991385936,0.0247559994459152,0.0269649997353553
2021-05-01 00:00:00,0.0265870001167058,708,0.0278980005532503,0.0269670002162456,0.025552999228239,0.0265870001167058
2021-05-02 00:00:00,0.0218480005860328,2952,0.0268500000238418,0.0265829991549253,0.0216910000890493,0.0218480005860328
2021-05-03 00:00:00,0.0337110012769699,6046,0.0337739996612072,0.0218359995633363,0.0218289997428655,0.0337110012769699
2021-05-04 00:00:00,0.0233410000801086,6835,0.0338459983468055,0.0337839983403682,0.0196139998733997,0.0233410000801086
2021-05-05 00:00:00,0.02084800042212,1107,0.0238639991730451,0.0233769994229078,0.0201299991458654,0.02084800042212
2021-05-06 00:00:00,0.0209069997072219,5663,0.0282639991492033,0.0208429992198944,0.0180389992892742,0.0209069997072219
2021-05-07 00:00:00,0.0222830008715391,151684,0.0414180010557174,0.0209400001913309,0.0205990001559257,0.0222830008715391
2021-05-08 00:00:00,0.0193399991840124,38471,0.0250760000199079,0.0222699996083974,0.0192699991166591,0.0193399991840124
2021-05-09 00:00:00,0.018707999959588,5339,0.0226080007851123,0.0193409994244575,0.0166500005871057,0.018707999959588
2021-05-10 00:00:00,0.0184770002961158,5232,0.0219349991530179,0.0187199991196393,0.0168169997632503,0.0184770002961158
2021-05-11 00:00:00,0.0235879998654127,3848,0.0256099998950958,0.0184630006551742,0.01681400090456,0.0235879998654127
2021-05-12 00:00:00,0.0203109998255968,1705,0.0240529999136924,0.023599000647664,0.01583700068295,0.0203109998255968
2021-05-13 00:00:00,0.0188640002161264,1132,0.0212050005793571,0.0200820006430149,0.0136289997026324,0.0188640002161264
2021-05-14 00:00:00,0.0199090000241994,1419,0.020525999367237,0.0188519991934299,0.0156220002099871,0.0199090000241994
2021-05-15 00:00:00,0.0170820001512765,406,0.0201219990849494,0.0199090000241994,0.0166209992021322,0.0170820001512765
2021-05-16 00:00:00,0.0164969991892576,1018,0.0194840002804994,0.0170660000294446,0.0152030000463128,0.0164969991892576
2021-05-17 00:00:00,0.0140739995986223,1194,0.0165299996733665,0.0164819993078708,0.0136820003390312,0.0140739995986223
2021-05-18 00:00:00,0.0184220001101493,766250,0.0192629992961883,0.0141200004145503,0.010420000180602,0.0184220001101493
2021-05-19 00:00:00,0.0131949996575713,182709,0.0189989991486072,0.0183969996869564,0.0094630001112818,0.0131949996575713
2021-05-20 00:00:00,0.0145420003682374,147857,0.0198049992322921,0.0131930001080036,0.0114409998059272,0.0145420003682374
2021-05-21 00:00:00,0.0165560003370046,176393,0.0182140003889799,0.0148329995572566,0.0135260000824928,0.0165560003370046
2021-05-22 00:00:00,0.0183349996805191,184579,0.0199580006301403,0.0165560003370046,0.015022000297904,0.0183349996805191
2021-05-23 00:00:00,0.0156319998204708,173080,0.0183329991996288,0.0183329991996288,0.0118009997531771,0.0156319998204708
2021-05-24 00:00:00,0.0155499996617436,224619,0.0156330000609159,0.0156330000609159,0.0120200002565979,0.0155499996617436
2021-05-25 00:00:00,0.0150110004469752,281078,0.0159370005130767,0.0155509999021887,0.0137200001627206,0.0150110004469752
2021-05-26 00:00:00,0.0162259992212057,655272,0.0170319993048906,0.0150129999965429,0.0150030003860592,0.0162259992212057
2021-05-27 00:00:00,0.0166459996253252,457909,0.0176389999687671,0.0162250008434057,0.0155309997498989,0.0166459996253252
2021-05-28 00:00:00,0.0135169997811317,342459,0.0167660005390644,0.0166459996253252,0.0126569997519254,0.0135169997811317
2021-05-29 00:00:00,0.0134100001305341,11585,0.0146310003474354,0.0135159995406866,0.0111260004341602,0.0134100001305341
2021-05-30 00:00:00,0.0130519997328519,17395,0.0136139998212456,0.0134100001305341,0.0119310002774,0.0130519997328519
2021-05-31 00:00:00,0.0133889997377991,14500,0.0135479997843503,0.0130540002137422,0.0112849995493888,0.0133889997377991
2021-06-01 00:00:00,0.0138640003278851,37452,0.0142679996788501,0.0133899999782443,0.0131930001080036,0.0138640003278851
2021-06-02 00:00:00,0.0157929994165897,16669,0.0157970003783702,0.0138659998774528,0.0112650003284215,0.0157929994165897
2021-06-03 00:00:00,0.0146949999034404,5917,0.0198149997740983,0.01579499989748,0.014394000172615,0.0146949999034404
2021-06-04 00:00:00,0.0157580003142356,10323,0.0158740002661943,0.0146960001438856,0.0135740004479885,0.0157580003142356
2021-06-05 00:00:00,0.0136310001835227,9273,0.0159660000354051,0.0157570000737905,0.0133680002763867,0.0136310001835227
2021-06-06 00:00:00,0.0142139997333288,4868,0.0146279996261,0.0136280003935098,0.0135270003229379,0.0142139997333288
2021-06-07 00:00:00,0.0135159995406866,9020,0.0146869998425245,0.0142130004242062,0.0131759997457265,0.0135159995406866
2021-06-08 00:00:00,0.0129909999668598,6672,0.0137000000104308,0.0135159995406866,0.0111640002578496,0.0129909999668598
2021-06-09 00:00:00,0.0115609997883439,23839,0.0272410009056329,0.0129909999668598,0.0064409999176859,0.0115609997883439
2021-06-10 00:00:00,0.0133220003917813,12310,0.0144429998472332,0.0115649998188018,0.0111689995974302,0.0133220003917813
2021-06-11 00:00:00,0.0112560000270605,4613,0.0149379996582865,0.013323999941349,0.0111710000783205,0.0112560000270605
2021-06-12 00:00:00,0.0099090002477169,14763,0.0116149997338652,0.0112570002675056,0.0090870000422,0.0099090002477169
2021-06-13 00:00:00,0.0097839999943971,1098,0.0099210003390908,0.0099120000377297,0.0085169998928904,0.0097839999943971
2021-06-14 00:00:00,0.0098449997603893,7180,0.0110700000077486,0.0097839999943971,0.0092460000887513,0.0098449997603893
2021-06-15 00:00:00,0.0138020003214478,38928,0.0195540003478527,0.0106729995459318,0.0103359995409846,0.0138020003214478
2021-06-16 00:00:00,0.0126560004428029,14794,0.0136289997026324,0.0129749998450279,0.0122220003977417,0.0126560004428029
2021-06-17 00:00:00,0.0115379998460412,4910,0.0127560002729296,0.0126550002023577,0.0114460000768303,0.0115379998460412
2021-06-18 00:00:00,0.0129060000181198,3280,0.0129100000485777,0.0115390000864863,0.0107159996405243,0.0129060000181198
2021-06-19 00:00:00,0.0108789997175335,618,0.0133849997073411,0.0129060000181198,0.0099600004032254,0.0108789997175335
2021-06-20 00:00:00,0.0099609997123479,410,0.0109759997576475,0.0108839999884366,0.0090420003980398,0.0099609997123479
2021-06-21 00:00:00,0.0128039997071027,5860,0.0295080002397298,0.0099600004032254,0.0099520003423094,0.0128039997071027
2021-06-22 00:00:00,0.0074499999172985,3625,0.0128130000084638,0.0128079997375607,0.0064159999601542,0.0074499999172985
2021-06-23 00:00:00,0.0084159998223185,3825,0.009456000290811,0.0074510001577436,0.0071950000710785,0.0084159998223185
2021-06-24 00:00:00,0.0068500000052154,18962,0.0086080003529787,0.0083069996908307,0.0052680000662803,0.0068500000052154
2021-06-25 00:00:00,0.0069809998385608,705,0.0070190001279115,0.0068500000052154,0.0057100001722574,0.0069809998385608
2021-06-26 00:00:00,0.0071510002017021,1630,0.0072519998066127,0.0069809998385608,0.0067139999009668,0.0071510002017021
2021-06-27 00:00:00,0.0107549997046589,5167,0.0123720001429319,0.0071660000830888,0.0071370000950992,0.0107549997046589
2021-06-28 00:00:00,0.0111670000478625,5029,0.0114339999854564,0.0107580004259943,0.008984999731183,0.0111670000478625
2021-06-29 00:00:00,0.0114740002900362,2186,0.0133889997377991,0.0111680002883076,0.0111579997465014,0.0114740002900362
2021-06-30 00:00:00,0.0116069996729493,514,0.0134460004046559,0.0114679997786879,0.0091899996623396,0.0116069996729493
2021-07-01 00:00:00,0.0087320003658533,970,0.0124099999666213,0.0116090001538395,0.0086970003321766,0.0087320003658533
2021-07-02 00:00:00,0.0089830001816153,376,0.0113660003989934,0.008733999915421,0.0087150000035762,0.0089830001816153
2021-07-03 00:00:00,0.0127990003675222,5450,0.0130289997905492,0.0089830001816153,0.0089720003306865,0.0127990003675222
2021-07-04 00:00:00,0.0120839998126029,27975,0.0147099997848272,0.0127980001270771,0.0111940000206232,0.0120839998126029
2021-07-05 00:00:00,0.0119749996811151,13586,0.0134680001065135,0.0120850000530481,0.0115780001506209,0.0119749996811151
2021-07-06 00:00:00,0.0150439999997615,30058572,0.0152160003781318,0.0119740003719925,0.0115179996937513,0.0150439999997615
2021-07-07 00:00:00,0.0148910004645586,25994455,0.0152850002050399,0.0150370001792907,0.0142249995842576,0.0148910004645586
2021-07-08 00:00:00,0.0125630004331469,23545118,0.0147350002080202,0.0145420003682374,0.0121240001171827,0.0125630004331469
2021-07-09 00:00:00,0.0125719998031854,19633950,0.0129270004108548,0.0125609999522566,0.0114139998331666,0.0125719998031854
2021-07-10 00:00:00,0.0124850003048777,20278896,0.0132710002362728,0.0124850003048777,0.0122239999473094,0.0124850003048777
2021-07-11 00:00:00,0.0125740002840757,9638752,0.0128349997103214,0.0124850003048777,0.0118739996105432,0.0125740002840757
2021-07-12 00:00:00,0.0130719998851418,27988924,0.0136010004207491,0.0126609997823834,0.0124829998239874,0.0130719998851418
2021-07-13 00:00:00,0.0126970000565052,15997649,0.0135380001738667,0.012984000146389,0.01227100007236,0.0126970000565052
2021-07-14 00:00:00,0.0121470000594854,10633981,0.0127830002456903,0.0127830002456903,0.0114709995687007,0.0121470000594854
2021-07-15 00:00:00,0.011396000161767,9083541,0.0122889997437596,0.0121470000594854,0.011214000172913,0.011396000161767
2021-07-16 00:00:00,0.0105029996484518,11721149,0.0118439998477697,0.0114839999005198,0.0102589996531605,0.0105029996484518
2021-07-17 00:00:00,0.0109409997239708,7363135,0.011115999892354,0.0105910003185272,0.0101530002430081,0.0109409997239708
2021-07-18 00:00:00,0.0112030003219842,7106027,0.0114660002291202,0.0109409997239708,0.0106779998168349,0.0112030003219842
2021-07-19 00:00:00,0.0108589995652437,10944865,0.0116839995607733,0.0112910000607371,0.0103270001709461,0.0108589995652437
2021-07-20 00:00:00,0.0096650002524256,9381878,0.010941999964416,0.0108589995652437,0.0092129996046423,0.0096650002524256
2021-07-21 00:00:00,0.0104379998520016,10462459,0.0105259995907545,0.0096650002524256,0.0093160001561045,0.0104379998520016
2021-07-22 00:00:00,0.0105990003794431,6055629,0.0108559997752308,0.0104379998520016,0.0101570002734661,0.0105990003794431
2021-07-23 00:00:00,0.0108500001952052,12219454,0.0112950000911951,0.010513000190258,0.0103550003841519,0.0108500001952052
2021-07-24 00:00:00,0.0112829999998211,24462055,0.01180399954319,0.0108500001952052,0.0108500001952052,0.0112829999998211
2021-07-25 00:00:00,0.0111959995701909,5671786,0.0114569999277591,0.0113700004294514,0.0107629997655749,0.0111959995701909
2021-07-26 00:00:00,0.0113639999181032,13592620,0.0119709996506571,0.0111959995701909,0.0110210003331303,0.0113639999181032
2021-07-27 00:00:00,0.0116069996729493,9452659,0.0117429997771978,0.0113650001585483,0.0110360002145171,0.0116069996729493
2021-07-28 00:00:00,0.011646999977529,6867466,0.0116999996826052,0.0116069996729493,0.0111509999260306,0.011646999977529
2021-07-29 00:00:00,0.0125120002776384,47633655,0.0142719997093081,0.0115609997883439,0.0115550002083182,0.0125120002776384
2021-07-30 00:00:00,0.0140659995377063,159282118,0.0171579997986555,0.0125150000676512,0.0125150000676512,0.0140659995377063
2021-07-31 00:00:00,0.0139760002493858,17462730,0.0142369996756315,0.0141529999673366,0.0135420002043247,0.0139760002493858
2021-08-01 00:00:00,0.0134560000151395,33438608,0.0151040004566311,0.0139760002493858,0.0131080001592636,0.0134560000151395
2021-08-02 00:00:00,0.0133849997073411,15400249,0.0138069996610283,0.0132820000872015,0.0127680003643035,0.0133849997073411
2021-08-03 00:00:00,0.0138450004160404,19085088,0.0140040004625916,0.0133849997073411,0.0131829995661973,0.0138450004160404
2021-08-04 00:00:00,0.0138900000602006,8253263,0.0139950001612305,0.013756999745965,0.0132959997281432,0.0138900000602006
2021-08-05 00:00:00,0.0142630003392696,15754944,0.0145209999755024,0.0138900000602006,0.0137149998918175,0.0142630003392696
2021-08-06 00:00:00,0.0150089999660849,13709290,0.0150089999660849,0.0142630003392696,0.0140739995986223,0.0150089999660849
2021-08-07 00:00:00,0.015443000011146,25671090,0.0158820003271102,0.0150089999660849,0.0147479996085166,0.015443000011146
2021-08-08 00:00:00,0.0149219995364546,12364871,0.0157919991761446,0.015443000011146,0.0147470002993941,0.0149219995364546
2021-08-09 00:00:00,0.0150840003043413,11846839,0.0153440004214644,0.0149219995364546,0.0141359996050596,0.0150840003043413
2021-08-10 00:00:00,0.0151739995926618,12403275,0.0153299998492002,0.0152580002322793,0.0147489998489618,0.0151739995926618
2021-08-11 00:00:00,0.015684999525547,19234526,0.0159460008144378,0.0151749998331069,0.0148099996149539,0.015684999525547
2021-08-12 00:00:00,0.0173680000007152,114044651,0.0186000000685453,0.0155990002676844,0.0149819999933242,0.0173680000007152
2021-08-13 00:00:00,0.0177219994366168,49355586,0.017807999625802,0.0172830000519752,0.0165040008723735,0.0177219994366168
2021-08-14 00:00:00,0.0177219994366168,29520029,0.0182380005717277,0.0177219994366168,0.0169479995965957,0.0177219994366168
2021-08-15 00:00:00,0.0173790007829666,17451883,0.0178939998149871,0.0177219994366168,0.0168619994074106,0.0173790007829666
2021-08-16 00:00:00,0.0169019997119903,12531571,0.0174649991095066,0.0174649991095066,0.0161019992083311,0.0169019997119903
2021-08-17 00:00:00,0.0155429998412728,13460301,0.0169890001416206,0.0169040001928806,0.0153729999437928,0.0155429998412728
2021-08-18 00:00:00,0.0152909997850656,13223644,0.015769999474287,0.0154579998925328,0.0145349996164441,0.0152909997850656
2021-08-19 00:00:00,0.0158130005002021,17570252,0.0160629991441965,0.0152049995958805,0.0149849997833371,0.0158130005002021
2021-08-20 00:00:00,0.0166790001094341,29953238,0.0172189995646476,0.0157290007919073,0.015727000311017,0.0166790001094341
2021-08-21 00:00:00,0.0165079999715089,10439573,0.0167640000581741,0.0166790001094341,0.0162519998848438,0.0165079999715089
2021-08-22 00:00:00,0.0172739997506141,16638419,0.0172739997506141,0.0164230000227689,0.016169000416994,0.0172739997506141
2021-08-23 00:00:00,0.0178869999945163,50804462,0.0190060008317232,0.0171889998018741,0.0166669990867376,0.0178869999945163
2021-08-24 00:00:00,0.0169200003147125,27294487,0.0183940008282661,0.0178849995136261,0.0168329998850822,0.0169200003147125
2021-08-25 00:00:00,0.0174380000680685,18105378,0.0196010004729032,0.0169169995933771,0.0159409996122121,0.0174380000680685
2021-08-26 00:00:00,0.0161450002342462,13461492,0.0176710002124309,0.017434999346733,0.0160579998046159,0.0161450002342462
2021-08-27 00:00:00,0.0169469993561506,15080249,0.0171189997345209,0.0160549990832805,0.0153890000656247,0.0169469993561506
2021-08-28 00:00:00,0.0166909992694854,9404703,0.0171189997345209,0.0170329995453357,0.01634700037539,0.0166909992694854
2021-08-29 00:00:00,0.0162599999457597,7182651,0.0166049990803003,0.0166049990803003,0.0159159991890192,0.0162599999457597
2021-08-30 00:00:00,0.0159440003335475,8785788,0.0165819991379976,0.0163460001349449,0.0158709995448589,0.0159440003335475
2021-08-31 00:00:00,0.0164739992469549,15010215,0.0169169995933771,0.0160290002822875,0.0152340000495314,0.0164739992469549
2021-09-01 00:00:00,0.0171269997954368,22109293,0.0172499995678663,0.0164739992469549,0.0160460006445646,0.0171269997954368
2021-09-02 00:00:00,0.0174400005489587,35602576,0.0180760007351636,0.0171269997954368,0.0169539991766214,0.0174400005489587
2021-09-03 00:00:00,0.0179970003664493,18567058,0.0180830005556345,0.0174419991672039,0.01702699996531,0.0179970003664493
2021-09-04 00:00:00,0.0193809997290372,37201185,0.0195540003478527,0.0179970003664493,0.0176509991288185,0.0193809997290372
2021-09-05 00:00:00,0.0197269991040229,123224373,0.0233609993010759,0.0192949995398521,0.0179970003664493,0.0197269991040229
2021-09-06 00:00:00,0.0199660006910562,31400539,0.0204119998961687,0.0195540003478527,0.0189490001648664,0.0199660006910562
2021-09-07 00:00:00,0.0165209993720054,27673985,0.0201389994472265,0.019973000511527,0.0150420004501938,0.0165209993720054
2021-09-08 00:00:00,0.0161879993975162,18181529,0.0169290006160736,0.0164349991828203,0.0142149999737739,0.0161879993975162
2021-09-09 00:00:00,0.0174339991062879,31984454,0.0175250004976987,0.0167490001767873,0.015536000020802,0.0174339991062879
2021-09-10 00:00:00,0.0162330009043216,14515828,0.0173630006611347,0.0173509996384382,0.01575200073421,0.0162330009043216
2021-09-11 00:00:00,0.0163180008530616,7716444,0.0167459994554519,0.0161479990929365,0.0158920008689165,0.0163180008530616
2021-09-12 00:00:00,0.0164039991796016,4889269,0.0165739990770816,0.0164030008018016,0.0158920008689165,0.0164039991796016
2021-09-13 00:00:00,0.0154370004311203,10123221,0.0166330002248287,0.0163189992308616,0.0142000000923872,0.0154370004311203
2021-09-14 00:00:00,0.0157839991152286,4658178,0.0159559994935989,0.0154370004311203,0.0142649998888373,0.0157839991152286
2021-09-15 00:00:00,0.0160339996218681,8426768,0.016457999125123,0.0157839991152286,0.0156309995800256,0.0160339996218681
2021-09-16 00:00:00,0.0165129993110895,14053246,0.0166629999876022,0.0160329993814229,0.0154950004070997,0.0165129993110895
2021-09-17 00:00:00,0.0159879997372627,6798572,0.0165040008723735,0.0165040008723735,0.0157929994165897,0.0159879997372627
2021-09-18 00:00:00,0.0160690005868673,3534201,0.0162409991025924,0.0161559991538524,0.0150849996134638,0.0160690005868673
2021-09-19 00:00:00,0.0158190000802278,9125472,0.0164969991892576,0.0160690005868673,0.0157360006123781,0.0158190000802278
2021-09-20 00:00:00,0.0136420000344514,12260754,0.0160370003432035,0.0158190000802278,0.0133619997650384,0.0136420000344514
2021-09-21 00:00:00,0.0125010004267096,9588866,0.0145979998633265,0.0137240001931786,0.0122389998286962,0.0125010004267096
2021-09-22 00:00:00,0.0137029998004436,8615047,0.0137879997491836,0.0125019997358322,0.0118930004537105,0.0137029998004436
2021-09-23 00:00:00,0.0138649996370077,7081758,0.0143259996548295,0.0137889999896287,0.0130380000919103,0.0138649996370077
2021-09-24 00:00:00,0.0132160000503063,11552625,0.0143210003152489,0.0138649996370077,0.0124779995530843,0.0132160000503063
2021-09-25 00:00:00,0.013132999651134,6679801,0.0137240001931786,0.0131320003420114,0.0126240001991391,0.013132999651134
2021-09-26 00:00:00,0.0127090001478791,3692309,0.013132999651134,0.013132999651134,0.0121160000562667,0.0127090001478791
2021-09-27 00:00:00,0.0124070001766085,2459196,0.0130470003932714,0.0127090001478791,0.0124070001766085,0.0124070001766085
2021-09-28 00:00:00,0.0115350000560283,4057182,0.0127029996365308,0.0124869998544454,0.0113690001890063,0.0115350000560283
2021-09-29 00:00:00,0.0116959996521472,4059232,0.0121520003303885,0.0115350000560283,0.0110449995845556,0.0116959996521472
2021-09-30 00:00:00,0.0126590002328157,12317843,0.0132590001448988,0.0116959996521472,0.0116119999438524,0.0126590002328157
2021-10-01 00:00:00,0.0138050001114606,9018222,0.0138130001723766,0.0127429999411106,0.0127020003274083,0.0138050001114606
2021-10-02 00:00:00,0.0143160000443458,10013682,0.0144849997013807,0.0137210004031658,0.0135509995743632,0.0143160000443458
2021-10-03 00:00:00,0.0140549996867775,5807354,0.0144840003922581,0.0143160000443458,0.0135540002956986,0.0140549996867775
2021-10-04 00:00:00,0.0144360000267624,18117903,0.0148919997736811,0.0139709999784827,0.0137799996882677,0.0144360000267624
2021-10-05 00:00:00,0.0157479997724294,56112419,0.0175989996641874,0.0145209999755024,0.0133330002427101,0.0157479997724294
2021-10-06 00:00:00,0.0158619992434978,39646524,0.0170900002121925,0.0156640000641345,0.0150629999116063,0.0158619992434978
2021-10-07 00:00:00,0.0161169990897178,15853266,0.0162979997694492,0.0158639997243881,0.0152799999341368,0.0161169990897178
2021-10-08 00:00:00,0.0178839992731809,299028518,0.0222430005669593,0.0162010006606578,0.0160329993814229,0.0178839992731809
2021-10-09 00:00:00,0.0172990001738071,95378979,0.0207260008901357,0.0178009998053312,0.0163770001381635,0.0172990001738071
2021-10-10 00:00:00,0.0181329995393753,24349037,0.018300000578165,0.0171319991350173,0.016296999529004,0.0181329995393753
2021-10-11 00:00:00,0.0176430009305477,13654247,0.018300000578165,0.018300000578165,0.01596499979496,0.0176430009305477
2021-10-12 00:00:00,0.0160290002822875,22886879,0.0175599996000528,0.0175599996000528,0.0148700000718235,0.0160290002822875
2021-10-13 00:00:00,0.0170189999043941,22889143,0.0170200001448392,0.0159460008144378,0.0158539991825819,0.0170189999043941
2021-10-14 00:00:00,0.0169220007956028,13479356,0.0173620004206895,0.0169350001960992,0.0165650006383657,0.0169220007956028
2021-10-15 00:00:00,0.0158939994871616,21097055,0.0169220007956028,0.0169220007956028,0.0148870004341006,0.0158939994871616
2021-10-16 00:00:00,0.0160639993846416,30039831,0.0164010003209114,0.0158939994871616,0.015472000464797,0.0160639993846416
2021-10-17 00:00:00,0.0155560001730918,6388998,0.0161479990929365,0.0161479990929365,0.0153869995847344,0.0155560001730918
2021-10-18 00:00:00,0.015344999730587,6171408,0.0155680002644658,0.0155560001730918,0.0148090003058314,0.015344999730587
2021-10-19 00:00:00,0.0158169995993375,8600290,0.0158190000802278,0.015344999730587,0.0151770003139972,0.0158169995993375
2021-10-20 00:00:00,0.0159000009298324,6468658,0.0160709992051124,0.0157329998910427,0.0153949996456503,0.0159000009298324
2021-10-21 00:00:00,0.015625,11008066,0.0163199994713068,0.0158990006893873,0.0155039997771382,0.015625
2021-10-22 00:00:00,0.0163020007312297,11154671,0.0164199993014335,0.015625,0.015595999546349,0.0163020007312297
2021-10-23 00:00:00,0.01621999964118,3146656,0.0163860004395246,0.0163860004395246,0.0158789996057748,0.01621999964118
2021-10-24 00:00:00,0.0157939996570348,4879280,0.01638999953866,0.0161359999328851,0.0157089997082948,0.0157939996570348
2021-10-25 00:00:00,0.0159910004585981,3211841,0.0160780008882284,0.0157939996570348,0.0157030001282691,0.0159910004585981
2021-10-26 00:00:00,0.0156580004841089,4804970,0.0162480007857084,0.015990000218153,0.0155720002949237,0.0156580004841089
2021-10-27 00:00:00,0.0144980000331997,11064460,0.0158489998430013,0.0156580004841089,0.0135549996048212,0.0144980000331997
2021-10-28 00:00:00,0.0150610003620386,4779893,0.0150610003620386,0.0144149996340274,0.0136730000376701,0.0150610003620386
2021-10-29 00:00:00,0.0154050001874566,4148104,0.0154060004279017,0.0149739999324083,0.0147820003330707,0.0154050001874566
2021-10-30 00:00:00,0.0154090002179145,6017186,0.0154940001666545,0.0154050001874566,0.0148130003362894,0.0154090002179145
2021-10-31 00:00:00,0.0160050000995397,18089412,0.0161760002374649,0.0154940001666545,0.0147280003875494,0.0160050000995397
2021-11-01 00:00:00,0.015625,7502719,0.0160050000995397,0.0160050000995397,0.0151040004566311,0.015625
2021-11-02 00:00:00,0.0165389999747276,16251826,0.0167449992150068,0.015625,0.0154550001025199,0.0165389999747276
2021-11-03 00:00:00,0.017035000026226,22838948,0.0173610001802444,0.0166250001639127,0.0156500004231929,0.017035000026226
2021-11-04 00:00:00,0.0164429992437362,8097497,0.0171080008149147,0.0170310009270906,0.0162690002471208,0.0164429992437362
2021-11-05 00:00:00,0.0162540003657341,5733036,0.0166239999234676,0.0164429992437362,0.0160959996283054,0.0162540003657341
2021-11-06 00:00:00,0.0160799995064735,5812673,0.0164219997823238,0.0163380000740289,0.0157420001924037,0.0160799995064735
2021-11-07 00:00:00,0.0162480007857084,4843531,0.0163349993526935,0.0161649994552135,0.0159959997981786,0.0162480007857084
2021-11-08 00:00:00,0.0158220008015632,4604415,0.0163330007344484,0.0163330007344484,0.015727000311017,0.0158220008015632
2021-11-09 00:00:00,0.0162930004298686,5185998,0.0162930004298686,0.0158239994198083,0.0157459992915391,0.0162930004298686
2021-11-10 00:00:00,0.0155250001698732,5257204,0.0162940006703138,0.0162940006703138,0.0154400002211332,0.0155250001698732
2021-11-11 00:00:00,0.0157069992274045,5525962,0.0160739999264478,0.0156089998781681,0.0155290002003312,0.0157069992274045
2021-11-12 00:00:00,0.0155929997563362,3712231,0.0158740002661943,0.0156260002404451,0.0153419999405741,0.0155929997563362
2021-11-13 00:00:00,0.0161860007792711,2571352,0.0161860007792711,0.0155929997563362,0.015421999618411,0.0161860007792711
2021-11-14 00:00:00,0.0161029994487762,3085682,0.0161860007792711,0.0161860007792711,0.0154160000383853,0.0161029994487762
2021-11-15 00:00:00,0.0163029991090297,7425794,0.0163880009204149,0.0160189997404813,0.0157450009137392,0.0163029991090297
2021-11-16 00:00:00,0.0162959992885589,18718813,0.0166090000420808,0.0163029991090297,0.0153099996969103,0.0162959992885589
2021-11-17 00:00:00,0.0177619997411966,56631361,0.0180810000747442,0.016211999580264,0.0155250001698732,0.0177619997411966
2021-11-18 00:00:00,0.0157229993492364,34887637,0.0193910002708435,0.0178539995104074,0.0156369991600513,0.0157229993492364
2021-11-19 00:00:00,0.0162770003080368,11123843,0.0166159998625516,0.0157229993492364,0.0149389998987317,0.0162770003080368
2021-11-20 00:00:00,0.0168660003691911,15467041,0.0173630006611347,0.0162770003080368,0.0158750005066394,0.0168660003691911
2021-11-21 00:00:00,0.0166280008852481,7699679,0.0171169992536306,0.0171169992536306,0.0165270008146762,0.0166280008852481
2021-11-22 00:00:00,0.0163790006190538,15565838,0.0173220001161098,0.0166280008852481,0.0160930007696151,0.0163790006190538
2021-11-23 00:00:00,0.0162990000098943,14013319,0.0165839996188879,0.0163790006190538,0.0153940003365278,0.0162990000098943
2021-11-24 00:00:00,0.0164710003882646,17932341,0.0180830005556345,0.0162990000098943,0.0161320008337497,0.0164710003882646
2021-11-25 00:00:00,0.018402000889182,34623802,0.0192360002547502,0.0175790004432201,0.0166319999843835,0.018402000889182
2021-11-26 00:00:00,0.0165550000965595,25330933,0.0190420001745224,0.0183140002191066,0.0160530004650354,0.0165550000965595
2021-11-27 00:00:00,0.0172249991446733,10117991,0.0175550002604722,0.0165550000965595,0.0164090003818273,0.0172249991446733
2021-11-28 00:00:00,0.017060000449419,7221933,0.0173090007156133,0.0172249991446733,0.0161380004137754,0.017060000449419
2021-11-29 00:00:00,0.0172060001641511,6199659,0.0173710007220506,0.0169760007411241,0.0165950004011392,0.0172060001641511
2021-11-30 00:00:00,0.0170719996094703,13149001,0.0178270004689693,0.0171230006963014,0.0167369991540908,0.0170719996094703
2021-12-01 00:00:00,0.0170660000294446,5668269,0.0173870008438825,0.0169879999011755,0.0168769992887973,0.0170660000294446
2021-12-02 00:00:00,0.0172460004687309,9648762,0.0174870006740093,0.0170660000294446,0.0158070009201765,0.0172460004687309
2021-12-03 00:00:00,0.0162909999489784,6177939,0.0172460004687309,0.0172460004687309,0.0160399992018938,0.0162909999489784
2021-12-04 00:00:00,0.0139250000938773,17926663,0.0162920001894235,0.0162909999489784,0.0110719995573163,0.0139250000938773
2021-12-05 00:00:00,0.0133600002154707,5907991,0.0146040003746747,0.0140089998021721,0.0125789996236562,0.0133600002154707
2021-12-06 00:00:00,0.0136219998821616,7226434,0.013872000388801,0.0134450001642107,0.0117579996585845,0.0136219998821616
2021-12-07 00:00:00,0.0146099999547004,9949272,0.015358000062406,0.0136219998821616,0.0132740000262856,0.0146099999547004
2021-12-08 00:00:00,0.0146509995684027,4282711,0.0149529995396733,0.0146939996629953,0.0136970002204179,0.0146509995684027
2021-12-09 00:00:00,0.0134030003100633,3146622,0.0148870004341006,0.0145669998601078,0.0130890002474188,0.0134030003100633
2021-12-10 00:00:00,0.0135350003838539,2838351,0.0139009999111294,0.0135700004175305,0.0127020003274083,0.0135350003838539
2021-12-11 00:00:00,0.0136320004239678,1329757,0.0138010000810027,0.0135350003838539,0.0130289997905492,0.0136320004239678
2021-12-12 00:00:00,0.0132929999381303,2824145,0.0138010000810027,0.0136320004239678,0.012954999692738,0.0132929999381303
2021-12-13 00:00:00,0.0118899997323751,5564297,0.0133769996464252,0.0132079999893903,0.0112690003588795,0.0118899997323751
2021-12-14 00:00:00,0.0115529997274279,3533517,0.012093000113964,0.0118899997323751,0.0110830003395676,0.0115529997274279
2021-12-15 00:00:00,0.0124509995803236,2679270,0.012618999928236,0.0118890004232525,0.0112169999629259,0.0124509995803236
2021-12-16 00:00:00,0.0125540001317858,2871857,0.0127600003033876,0.0124509995803236,0.0122239999473094,0.0125540001317858
2021-12-17 00:00:00,0.0124180000275373,2102301,0.0130179999396204,0.0125540001317858,0.0121799996122717,0.0124180000275373
2021-12-18 00:00:00,0.012543000280857,1144698,0.0127109996974468,0.0124180000275373,0.012253999710083,0.012543000280857
2021-12-19 00:00:00,0.0125409997999668,1286506,0.012962999753654,0.012543000280857,0.0124589996412396,0.0125409997999668
2021-12-20 00:00:00,0.0118950000032782,4016990,0.0126289995387196,0.0125409997999668,0.0114080002531409,0.0118950000032782
2021-12-21 00:00:00,0.0119169997051358,4062815,0.0121640004217624,0.0118930004537105,0.0116710001602768,0.0119169997051358
2021-12-22 00:00:00,0.0121179996058344,3465520,0.012360000051558,0.0120820002630352,0.0118439998477697,0.0121179996058344
2021-12-23 00:00:00,0.0124829998239874,4098348,0.0126470001414418,0.0121179996058344,0.0119479997083544,0.0124829998239874
2021-12-24 00:00:00,0.012721000239253,7069772,0.0132330004125833,0.0125649999827146,0.0123929996043443,0.012721000239253
2021-12-25 00:00:00,0.012721000239253,1563427,0.0128889996558427,0.012721000239253,0.012551000341773,0.012721000239253
2021-12-26 00:00:00,0.0127370003610849,1764987,0.0129039995372295,0.012721000239253,0.0123840002343058,0.0127370003610849
2021-12-27 00:00:00,0.0127569995820522,2213620,0.0129220001399517,0.0128210000693798,0.012533999979496,0.0127569995820522
2021-12-28 00:00:00,0.0120440004393458,2531737,0.0128410002216696,0.0127510000020265,0.0118890004232525,0.0120440004393458
2021-12-29 00:00:00,0.0119009995833039,1539735,0.0122990002855658,0.0119629995897412,0.0117939999327063,0.0119009995833039
2021-12-30 00:00:00,0.0120149999856948,1245173,0.0121929999440908,0.0119850002229213,0.0117210000753402,0.0120149999856948
2021-12-31 00:00:00,0.0117920003831386,1585943,0.0121889999136328,0.0120090004056692,0.0116330003365874,0.0117920003831386
2022-01-01 00:00:00,0.0120440004393458,771536,0.0120479995384812,0.0117910001426935,0.0117790000513196,0.0120440004393458
2022-01-02 00:00:00,0.0125070000067353,5033545,0.0125759998336434,0.0120240002870559,0.0119110001251101,0.0125070000067353
2022-01-03 00:00:00,0.0124380001798272,4807997,0.0128380004316568,0.012508999556303,0.0123429996892809,0.0124380001798272
2022-01-04 00:00:00,0.0122769996523857,2422622,0.0124979997053742,0.012445000000298,0.011986999772489,0.0122769996523857
2022-01-05 00:00:00,0.0115890000015497,4076422,0.0124949999153614,0.0122680002823472,0.0113620003685355,0.0115890000015497
2022-01-06 00:00:00,0.0112530002370476,4265028,0.0117239998653531,0.011583000421524,0.0111589999869465,0.0112530002370476
2022-01-07 00:00:00,0.010870000347495,3337458,0.0114420000463724,0.0112619996070861,0.0105560002848505,0.010870000347495
2022-01-08 00:00:00,0.0106640001758933,1427147,0.0110120000317692,0.0108709996566176,0.0104040000587701,0.0106640001758933
2022-01-09 00:00:00,0.0107810003682971,1189737,0.0108519997447729,0.01067900005728,0.0105720004066824,0.0107810003682971
2022-01-10 00:00:00,0.0104539999738335,4188774,0.0109909996390342,0.0107659995555877,0.0100290002301335,0.0104539999738335
2022-01-11 00:00:00,0.0106370002031326,2848878,0.0107190003618597,0.0104409996420145,0.0101239997893571,0.0106370002031326
2022-01-12 00:00:00,0.0111069995909929,9988417,0.0112330000847578,0.0106410002335906,0.0105710001662373,0.0111069995909929
2022-01-13 00:00:00,0.0109879998490214,9083535,0.0116769997403025,0.0111210001632571,0.0109230000525712,0.0109879998490214
2022-01-14 00:00:00,0.0111300004646182,2720230,0.0111729996278882,0.0109780002385377,0.0108009995892643,0.0111300004646182
2022-01-15 00:00:00,0.0111360000446438,1040816,0.0111830001696944,0.011129000224173,0.0109479995444417,0.0111360000446438
2022-01-16 00:00:00,0.0112519999966025,778180,0.0113190002739429,0.0111239999532699,0.01101899985224,0.0112519999966025
2022-01-17 00:00:00,0.0108629995957016,1184668,0.0113129997625947,0.0112699996680021,0.0107019999995827,0.0108629995957016
2022-01-18 00:00:00,0.0106880003586411,1376500,0.0108930002897977,0.010874000377953,0.0104729998856782,0.0106880003586411
2022-01-19 00:00:00,0.0104390000924468,1410952,0.0107789998874068,0.0106880003586411,0.0102810002863407,0.0104390000924468
2022-01-20 00:00:00,0.0102169997990131,1141383,0.0109000001102685,0.0104170003905892,0.0101579995825886,0.0102169997990131
2022-01-21 00:00:00,0.0088120000436902,2335072,0.01025400031358,0.010165000334382,0.0085960002616047,0.0088120000436902
2022-01-22 00:00:00,0.0081139998510479,4311183,0.0089659998193383,0.0087970001623034,0.007244000211358,0.0081139998510479
2022-01-23 00:00:00,0.0083670001477003,1790465,0.0084739997982978,0.0081209996715188,0.0080709997564554,0.0083670001477003
2022-01-24 00:00:00,0.0076979999430477,2400630,0.0083699999377131,0.0083680003881454,0.0070369997993111,0.0076979999430477
2022-01-25 00:00:00,0.008016999810934,1944943,0.0082019995898008,0.0076990001834928,0.0071600000374019,0.008016999810934
2022-01-26 00:00:00,0.0080049997195601,4013603,0.0086639998480677,0.0080180000513792,0.0078530004248023,0.0080049997195601
2022-01-27 00:00:00,0.0082609998062253,2181433,0.0084699997678399,0.0080009996891021,0.0079749999567866,0.0082609998062253
2022-01-28 00:00:00,0.0084210000932216,1993485,0.0084520000964403,0.008293000049889,0.0080939996987581,0.0084210000932216
2022-01-29 00:00:00,0.0085950000211596,1696304,0.0087599996477365,0.0083410004153847,0.0083400001749396,0.0085950000211596
2022-01-30 00:00:00,0.0086610000580549,1213088,0.0087409997358918,0.0086759999394416,0.0083419997245073,0.0086610000580549
2022-01-31 00:00:00,0.008627999573946,2488450,0.0088330004364252,0.0086610000580549,0.0083339996635913,0.008627999573946
2022-02-01 00:00:00,0.0086380001157522,571015,0.008729999884963,0.008627999573946,0.0085310004651546,0.0086380001157522
2022-02-02 00:00:00,0.008658000268042,3007288,0.0090619996190071,0.008721999824047,0.0085580004379153,0.008658000268042
2022-02-03 00:00:00,0.009077999740839,5831852,0.0092489998787641,0.0086650000885128,0.0085509996861219,0.009077999740839
2022-02-04 00:00:00,0.0096709998324513,3601929,0.0097529999911785,0.009077999740839,0.0088290004059672,0.0096709998324513
2022-02-05 00:00:00,0.0100130001083016,5540260,0.0103460000827908,0.0096709998324513,0.0096709998324513,0.0100130001083016
2022-02-06 00:00:00,0.0100959995761513,3190908,0.010428000241518,0.0100130001083016,0.0097610000520944,0.0100959995761513
2022-02-07 00:00:00,0.0103620002046227,3404393,0.0104470001533627,0.0100959995761513,0.0098320003598928,0.0103620002046227
2022-02-08 00:00:00,0.0101039996370673,4738474,0.0106769995763897,0.0104449996724724,0.0094360001385211,0.0101039996370673
2022-02-09 00:00:00,0.0101250000298023,1961722,0.0102859996259212,0.0101039996370673,0.0097650000825524,0.0101250000298023
2022-02-10 00:00:00,0.0097540002316236,2279273,0.0102059999480843,0.0102049997076392,0.0095359999686479,0.0097540002316236
2022-02-11 00:00:00,0.0094050001353025,2003225,0.0099390000104904,0.0097470004111528,0.0091669997200369,0.0094050001353025
2022-02-12 00:00:00,0.009247999638319,2055370,0.0096650002524256,0.0094050001353025,0.00891700014472,0.009247999638319
2022-02-13 00:00:00,0.0092510003596544,1208278,0.0095009999349713,0.009247999638319,0.0091679999604821,0.0092510003596544
2022-02-14 00:00:00,0.0090180002152919,2015602,0.0093339998275041,0.0092510003596544,0.008751000277698,0.0090180002152919
2022-02-15 00:00:00,0.0094619998708367,1483223,0.0094630001112818,0.0090180002152919,0.0088579999282956,0.0094619998708367
2022-02-16 00:00:00,0.0092709995806217,2279082,0.0095419995486736,0.0094619998708367,0.0089360000565648,0.0092709995806217
2022-02-17 00:00:00,0.0086709996685385,2066317,0.0093510001897811,0.0092709995806217,0.0085079995915293,0.0086709996685385
2022-02-18 00:00:00,0.0086059998720884,1618976,0.008921000175178,0.0085909999907016,0.0083600003272295,0.0086059998720884
2022-02-19 00:00:00,0.0085300002247095,756996,0.0086850002408027,0.0086059998720884,0.0083290003240108,0.0085300002247095
2022-02-20 00:00:00,0.0084469998255372,1960570,0.0087799998000264,0.0085300002247095,0.008212000131607,0.0084469998255372
2022-02-21 00:00:00,0.0079380003735423,2182087,0.008627999573946,0.0083640003576874,0.0078819999471306,0.0079380003735423
2022-02-22 00:00:00,0.0081979995593428,5712159,0.0085089998319745,0.0079380003735423,0.0076939999125897,0.0081979995593428
2022-02-23 00:00:00,0.0080589996650815,2474353,0.0084809996187686,0.0081979995593428,0.0080099999904632,0.0080589996650815
2022-02-24 00:00:00,0.0079169999808073,14162563,0.0083839995786547,0.0080589996650815,0.0072860000655055,0.0079169999808073
2022-02-25 00:00:00,0.0085110003128647,7300963,0.0085939997807145,0.0079250000417232,0.0078959995880723,0.0085110003128647
2022-02-26 00:00:00,0.0086820004507899,2164901,0.0088390000164508,0.0085110003128647,0.0084290001541376,0.0086820004507899
2022-02-27 00:00:00,0.0084300003945827,3411522,0.0089330002665519,0.0087649999186396,0.0083469999954104,0.0084300003945827
2022-02-28 00:00:00,0.0089090000838041,2752074,0.0089910002425313,0.0084300003945827,0.008283999748528,0.0089090000838041
2022-03-01 00:00:00,0.0089600002393126,2955607,0.0090800002217292,0.0089090000838041,0.0087419999763369,0.0089600002393126
2022-03-02 00:00:00,0.0087240003049373,2200002,0.0091249998658895,0.0090429997071623,0.0086169997230172,0.0087240003049373
2022-03-03 00:00:00,0.0085340002551674,1275852,0.0088870003819465,0.0087240003049373,0.0083590000867843,0.0085340002551674
2022-03-04 00:00:00,0.0081740003079175,888886,0.0085340002551674,0.0085340002551674,0.0081740003079175,0.0081740003079175
2022-03-05 00:00:00,0.0082940002903342,742479,0.008382000029087,0.0082139996811747,0.0081510003656148,0.0082940002903342
2022-03-06 00:00:00,0.0082959998399019,1310241,0.0083790002390742,0.0082940002903342,0.0081190001219511,0.0082959998399019
2022-03-07 00:00:00,0.0081169996410608,5180882,0.0085359998047351,0.0082139996811747,0.0079169999808073,0.0081169996410608
2022-03-08 00:00:00,0.0082679996266961,3614765,0.0083670001477003,0.0081169996410608,0.0080960001796484,0.0082679996266961
2022-03-09 00:00:00,0.0085009997710585,2753392,0.0085009997710585,0.0082679996266961,0.0081049995496869,0.0085009997710585
2022-03-10 00:00:00,0.0081380000337958,2078046,0.0085009997710585,0.0084199998527765,0.0080930003896355,0.0081380000337958
2022-03-11 00:00:00,0.0080829998478293,1202168,0.0082499999552965,0.0081380000337958,0.0080650001764297,0.0080829998478293
2022-03-12 00:00:00,0.0082440003752708,982536,0.0083950003609061,0.0081599997356534,0.0080819996073842,0.0082440003752708
2022-03-13 00:00:00,0.0080690002068877,819840,0.0082440003752708,0.0081630004569888,0.0080429995432496,0.0080690002068877
2022-03-14 00:00:00,0.0083710001781582,4444481,0.0085619995370507,0.0080610001459717,0.0080190002918243,0.0083710001781582
2022-03-15 00:00:00,0.0081340000033378,3559614,0.0085310004651546,0.0082900002598762,0.0080300001427531,0.0081340000033378
2022-03-16 00:00:00,0.0083360001444816,1686945,0.0084180003032088,0.0081340000033378,0.0080549996346235,0.0083360001444816
2022-03-17 00:00:00,0.0085039995610713,4108650,0.0088170003145933,0.0084990002214908,0.0082539999857544,0.0085039995610713
2022-03-18 00:00:00,0.0085690002888441,2742669,0.008666000328958,0.008585000410676,0.0083100004121661,0.0085690002888441
2022-03-19 00:00:00,0.008751000277698,3485492,0.0088330004364252,0.008648999966681,0.0084180003032088,0.008751000277698
2022-03-20 00:00:00,0.0085070002824068,2058757,0.0088330004364252,0.0086679998785257,0.0085060000419616,0.0085070002824068
2022-03-21 00:00:00,0.0085340002551674,1837483,0.0086709996685385,0.0085890004411339,0.0084549998864531,0.0085340002551674
2022-03-22 00:00:00,0.0088029997423291,3815157,0.0089379996061325,0.0085340002551674,0.0085330000147223,0.0088029997423291
2022-03-23 00:00:00,0.0089410003274679,2455262,0.0090309996157884,0.0088029997423291,0.0087209995836019,0.0089410003274679
2022-03-24 00:00:00,0.0091040004044771,2631775,0.0091829998418688,0.0089410003274679,0.0087839998304843,0.0091040004044771
2022-03-25 00:00:00,0.0090570002794265,3691313,0.0093400003388524,0.0091810002923011,0.008895999751985,0.0090570002794265
2022-03-26 00:00:00,0.0095469998195767,4304167,0.0096279997378587,0.0091380001977086,0.0088940002024173,0.0095469998195767
2022-03-27 00:00:00,0.0102000003680586,27288178,0.0107699995860457,0.0095469998195767,0.0095469998195767,0.0102000003680586
2022-03-28 00:00:00,0.0102049997076392,6725907,0.0105259995907545,0.0102819995954632,0.0100370002910494,0.0102049997076392
2022-03-29 00:00:00,0.0108310002833604,22858859,0.0115029998123645,0.0102850003167986,0.0102850003167986,0.0108310002833604
2022-03-30 00:00:00,0.0109780002385377,6202917,0.0111429998651146,0.0108310002833604,0.010335000231862,0.0109780002385377
2022-03-31 00:00:00,0.0112730003893375,15158509,0.0116389999166131,0.0109780002385377,0.0108009995892643,0.0112730003893375
2022-04-01 00:00:00,0.0123800002038478,103288354,0.0134920002892613,0.0113549996167421,0.0113549996167421,0.0123800002038478
2022-04-02 00:00:00,0.0130350003018975,88457790,0.0151650002226233,0.0123800002038478,0.0118890004232525,0.0130350003018975
2022-04-03 00:00:00,0.0126259997487068,12225896,0.0136089995503425,0.0132809998467564,0.0119700003415346,0.0126259997487068
2022-04-04 00:00:00,0.012012000195682,7989376,0.0127069996669888,0.0126250004395842,0.0114200003445148,0.012012000195682
2022-04-05 00:00:00,0.0121339997276663,16882960,0.0129159996286034,0.0119310002774,0.0118500003591179,0.0121339997276663
2022-04-06 00:00:00,0.0105870002880692,5311891,0.0121419997885823,0.0121339997276663,0.010505000129342,0.0105870002880692
2022-04-07 00:00:00,0.0110349999740719,13552063,0.0114070000126957,0.0105870002880692,0.0105870002880692,0.0110349999740719
2022-04-08 00:00:00,0.0109040001407265,3078434,0.0112840002402663,0.0111170001327991,0.0108249997720122,0.0109040001407265
2022-04-09 00:00:00,0.0109029999002814,1569004,0.0109850000590085,0.0109820002689957,0.0105860000476241,0.0109029999002814
2022-04-10 00:00:00,0.0109810000285506,1300548,0.0111450003460049,0.0109029999002814,0.0108179999515414,0.0109810000285506
2022-04-11 00:00:00,0.0098729999735951,4079334,0.0112250000238418,0.0110619999468326,0.0097930002957582,0.0098729999735951
2022-04-12 00:00:00,0.0104210004210472,4624405,0.0104999998584389,0.0098729999735951,0.0093700001016259,0.0104210004210472
2022-04-13 00:00:00,0.0107909999787807,5409707,0.0109240002930164,0.0104989996179938,0.0101840002462267,0.0107909999787807
2022-04-14 00:00:00,0.0106319999322295,2762659,0.0110370004549622,0.0108730001375079,0.0103150000795722,0.0106319999322295
2022-04-15 00:00:00,0.0106549998745322,1826033,0.0107359997928142,0.0106319999322295,0.0102390004321932,0.0106549998745322
2022-04-16 00:00:00,0.010491999797523,1810623,0.0108200004324316,0.0107359997928142,0.010491999797523,0.010491999797523
2022-04-17 00:00:00,0.0101680001243948,1950801,0.0107340002432465,0.010491999797523,0.0101680001243948,0.0101680001243948
2022-04-18 00:00:00,0.0101169999688863,2583980,0.0103299999609589,0.0101680001243948,0.009519999846816,0.0101169999688863
2022-04-19 00:00:00,0.0102430004626512,1726265,0.0103240003809332,0.0101169999688863,0.0098670003935694,0.0102430004626512
2022-04-20 00:00:00,0.0115019995719194,29313003,0.0115860002115368,0.0102430004626512,0.0102430004626512,0.0115019995719194
2022-04-21 00:00:00,0.0106229996308684,9538421,0.0114209996536374,0.0114209996536374,0.0106149995699524,0.0106229996308684
2022-04-22 00:00:00,0.0103690000250935,3660102,0.0108639998361468,0.0106229996308684,0.0101849995553493,0.0103690000250935
2022-04-23 00:00:00,0.0102049997076392,1989242,0.0104489997029304,0.0104480003938078,0.0101290000602602,0.0102049997076392
2022-04-24 00:00:00,0.0110910004004836,13491655,0.011490000411868,0.0102850003167986,0.0101250000298023,0.0110910004004836
2022-04-25 00:00:00,0.010317999869585,21846376,0.0114930002018809,0.0109310001134872,0.0096909999847412,0.010317999869585
2022-04-26 00:00:00,0.0100729996338486,11666855,0.0108909998089075,0.010317999869585,0.0098379999399185,0.0100729996338486
2022-04-27 00:00:00,0.0101870000362396,6969072,0.0105750001966953,0.0100729996338486,0.0097399996593594,0.0101870000362396
2022-04-28 00:00:00,0.0102169997990131,6253837,0.0105020003393292,0.0101870000362396,0.009881000034511,0.0102169997990131
2022-04-29 00:00:00,0.0099719995632767,4024858,0.0106089999899268,0.0102169997990131,0.0099330004304647,0.0099719995632767
2022-04-30 00:00:00,0.0094950003549456,2350261,0.0102430004626512,0.0099719995632767,0.0093379998579621,0.0094950003549456
2022-05-01 00:00:00,0.0093390000984072,2633083,0.0097310002893209,0.0094170002266764,0.0087069999426603,0.0093390000984072
2022-05-02 00:00:00,0.0091399997472763,2232961,0.0094969999045133,0.0092599997296929,0.0088440002873539,0.0091399997472763
2022-05-03 00:00:00,0.0088759995996952,1212037,0.0091380001977086,0.0091350004076957,0.0088759995996952,0.0088759995996952
2022-05-04 00:00:00,0.0094830002635717,2319033,0.0095800003036856,0.0088759995996952,0.0087940003722906,0.0094830002635717
2022-05-05 00:00:00,0.00857700034976,3058623,0.0096359997987747,0.0095779998227953,0.0084520000964403,0.00857700034976
2022-05-06 00:00:00,0.0084990002214908,2814303,0.0086570000275969,0.0086540002375841,0.0079410001635551,0.0084990002214908
2022-05-07 00:00:00,0.0081770000979304,1300285,0.0084990002214908,0.0084979999810457,0.0080949999392032,0.0081770000979304
2022-05-08 00:00:00,0.0079450001940131,1287732,0.0081799998879432,0.008101999759674,0.007864000275731,0.0079450001940131
2022-05-09 00:00:00,0.0070679998025298,3307418,0.0083330003544688,0.0079450001940131,0.0070500001311302,0.0070679998025298
2022-05-10 00:00:00,0.0071290000341832,3384622,0.007949000224471,0.0070580001920461,0.0065910001285374,0.0071290000341832
2022-05-11 00:00:00,0.0063169999048113,8342247,0.0077929999679327,0.0071680000983178,0.0059650000184774,0.0063169999048113
2022-05-12 00:00:00,0.0054310001432895,2582333,0.0065549998544156,0.0063169999048113,0.0049580000340938,0.0054310001432895
2022-05-13 00:00:00,0.0060109999030828,2749003,0.0062460000626742,0.0054299999028444,0.0053389999084174,0.0060109999030828
2022-05-14 00:00:00,0.0063930000178515,2367613,0.0065939999185502,0.0060259997844696,0.005826000124216,0.0063930000178515
2022-05-15 00:00:00,0.0068109999410808,4164498,0.0068649998866021,0.0063999998383224,0.0062640001997351,0.0068109999410808
2022-05-16 00:00:00,0.0062819998711347,1760462,0.0069650001823902,0.0068190000019967,0.0062330001965165,0.0062819998711347
2022-05-17 00:00:00,0.006519999820739,1681158,0.0066990000195801,0.0062819998711347,0.0062440000474452,0.006519999820739
2022-05-18 00:00:00,0.0058809998445212,1179085,0.0065210000611841,0.0065049999393522,0.0058729997836053,0.0058809998445212
2022-05-19 00:00:00,0.0061630001291632,1003886,0.0061769997701048,0.0058670002035796,0.0055650002323091,0.0061630001291632
2022-05-20 00:00:00,0.006006000097841,863641,0.0061639999039471,0.0061550000682473,0.0058729997836053,0.006006000097841
2022-05-21 00:00:00,0.0060600000433623,572991,0.0060990001074969,0.0060129999183118,0.0057600000873208,0.0060600000433623
2022-05-22 00:00:00,0.0066340002231299,4342817,0.0066880001686513,0.0060600000433623,0.0060069998726248,0.0066340002231299
2022-05-23 00:00:00,0.0063269999809563,3177881,0.0069309999234974,0.0066340002231299,0.0062040002085268,0.0063269999809563
2022-05-24 00:00:00,0.0064389999024569,3341617,0.0067179999314248,0.0063269999809563,0.0059360000304877,0.0064389999024569
2022-05-25 00:00:00,0.0062919999472796,1203597,0.0064469999633729,0.0064400001429021,0.0059659997932612,0.0062919999472796
2022-05-26 00:00:00,0.0060780001804232,1713652,0.0064659998752176,0.0062919999472796,0.0058349999599158,0.0060780001804232
2022-05-27 00:00:00,0.0059580001980066,2357248,0.0063559999689459,0.0060709998942911,0.0058619999326765,0.0059580001980066
2022-05-28 00:00:00,0.0059600002132356,389677,0.0060350000858306,0.0059670000337064,0.0058949999511241,0.0059600002132356
2022-05-29 00:00:00,0.0060780001804232,880467,0.0061090001836419,0.0059600002132356,0.0059460001066327,0.0060780001804232
2022-05-30 00:00:00,0.0064440001733601,1913862,0.0065060001797974,0.0060709998942911,0.0059949997812509,0.0064440001733601
2022-05-31 00:00:00,0.0063339998014271,2146204,0.0066249999217689,0.0064750001765787,0.0062540001235902,0.0063339998014271
2022-06-01 00:00:00,0.0063559999689459,3631466,0.0066820001229643,0.0063729998655617,0.0062210001051425,0.0063559999689459
2022-06-02 00:00:00,0.0066689997911453,35928461,0.0080669997259974,0.0063800001516938,0.0061010001227259,0.0066689997911453
2022-06-03 00:00:00,0.0064380001276731,8322983,0.006965999957174,0.0066689997911453,0.0063049998134374,0.0064380001276731
2022-06-04 00:00:00,0.0064469999633729,2403718,0.0066729998216032,0.0064380001276731,0.0063109998591244,0.0064469999633729
2022-06-05 00:00:00,0.0065990001894533,2958371,0.0066619999706745,0.0064550000242888,0.0063430001027882,0.0065990001894533
2022-06-06 00:00:00,0.0066630002111196,3332680,0.0067839999683201,0.0065990001894533,0.0065680001862347,0.0066630002111196
2022-06-07 00:00:00,0.0064570000395178,2010767,0.0066860001534223,0.0066630002111196,0.0062879999168217,0.0064570000395178
2022-06-08 00:00:00,0.0063450001180171,1038261,0.0065150000154972,0.0064570000395178,0.0063169999048113,0.0063450001180171
2022-06-09 00:00:00,0.0064539997838437,4662479,0.0066439998336136,0.0063450001180171,0.006337999831885,0.0064539997838437
2022-06-10 00:00:00,0.0059870001859962,1702393,0.0064469999633729,0.0064469999633729,0.0058769998140633,0.0059870001859962
2022-06-11 00:00:00,0.0058599999174475,2568901,0.0062850001268088,0.0059850001707673,0.0056449999101459,0.0058599999174475
2022-06-12 00:00:00,0.0054069999605417,1007109,0.0059139998629689,0.0058760000392794,0.005291000008583,0.0054069999605417
2022-06-13 00:00:00,0.0044780001044273,2771871,0.0056099998764693,0.005384000018239,0.0043279998935759,0.0044780001044273
2022-06-14 00:00:00,0.004408000037074,2727135,0.0045320000499486,0.0044849999248981,0.0039590001106262,0.004408000037074
2022-06-15 00:00:00,0.0046430001966655,2008746,0.0046950001269578,0.0043930001556873,0.0040049999952316,0.0046430001966655
2022-06-16 00:00:00,0.0042079999111592,5304118,0.0051279999315738,0.0046430001966655,0.0041769999079406,0.0042079999111592
2022-06-17 00:00:00,0.0044280001893639,2441074,0.0046160002239048,0.0041999998502433,0.0041700000874698,0.0044280001893639
2022-06-18 00:00:00,0.004311999771744,3204487,0.004749999847263,0.0044280001893639,0.0041020000353455,0.004311999771744
2022-06-19 00:00:00,0.0044430000707507,1830615,0.0044880001805722,0.0042889998294413,0.0040339999832212,0.0044430000707507
2022-06-20 00:00:00,0.0044789998792111,2196351,0.0045250002294778,0.0044510001316666,0.0043049999512732,0.0044789998792111
2022-06-21 00:00:00,0.0047079999931156,2760380,0.004844999872148,0.0045119998976588,0.0044280001893639,0.0047079999931156
2022-06-22 00:00:00,0.0046009998768568,2315955,0.0047900001518428,0.0046930001117289,0.0045349998399615,0.0046009998768568
2022-06-23 00:00:00,0.0047320001758635,1693435,0.0047470000572502,0.0046009998768568,0.0045949998311698,0.0047320001758635
2022-06-24 00:00:00,0.0048779998905956,1678956,0.0048919999971985,0.0047320001758635,0.0046509997919201,0.0048779998905956
2022-06-25 00:00:00,0.0048710000701248,1448076,0.0049859997816383,0.0048859999515116,0.0047160000540316,0.0048710000701248
2022-06-26 00:00:00,0.0047389999963343,1353920,0.004923999775201,0.0048630000092089,0.0047389999963343,0.0047389999963343
2022-06-27 00:00:00,0.0048500001430511,2624670,0.0048739998601377,0.0047240001149475,0.0047160000540316,0.0048500001430511
2022-06-28 00:00:00,0.0047969999723136,1769054,0.0049569997936487,0.0048420000821352,0.0047490000724792,0.0047969999723136
2022-06-29 00:00:00,0.0046299998648464,947351,0.0048030000180006,0.0047969999723136,0.0045460001565515,0.0046299998648464
2022-06-30 00:00:00,0.0044610002078115,1440332,0.0047129997983574,0.0046299998648464,0.0042550000362098,0.0044610002078115
2022-07-01 00:00:00,0.0044700000435113,1255922,0.0046330001205205,0.0044490001164376,0.0043390002101659,0.0044700000435113
2022-07-02 00:00:00,0.0046500000171363,7268697,0.004846999887377,0.0044700000435113,0.0044430000707507,0.0046500000171363
2022-07-03 00:00:00,0.0047039999626576,6077739,0.0049649998545646,0.0046569998376071,0.0046270000748336,0.0047039999626576
2022-07-04 00:00:00,0.0046620001085102,1399344,0.0047109997831285,0.0047039999626576,0.0043959999457001,0.0046620001085102
2022-07-05 00:00:00,0.0045230002142488,749823,0.004672999959439,0.0046620001085102,0.0044450000859797,0.0045230002142488
2022-07-06 00:00:00,0.0046190000139176,1180983,0.0046339998953044,0.0045230002142488,0.0045079998672008,0.0046190000139176
2022-07-07 00:00:00,0.0046970001421868,670851,0.0047200000844895,0.0046179997734725,0.0045750001445412,0.0046970001421868
2022-07-08 00:00:00,0.0047430000267922,1514951,0.0047510000877082,0.0046970001421868,0.0046219998039305,0.0047430000267922
2022-07-09 00:00:00,0.0049189999699592,9087294,0.0051850001327693,0.0047430000267922,0.0046999999321997,0.0049189999699592
2022-07-10 00:00:00,0.0048890002071857,12786996,0.0053360001184046,0.0049120001494884,0.0048810001462697,0.0048890002071857
2022-07-11 00:00:00,0.0045289997942745,1617499,0.0049729999154806,0.0048960000276565,0.0044849999248981,0.0045289997942745
2022-07-12 00:00:00,0.0043730000033974,1258499,0.0045639998279511,0.0045219999738037,0.0043480000458657,0.0043730000033974
2022-07-13 00:00:00,0.0044450000859797,1663812,0.0044909999705851,0.0043730000033974,0.0042500002309679,0.0044450000859797
2022-07-14 00:00:00,0.0044060000218451,682760,0.0044450000859797,0.0044450000859797,0.0042849997989833,0.0044060000218451
2022-07-15 00:00:00,0.0044780001044273,2218475,0.0045380000956356,0.0044060000218451,0.0043489998206496,0.0044780001044273
2022-07-16 00:00:00,0.0045790001749992,3521429,0.0047200000844895,0.0044889999553561,0.0044749998487532,0.0045790001749992
2022-07-17 00:00:00,0.0045790001749992,2395553,0.0047360002063214,0.0045790001749992,0.0045639998279511,0.0045790001749992
2022-07-18 00:00:00,0.004751999862492,3379979,0.0047590001486241,0.0045869997702538,0.004579999949783,0.004751999862492
2022-07-19 00:00:00,0.0049330000765621,4166099,0.0049629998393356,0.0047450000420212,0.0046580000780522,0.0049330000765621
2022-07-20 00:00:00,0.00475599989295,3640322,0.005036000162363,0.0049479999579489,0.0046890000812709,0.00475599989295
2022-07-21 00:00:00,0.0047989999875426,1424998,0.0048210001550614,0.0047709997743368,0.0045989998616278,0.0047989999875426
2022-07-22 00:00:00,0.0047309999354183,1527075,0.0048179998993873,0.0047989999875426,0.0046939998865127,0.0047309999354183
2022-07-23 00:00:00,0.0047439998015761,658759,0.0047760000452399,0.0047309999354183,0.0046540000475943,0.0047439998015761
2022-07-24 00:00:00,0.0047360002063214,610420,0.0047840001061558,0.0047439998015761,0.0046999999321997,0.0047360002063214
2022-07-25 00:00:00,0.0045159999281167,928597,0.0047439998015761,0.0047369999811053,0.0045150001533329,0.0045159999281167
2022-07-26 00:00:00,0.0045509999617934,904837,0.0046140002086758,0.0045230002142488,0.0044350000098347,0.0045509999617934
2022-07-27 00:00:00,0.0047109997831285,1233035,0.0047320001758635,0.004579999949783,0.004499000031501,0.0047109997831285
2022-07-28 00:00:00,0.0048710000701248,1597365,0.0048710000701248,0.0047109997831285,0.00467099994421,0.0048710000701248
2022-07-29 00:00:00,0.004838999826461,1796920,0.0048870001919567,0.0048619997687637,0.0047510000877082,0.004838999826461
2022-07-30 00:00:00,0.0048630000092089,1894759,0.0049859997816383,0.004838999826461,0.0048099998384714,0.0048630000092089
2022-07-31 00:00:00,0.0049870000220835,7189893,0.0053920000791549,0.0048630000092089,0.0048170001246035,0.0049870000220835
2022-08-01 00:00:00,0.0060720001347362,239986970,0.0077519998885691,0.0049870000220835,0.0049330000765621,0.0060720001347362
2022-08-02 00:00:00,0.0052319997921586,17248268,0.0062930001877248,0.0060569997876882,0.0052319997921586,0.0052319997921586
2022-08-03 00:00:00,0.0051750000566244,5849285,0.0053679998964071,0.0052240001969039,0.0050039999186992,0.0051750000566244
2022-08-04 00:00:00,0.0051389997825026,2366866,0.0052510001696646,0.0051730000413954,0.0050840000621974,0.0051389997825026
2022-08-05 00:00:00,0.0052510001696646,8497824,0.0055530001409351,0.0051469998434185,0.0051299999468028,0.0052510001696646
2022-08-06 00:00:00,0.0052899997681379,2214094,0.0053090001456439,0.0052510001696646,0.0051939999684691,0.0052899997681379
2022-08-07 00:00:00,0.0053209997713565,1518421,0.0053349998779594,0.0052899997681379,0.0052149998955428,0.0053209997713565
2022-08-08 00:00:00,0.0053309998475015,2241580,0.0053500002250075,0.0053139999508857,0.0052450001239776,0.0053309998475015
2022-08-09 00:00:00,0.0051739998161792,1736895,0.0053380001336336,0.0053300000727176,0.0050719999708235,0.0051739998161792
2022-08-10 00:00:00,0.0059320000000298,173814742,0.0070480001159012,0.0051669999957084,0.005121000111103,0.0059320000000298
2022-08-11 00:00:00,0.0058599999174475,70821531,0.0067400000989437,0.0059239999391138,0.0056469999253749,0.0058599999174475
2022-08-12 00:00:00,0.0059690000489354,9995612,0.0061900001019239,0.0058659999631345,0.0057359999045729,0.0059690000489354
2022-08-13 00:00:00,0.0059420000761747,3050684,0.0059890002012252,0.0059690000489354,0.0058849998749792,0.0059420000761747
2022-08-14 00:00:00,0.0060270000249147,12827716,0.0062710000202059,0.0059349997900426,0.0059270001947879,0.0060270000249147
2022-08-15 00:00:00,0.0058430000208318,3471780,0.0060419999063014,0.0060350000858306,0.0058209998533129,0.0058430000208318
2022-08-16 00:00:00,0.0057529998011887,2516184,0.0059380000457167,0.0058499998413026,0.0056650000624358,0.0057529998011887
2022-08-17 00:00:00,0.0056469999253749,2666618,0.0058439997956156,0.0057529998011887,0.0055990000255405,0.0056469999253749
2022-08-18 00:00:00,0.0056949998252093,13471095,0.0060510002076625,0.005654000211507,0.0056380000896751,0.0056949998252093
2022-08-19 00:00:00,0.0053249998018145,29698888,0.0061079999431967,0.0056949998252093,0.005204000044614,0.0053249998018145
2022-08-20 00:00:00,0.0055990000255405,37307682,0.0059969997964799,0.0053260000422596,0.0053179999813437,0.0055990000255405
2022-08-21 00:00:00,0.0055990000255405,4531951,0.0056440001353621,0.0056210001930594,0.0053900000639259,0.0055990000255405
2022-08-22 00:00:00,0.0055769998580217,5099394,0.0057020001113414,0.0056059998460114,0.005291000008583,0.0055769998580217
2022-08-23 00:00:00,0.0055200001224875,4307549,0.0056130001321434,0.0056059998460114,0.0053889998234808,0.0055200001224875
2022-08-24 00:00:00,0.0056759999133646,25667601,0.0059830001555383,0.0055129998363554,0.0054440000094473,0.0056759999133646
2022-08-25 00:00:00,0.0057919998653233,7896466,0.0058539998717606,0.0056759999133646,0.005638999864459,0.0057919998653233
2022-08-26 00:00:00,0.0057509997859597,11762188,0.0060390001162886,0.0057839998044073,0.0056529999710619,0.0057509997859597
2022-08-27 00:00:00,0.0058169998228549,4106892,0.0058630001731216,0.0057509997859597,0.0056619998067617,0.0058169998228549
2022-08-28 00:00:00,0.0058479998260736,10236243,0.0060479999519884,0.0058169998228549,0.0057350001297891,0.0058479998260736
2022-08-29 00:00:00,0.0061119999736547,6298923,0.0061119999736547,0.0058699999935925,0.0057819997891783,0.0061119999736547
2022-08-30 00:00:00,0.006258999928832,59341425,0.0069829998537898,0.0061119999736547,0.0060160001739859,0.006258999928832
2022-08-31 00:00:00,0.0061510000377893,12855203,0.0065109999850392,0.0062739998102188,0.0060519999824464,0.0061510000377893
2022-09-01 00:00:00,0.0059059998020529,6010023,0.0061510000377893,0.0061510000377893,0.0057080001570284,0.0059059998020529
2022-09-02 00:00:00,0.0058019999414682,2703584,0.0059059998020529,0.0059059998020529,0.0057479999959468,0.0058019999414682
2022-09-03 00:00:00,0.005836000200361,6815776,0.0060109999030828,0.0058090002276003,0.0058019999414682,0.005836000200361
2022-09-04 00:00:00,0.005717999767512,2845179,0.0058570001274347,0.005836000200361,0.0056599997915327,0.005717999767512
2022-09-05 00:00:00,0.0056969998404383,8495537,0.0058220000937581,0.0057040001265704,0.0055599999614059,0.0056969998404383
2022-09-06 00:00:00,0.0055040000006556,18031178,0.0060169999487698,0.0056759999133646,0.0054680001921951,0.0055040000006556
2022-09-07 00:00:00,0.0055510001257061,5901206,0.0055869999341666,0.0055189998820424,0.0052280002273619,0.0055510001257061
2022-09-08 00:00:00,0.0056599997915327,4631585,0.0056889997795224,0.0055510001257061,0.0054230000823736,0.0056599997915327
2022-09-09 00:00:00,0.0058030001819133,4761015,0.0058539998717606,0.0056599997915327,0.0056179999373853,0.0058030001819133
2022-09-10 00:00:00,0.0057540000416338,2436980,0.0058030001819133,0.0058030001819133,0.005638999864459,0.0057540000416338
2022-09-11 00:00:00,0.0058690002188086,7546893,0.0059340000152587,0.005747000221163,0.0056460001505911,0.0058690002188086
2022-09-12 00:00:00,0.0058349999599158,4413632,0.0059199999086558,0.0058760000392794,0.0057520000264048,0.0058349999599158
2022-09-13 00:00:00,0.0053599998354911,5581325,0.005828000139445,0.005828000139445,0.0052809999324381,0.0053599998354911
2022-09-14 00:00:00,0.0054199998266994,4271588,0.0054959999397397,0.0052880002185702,0.0052880002185702,0.0054199998266994
2022-09-15 00:00:00,0.0052579999901354,1885744,0.0054339999333024,0.0054199998266994,0.0052109998650848,0.0052579999901354
2022-09-16 00:00:00,0.005291000008583,1254350,0.0053039998747408,0.0052510001696646,0.0051919999532401,0.005291000008583
2022-09-17 00:00:00,0.0053209997713565,1638036,0.0053909998387098,0.00529700005427,0.0052649998106062,0.0053209997713565
2022-09-18 00:00:00,0.0049809999763965,3102290,0.0054350001737475,0.0053209997713565,0.0049230000004172,0.0049809999763965
2022-09-19 00:00:00,0.0049700001254677,2205102,0.0050099999643862,0.0049740001559257,0.0046720001846551,0.0049700001254677
2022-09-20 00:00:00,0.0047940001823008,1555197,0.0049640000797808,0.0049629998393356,0.0047140000388026,0.0047940001823008
2022-09-21 00:00:00,0.0047430000267922,2132956,0.0049069998785853,0.0047869998961687,0.004676999989897,0.0047430000267922
2022-09-22 00:00:00,0.0048830001614987,8267526,0.0050099999643862,0.0047340001910924,0.0047120000235736,0.0048830001614987
2022-09-23 00:00:00,0.0048549999482929,6413419,0.0051070000045001,0.0048830001614987,0.0047889999113976,0.0048549999482929
2022-09-24 00:00:00,0.0049000000581145,5472325,0.0050719999708235,0.0048560001887381,0.0048480001278221,0.0049000000581145
2022-09-25 00:00:00,0.0048139998689293,1288909,0.0049549997784197,0.0049000000581145,0.0047900001518428,0.0048139998689293
2022-09-26 00:00:00,0.0046990001574158,1617696,0.0048210001550614,0.0048210001550614,0.0045630000531673,0.0046990001574158
2022-09-27 00:00:00,0.0047010001726448,1552210,0.0047969999723136,0.0047019999474287,0.0046069999225437,0.0047010001726448
2022-09-28 08:56:00,0.004580823238939,1492910,0.0046944143250584,0.0046815345995128,0.004550923127681,0.004580823238939
